# Temperatura_=_71.1
# Concentracion g/m^3_=_18600.0
# C_Vs_to_Am_M_A/Vsm_=_65563218390.804596
# pendiente_HvsI_1/m_=_3716.3
# ordenada_HvsI_A/m_=_1297.0
# frecuencia_Hz_=_310763.54622212687

Tiempo_(s)	Campo_(V.s)	Magnetizacion_(V.s)	Campo_(kA/m)	Magnetizacion_(A/m)
0.000000e+00	-7.955079e-06	-1.263408e-08	-5.692661e+01	-8.297557e+02
1.000000e-08	-7.950786e-06	-1.262843e-08	-5.689589e+01	-8.293962e+02
2.000000e-08	-7.943826e-06	-1.261887e-08	-5.684608e+01	-8.288972e+02
3.000000e-08	-7.934090e-06	-1.261450e-08	-5.677641e+01	-8.282726e+02
4.000000e-08	-7.921344e-06	-1.260666e-08	-5.668520e+01	-8.275365e+02
5.000000e-08	-7.905485e-06	-1.259431e-08	-5.657171e+01	-8.266968e+02
6.000000e-08	-7.886773e-06	-1.256875e-08	-5.643781e+01	-8.257523e+02
7.000000e-08	-7.865618e-06	-1.253345e-08	-5.628642e+01	-8.246955e+02
8.000000e-08	-7.841727e-06	-1.260080e-08	-5.611546e+01	-8.235180e+02
9.000000e-08	-7.814505e-06	-1.262948e-08	-5.592066e+01	-8.222176e+02
1.000000e-07	-7.783973e-06	-1.253873e-08	-5.570217e+01	-8.208024e+02
1.100000e-07	-7.750373e-06	-1.249753e-08	-5.546173e+01	-8.192900e+02
1.200000e-07	-7.713865e-06	-1.249876e-08	-5.520048e+01	-8.177033e+02
1.300000e-07	-7.674854e-06	-1.245349e-08	-5.492131e+01	-8.160639e+02
1.400000e-07	-7.633552e-06	-1.230314e-08	-5.462575e+01	-8.143861e+02
1.500000e-07	-7.589613e-06	-1.238419e-08	-5.431133e+01	-8.126733e+02
1.600000e-07	-7.542732e-06	-1.238961e-08	-5.397585e+01	-8.109192e+02
1.700000e-07	-7.493015e-06	-1.224944e-08	-5.362007e+01	-8.091100e+02
1.800000e-07	-7.440321e-06	-1.235868e-08	-5.324299e+01	-8.072283e+02
1.900000e-07	-7.384576e-06	-1.225312e-08	-5.284408e+01	-8.052552e+02
2.000000e-07	-7.325972e-06	-1.219656e-08	-5.242471e+01	-8.031705e+02
2.100000e-07	-7.264564e-06	-1.217000e-08	-5.198527e+01	-8.009517e+02
2.200000e-07	-7.200441e-06	-1.209062e-08	-5.152641e+01	-7.985729e+02
2.300000e-07	-7.133461e-06	-1.212090e-08	-5.104710e+01	-7.960060e+02
2.400000e-07	-7.063573e-06	-1.201926e-08	-5.054698e+01	-7.932240e+02
2.500000e-07	-6.990942e-06	-1.200265e-08	-5.002724e+01	-7.902064e+02
2.600000e-07	-6.915423e-06	-1.194094e-08	-4.948682e+01	-7.869438e+02
2.700000e-07	-6.836987e-06	-1.189123e-08	-4.892553e+01	-7.834403e+02
2.800000e-07	-6.755721e-06	-1.181777e-08	-4.834399e+01	-7.797117e+02
2.900000e-07	-6.671828e-06	-1.173569e-08	-4.774365e+01	-7.757812e+02
3.000000e-07	-6.585527e-06	-1.172755e-08	-4.712608e+01	-7.716721e+02
3.100000e-07	-6.496802e-06	-1.162768e-08	-4.649117e+01	-7.674030e+02
3.200000e-07	-6.405638e-06	-1.160358e-08	-4.583880e+01	-7.629848e+02
3.300000e-07	-6.312036e-06	-1.152636e-08	-4.516898e+01	-7.584218e+02
3.400000e-07	-6.216025e-06	-1.143379e-08	-4.448192e+01	-7.537141e+02
3.500000e-07	-6.117606e-06	-1.136133e-08	-4.377763e+01	-7.488611e+02
3.600000e-07	-6.016804e-06	-1.128166e-08	-4.305630e+01	-7.438622e+02
3.700000e-07	-5.913694e-06	-1.121436e-08	-4.231844e+01	-7.387151e+02
3.800000e-07	-5.808345e-06	-1.112550e-08	-4.156456e+01	-7.334133e+02
3.900000e-07	-5.700741e-06	-1.107369e-08	-4.079455e+01	-7.279432e+02
4.000000e-07	-5.590980e-06	-1.098578e-08	-4.000910e+01	-7.222853e+02
4.100000e-07	-5.479161e-06	-1.090228e-08	-3.920892e+01	-7.164185e+02
4.200000e-07	-5.365183e-06	-1.079107e-08	-3.839329e+01	-7.103265e+02
4.300000e-07	-5.248917e-06	-1.068152e-08	-3.756129e+01	-7.040051e+02
4.400000e-07	-5.130460e-06	-1.058346e-08	-3.671361e+01	-6.974630e+02
4.500000e-07	-5.010086e-06	-1.049251e-08	-3.585221e+01	-6.907189e+02
4.600000e-07	-4.887832e-06	-1.040216e-08	-3.497736e+01	-6.837912e+02
4.700000e-07	-4.763631e-06	-1.029793e-08	-3.408858e+01	-6.766870e+02
4.800000e-07	-4.637575e-06	-1.020091e-08	-3.318652e+01	-6.693936e+02
4.900000e-07	-4.509821e-06	-1.008372e-08	-3.227231e+01	-6.618784e+02
5.000000e-07	-4.380377e-06	-9.959953e-09	-3.134601e+01	-6.540968e+02
5.100000e-07	-4.249253e-06	-9.818408e-09	-3.040769e+01	-6.460070e+02
5.200000e-07	-4.116430e-06	-9.692550e-09	-2.945720e+01	-6.375855e+02
5.300000e-07	-3.981961e-06	-9.567601e-09	-2.849495e+01	-6.288363e+02
5.400000e-07	-3.845939e-06	-9.442857e-09	-2.752157e+01	-6.197885e+02
5.500000e-07	-3.708419e-06	-9.305738e-09	-2.653748e+01	-6.104836e+02
5.600000e-07	-3.569413e-06	-9.157515e-09	-2.554275e+01	-6.009554e+02
5.700000e-07	-3.428804e-06	-9.010217e-09	-2.453654e+01	-5.912124e+02
5.800000e-07	-3.286672e-06	-8.855870e-09	-2.351945e+01	-5.812289e+02
5.900000e-07	-3.143228e-06	-8.696263e-09	-2.249297e+01	-5.709504e+02
6.000000e-07	-2.998559e-06	-8.525174e-09	-2.145771e+01	-5.603110e+02
6.100000e-07	-2.852666e-06	-8.360521e-09	-2.041370e+01	-5.492562e+02
6.200000e-07	-2.705624e-06	-8.192434e-09	-1.936147e+01	-5.377611e+02
6.300000e-07	-2.557613e-06	-8.016783e-09	-1.830230e+01	-5.258355e+02
6.400000e-07	-2.408750e-06	-7.829214e-09	-1.723703e+01	-5.135133e+02
6.500000e-07	-2.258999e-06	-7.635696e-09	-1.616542e+01	-5.008300e+02
6.600000e-07	-2.108418e-06	-7.439431e-09	-1.508785e+01	-4.877983e+02
6.700000e-07	-1.957122e-06	-7.233885e-09	-1.400518e+01	-4.743929e+02
6.800000e-07	-1.805105e-06	-7.019345e-09	-1.291734e+01	-4.605514e+02
6.900000e-07	-1.652411e-06	-6.794269e-09	-1.182467e+01	-4.461923e+02
7.000000e-07	-1.499132e-06	-6.567315e-09	-1.072780e+01	-4.312417e+02
7.100000e-07	-1.345221e-06	-6.335452e-09	-9.626412e+00	-4.156570e+02
7.200000e-07	-1.190716e-06	-6.093289e-09	-8.520773e+00	-3.994344e+02
7.300000e-07	-1.035776e-06	-5.837002e-09	-7.412022e+00	-3.825958e+02
7.400000e-07	-8.805183e-07	-5.570823e-09	-6.300995e+00	-3.651590e+02
7.500000e-07	-7.249500e-07	-5.300172e-09	-5.187748e+00	-3.471023e+02
7.600000e-07	-5.691589e-07	-5.017358e-09	-4.072905e+00	-3.283417e+02
7.700000e-07	-4.132349e-07	-4.714269e-09	-2.957112e+00	-3.087301e+02
7.800000e-07	-2.571540e-07	-4.391338e-09	-1.840196e+00	-2.880840e+02
7.900000e-07	-1.009649e-07	-4.055645e-09	-7.225057e-01	-2.662248e+02
8.000000e-07	5.525132e-08	-3.705862e-09	3.953789e-01	-2.430185e+02
8.100000e-07	2.114952e-07	-3.334696e-09	1.513461e+00	-2.183918e+02
8.200000e-07	3.677480e-07	-2.937056e-09	2.631608e+00	-1.923140e+02
8.300000e-07	5.238332e-07	-2.518285e-09	3.748555e+00	-1.647465e+02
8.400000e-07	6.797093e-07	-2.076019e-09	4.864005e+00	-1.355799e+02
8.500000e-07	8.353962e-07	-1.600446e-09	5.978102e+00	-1.045880e+02
8.600000e-07	9.908099e-07	-1.087298e-09	7.090244e+00	-7.142855e+01
8.700000e-07	1.145883e-06	-5.362519e-10	8.199951e+00	-3.570583e+01
8.800000e-07	1.300541e-06	5.078287e-11	9.306681e+00	2.908585e+00
8.900000e-07	1.454647e-06	6.780368e-10	1.040946e+01	4.452767e+01
9.000000e-07	1.608101e-06	1.348011e-09	1.150759e+01	8.891698e+01
9.100000e-07	1.760933e-06	2.058499e-09	1.260125e+01	1.354255e+02
9.200000e-07	1.913124e-06	2.789843e-09	1.369033e+01	1.830109e+02
9.300000e-07	2.064597e-06	3.513986e-09	1.477427e+01	2.303640e+02
9.400000e-07	2.215292e-06	4.207904e-09	1.585265e+01	2.761078e+02
9.500000e-07	2.365118e-06	4.855072e-09	1.692480e+01	3.190201e+02
9.600000e-07	2.513975e-06	5.445395e-09	1.799003e+01	3.582249e+02
9.700000e-07	2.661865e-06	5.970667e-09	1.904832e+01	3.933009e+02
9.800000e-07	2.808754e-06	6.434072e-09	2.009947e+01	4.242868e+02
9.900000e-07	2.954520e-06	6.846909e-09	2.114257e+01	4.515870e+02
1.000000e-06	3.099152e-06	7.220591e-09	2.217756e+01	4.758158e+02
1.010000e-06	3.242641e-06	7.558841e-09	2.320436e+01	4.976266e+02
1.020000e-06	3.384836e-06	7.863317e-09	2.422191e+01	5.175748e+02
1.030000e-06	3.525544e-06	8.139054e-09	2.522882e+01	5.360449e+02
1.040000e-06	3.664746e-06	8.393173e-09	2.622495e+01	5.532485e+02
1.050000e-06	3.802507e-06	8.631591e-09	2.721077e+01	5.692759e+02
1.060000e-06	3.938757e-06	8.855651e-09	2.818577e+01	5.841695e+02
1.070000e-06	4.073511e-06	9.065859e-09	2.915007e+01	5.979884e+02
1.080000e-06	4.206772e-06	9.264189e-09	3.010370e+01	6.108395e+02
1.090000e-06	4.338429e-06	9.453185e-09	3.104583e+01	6.228721e+02
1.100000e-06	4.468428e-06	9.629105e-09	3.197610e+01	6.342453e+02
1.110000e-06	4.596729e-06	9.793361e-09	3.289423e+01	6.450881e+02
1.120000e-06	4.723345e-06	9.947285e-09	3.380029e+01	6.554727e+02
1.130000e-06	4.848258e-06	1.009485e-08	3.469417e+01	6.654115e+02
1.140000e-06	4.971397e-06	1.023941e-08	3.557535e+01	6.748778e+02
1.150000e-06	5.092681e-06	1.037736e-08	3.644326e+01	6.838383e+02
1.160000e-06	5.211906e-06	1.050965e-08	3.729644e+01	6.922838e+02
1.170000e-06	5.329000e-06	1.063643e-08	3.813437e+01	7.002438e+02
1.180000e-06	5.443963e-06	1.075970e-08	3.895704e+01	7.077812e+02
1.190000e-06	5.556727e-06	1.087618e-08	3.976398e+01	7.149721e+02
1.200000e-06	5.667355e-06	1.098278e-08	4.055564e+01	7.218799e+02
1.210000e-06	5.775868e-06	1.108202e-08	4.133216e+01	7.285370e+02
1.220000e-06	5.882197e-06	1.117767e-08	4.209305e+01	7.349416e+02
1.230000e-06	5.986268e-06	1.127097e-08	4.283778e+01	7.410692e+02
1.240000e-06	6.088040e-06	1.135978e-08	4.356606e+01	7.468930e+02
1.250000e-06	6.187425e-06	1.144454e-08	4.427726e+01	7.524031e+02
1.260000e-06	6.284372e-06	1.152636e-08	4.497102e+01	7.576156e+02
1.270000e-06	6.378996e-06	1.160504e-08	4.564814e+01	7.625687e+02
1.280000e-06	6.471240e-06	1.167811e-08	4.630825e+01	7.673078e+02
1.290000e-06	6.561001e-06	1.174533e-08	4.695057e+01	7.718681e+02
1.300000e-06	6.648291e-06	1.180831e-08	4.757522e+01	7.762619e+02
1.310000e-06	6.733137e-06	1.187026e-08	4.818238e+01	7.804773e+02
1.320000e-06	6.815466e-06	1.193090e-08	4.877153e+01	7.844875e+02
1.330000e-06	6.895140e-06	1.198918e-08	4.934167e+01	7.882666e+02
1.340000e-06	6.972097e-06	1.204525e-08	4.989238e+01	7.918046e+02
1.350000e-06	7.046238e-06	1.209873e-08	5.042293e+01	7.951140e+02
1.360000e-06	7.117666e-06	1.215027e-08	5.093407e+01	7.982258e+02
1.370000e-06	7.186500e-06	1.219709e-08	5.142665e+01	8.011776e+02
1.380000e-06	7.252533e-06	1.224086e-08	5.189918e+01	8.039991e+02
1.390000e-06	7.315796e-06	1.228278e-08	5.235189e+01	8.067015e+02
1.400000e-06	7.376468e-06	1.232343e-08	5.278606e+01	8.092759e+02
1.410000e-06	7.434402e-06	1.236183e-08	5.320064e+01	8.117011e+02
1.420000e-06	7.489477e-06	1.239865e-08	5.359476e+01	8.139565e+02
1.430000e-06	7.541480e-06	1.243501e-08	5.396689e+01	8.160338e+02
1.440000e-06	7.590275e-06	1.246950e-08	5.431607e+01	8.179423e+02
1.450000e-06	7.636171e-06	1.249934e-08	5.464450e+01	8.197062e+02
1.460000e-06	7.679197e-06	1.252383e-08	5.495239e+01	8.213531e+02
1.470000e-06	7.719226e-06	1.254701e-08	5.523884e+01	8.229027e+02
1.480000e-06	7.756429e-06	1.257073e-08	5.550506e+01	8.243571e+02
1.490000e-06	7.790766e-06	1.259350e-08	5.575078e+01	8.257002e+02
1.500000e-06	7.822193e-06	1.261420e-08	5.597567e+01	8.269049e+02
1.510000e-06	7.850740e-06	1.263397e-08	5.617995e+01	8.279447e+02
1.520000e-06	7.876192e-06	1.265123e-08	5.636209e+01	8.288060e+02
1.530000e-06	7.898677e-06	1.266487e-08	5.652300e+01	8.294937e+02
1.540000e-06	7.918402e-06	1.267417e-08	5.666414e+01	8.300292e+02
1.550000e-06	7.935079e-06	1.268096e-08	5.678348e+01	8.304421e+02
1.560000e-06	7.948532e-06	1.268636e-08	5.687976e+01	8.307581e+02
1.570000e-06	7.958734e-06	1.268976e-08	5.695276e+01	8.309897e+02
1.580000e-06	7.965838e-06	1.269272e-08	5.700360e+01	8.311329e+02
1.590000e-06	7.969996e-06	1.269598e-08	5.703335e+01	8.311711e+02
1.600000e-06	7.971135e-06	1.270263e-08	5.704150e+01	8.310832e+02
1.610000e-06	7.969435e-06	1.269445e-08	5.702934e+01	8.308538e+02
1.620000e-06	7.964970e-06	1.268325e-08	5.699739e+01	8.304785e+02
1.630000e-06	7.957611e-06	1.267534e-08	5.694472e+01	8.299650e+02
1.640000e-06	7.947361e-06	1.266163e-08	5.687137e+01	8.293275e+02
1.650000e-06	7.934145e-06	1.264958e-08	5.677680e+01	8.285798e+02
1.660000e-06	7.918155e-06	1.264756e-08	5.666237e+01	8.277288e+02
1.670000e-06	7.899776e-06	1.267269e-08	5.653086e+01	8.267724e+02
1.680000e-06	7.878776e-06	1.259791e-08	5.638058e+01	8.257027e+02
1.690000e-06	7.854536e-06	1.247758e-08	5.620712e+01	8.245117e+02
1.700000e-06	7.826458e-06	1.251249e-08	5.600619e+01	8.231981e+02
1.710000e-06	7.794640e-06	1.251867e-08	5.577850e+01	8.217712e+02
1.720000e-06	7.759980e-06	1.245667e-08	5.553048e+01	8.202494e+02
1.730000e-06	7.722858e-06	1.248977e-08	5.526483e+01	8.186558e+02
1.740000e-06	7.683434e-06	1.258012e-08	5.498271e+01	8.170115e+02
1.750000e-06	7.642021e-06	1.237508e-08	5.468636e+01	8.153296e+02
1.760000e-06	7.598077e-06	1.239479e-08	5.437189e+01	8.136126e+02
1.770000e-06	7.551078e-06	1.244124e-08	5.403558e+01	8.118530e+02
1.780000e-06	7.501262e-06	1.229042e-08	5.367909e+01	8.100366e+02
1.790000e-06	7.448251e-06	1.240943e-08	5.329974e+01	8.081457e+02
1.800000e-06	7.392113e-06	1.226064e-08	5.289802e+01	8.061613e+02
1.810000e-06	7.333201e-06	1.232137e-08	5.247644e+01	8.040631e+02
1.820000e-06	7.271351e-06	1.228914e-08	5.203384e+01	8.018282e+02
1.830000e-06	7.206784e-06	1.218154e-08	5.157180e+01	7.994303e+02
1.840000e-06	7.139361e-06	1.227094e-08	5.108932e+01	7.968412e+02
1.850000e-06	7.068949e-06	1.210418e-08	5.058545e+01	7.940345e+02
1.860000e-06	6.995614e-06	1.215266e-08	5.006067e+01	7.909906e+02
1.870000e-06	6.919401e-06	1.206283e-08	4.951529e+01	7.877014e+02
1.880000e-06	6.840424e-06	1.202694e-08	4.895013e+01	7.841726e+02
1.890000e-06	6.758778e-06	1.199695e-08	4.836587e+01	7.804209e+02
1.900000e-06	6.674686e-06	1.186521e-08	4.776411e+01	7.764699e+02
1.910000e-06	6.588075e-06	1.189186e-08	4.714432e+01	7.723426e+02
1.920000e-06	6.498910e-06	1.171741e-08	4.650625e+01	7.680568e+02
1.930000e-06	6.407278e-06	1.169789e-08	4.585053e+01	7.636227e+02
1.940000e-06	6.313127e-06	1.161253e-08	4.517679e+01	7.590439e+02
1.950000e-06	6.216565e-06	1.155536e-08	4.448579e+01	7.543204e+02
1.960000e-06	6.117697e-06	1.150403e-08	4.377829e+01	7.494515e+02
1.970000e-06	6.016536e-06	1.140101e-08	4.305438e+01	7.444365e+02
1.980000e-06	5.912998e-06	1.134467e-08	4.231346e+01	7.392730e+02
1.990000e-06	5.807213e-06	1.121380e-08	4.155646e+01	7.339536e+02
2.000000e-06	5.699290e-06	1.115260e-08	4.078416e+01	7.284641e+02
2.010000e-06	5.589225e-06	1.102585e-08	3.999654e+01	7.227845e+02
2.020000e-06	5.476896e-06	1.096367e-08	3.919271e+01	7.168938e+02
2.030000e-06	5.362297e-06	1.087476e-08	3.837264e+01	7.107770e+02
2.040000e-06	5.245558e-06	1.080254e-08	3.753725e+01	7.044309e+02
2.050000e-06	5.126667e-06	1.069309e-08	3.668647e+01	6.978660e+02
2.060000e-06	5.005782e-06	1.056809e-08	3.582141e+01	6.911011e+02
2.070000e-06	4.883050e-06	1.044413e-08	3.494314e+01	6.841541e+02
2.080000e-06	4.758509e-06	1.032307e-08	3.405192e+01	6.770303e+02
2.090000e-06	4.632115e-06	1.022768e-08	3.314745e+01	6.697148e+02
2.100000e-06	4.503878e-06	1.010984e-08	3.222978e+01	6.621730e+02
2.110000e-06	4.373973e-06	1.000855e-08	3.130018e+01	6.543598e+02
2.120000e-06	4.242510e-06	9.871856e-09	3.035944e+01	6.462348e+02
2.130000e-06	4.109391e-06	9.749502e-09	2.940683e+01	6.377773e+02
2.140000e-06	3.974597e-06	9.595139e-09	2.844225e+01	6.289940e+02
2.150000e-06	3.838154e-06	9.453319e-09	2.746586e+01	6.199163e+02
2.160000e-06	3.700204e-06	9.309353e-09	2.647869e+01	6.105858e+02
2.170000e-06	3.560896e-06	9.174331e-09	2.548180e+01	6.010345e+02
2.180000e-06	3.420149e-06	9.031601e-09	2.447461e+01	5.912673e+02
2.190000e-06	3.277995e-06	8.873650e-09	2.345736e+01	5.812549e+02
2.200000e-06	3.134481e-06	8.711875e-09	2.243037e+01	5.709405e+02
2.210000e-06	2.989652e-06	8.542019e-09	2.139397e+01	5.602585e+02
2.220000e-06	2.843710e-06	8.378152e-09	2.034961e+01	5.491568e+02
2.230000e-06	2.696820e-06	8.202523e-09	1.929847e+01	5.376142e+02
2.240000e-06	2.548928e-06	8.020179e-09	1.824015e+01	5.256440e+02
2.250000e-06	2.400077e-06	7.829246e-09	1.717497e+01	5.132813e+02
2.260000e-06	2.250360e-06	7.636197e-09	1.610359e+01	5.005603e+02
2.270000e-06	2.099824e-06	7.436571e-09	1.502635e+01	4.874903e+02
2.280000e-06	1.948478e-06	7.227736e-09	1.394332e+01	4.740414e+02
2.290000e-06	1.796307e-06	7.011599e-09	1.285439e+01	4.601481e+02
2.300000e-06	1.643402e-06	6.793879e-09	1.176020e+01	4.457284e+02
2.310000e-06	1.489877e-06	6.568734e-09	1.066157e+01	4.307110e+02
2.320000e-06	1.335859e-06	6.331232e-09	9.559419e+00	4.150572e+02
2.330000e-06	1.181408e-06	6.081750e-09	8.454162e+00	3.987669e+02
2.340000e-06	1.026541e-06	5.824679e-09	7.345933e+00	3.818635e+02
2.350000e-06	8.713164e-07	5.554708e-09	6.235147e+00	3.643620e+02
2.360000e-06	7.157762e-07	5.273299e-09	5.122100e+00	3.462348e+02
2.370000e-06	5.600003e-07	4.980118e-09	4.007366e+00	3.273907e+02
2.380000e-06	4.040623e-07	4.679226e-09	2.891473e+00	3.076771e+02
2.390000e-06	2.479598e-07	4.367763e-09	1.774402e+00	2.869087e+02
2.400000e-06	9.169021e-08	4.036316e-09	6.561358e-01	2.649103e+02
2.410000e-06	-6.463941e-08	3.682736e-09	-4.625601e-01	2.415539e+02
2.420000e-06	-2.208750e-07	3.306272e-09	-1.580583e+00	2.167725e+02
2.430000e-06	-3.769866e-07	2.906321e-09	-2.697719e+00	1.905373e+02
2.440000e-06	-5.329609e-07	2.481141e-09	-3.813872e+00	1.628052e+02
2.450000e-06	-6.887680e-07	2.026816e-09	-4.928829e+00	1.334559e+02
2.460000e-06	-8.443768e-07	1.545699e-09	-6.042367e+00	1.022496e+02
2.470000e-06	-9.996653e-07	1.036566e-09	-7.153613e+00	6.883402e+01
2.480000e-06	-1.154515e-06	4.933834e-10	-8.261716e+00	3.281435e+01
2.490000e-06	-1.308926e-06	-9.210227e-11	-9.366688e+00	-6.122070e+00
2.500000e-06	-1.462902e-06	-7.267350e-10	-1.046854e+01	-4.805655e+01
2.510000e-06	-1.616361e-06	-1.407395e-09	-1.156669e+01	-9.271185e+01
2.520000e-06	-1.769175e-06	-2.124211e-09	-1.266023e+01	-1.393920e+02
2.530000e-06	-1.921222e-06	-2.858855e-09	-1.374828e+01	-1.870184e+02
2.540000e-06	-2.072418e-06	-3.591031e-09	-1.483024e+01	-2.342644e+02
2.550000e-06	-2.222811e-06	-4.292610e-09	-1.590645e+01	-2.797588e+02
2.560000e-06	-2.372426e-06	-4.941395e-09	-1.697710e+01	-3.223087e+02
2.570000e-06	-2.521097e-06	-5.529075e-09	-1.804099e+01	-3.610831e+02
2.580000e-06	-2.668764e-06	-6.056373e-09	-1.909770e+01	-3.957118e+02
2.590000e-06	-2.815418e-06	-6.526964e-09	-2.014715e+01	-4.262786e+02
2.600000e-06	-2.961001e-06	-6.946046e-09	-2.118895e+01	-4.532185e+02
2.610000e-06	-3.105440e-06	-7.319792e-09	-2.222255e+01	-4.771582e+02
2.620000e-06	-3.248615e-06	-7.654439e-09	-2.324712e+01	-4.987458e+02
2.630000e-06	-3.390501e-06	-7.959118e-09	-2.426245e+01	-5.185208e+02
2.640000e-06	-3.531034e-06	-8.237844e-09	-2.526811e+01	-5.368481e+02
2.650000e-06	-3.670118e-06	-8.493008e-09	-2.626339e+01	-5.539231e+02
2.660000e-06	-3.807747e-06	-8.732776e-09	-2.724826e+01	-5.698274e+02
2.670000e-06	-3.943902e-06	-8.962013e-09	-2.822259e+01	-5.846027e+02
2.680000e-06	-4.078506e-06	-9.178027e-09	-2.918582e+01	-5.983121e+02
2.690000e-06	-4.211551e-06	-9.376455e-09	-3.013789e+01	-6.110682e+02
2.700000e-06	-4.343016e-06	-9.558525e-09	-3.107865e+01	-6.230231e+02
2.710000e-06	-4.472897e-06	-9.729482e-09	-3.200809e+01	-6.343345e+02
2.720000e-06	-4.601142e-06	-9.894435e-09	-3.292581e+01	-6.451261e+02
2.730000e-06	-4.727637e-06	-1.005277e-08	-3.383101e+01	-6.554636e+02
2.740000e-06	-4.852378e-06	-1.020243e-08	-3.472365e+01	-6.653538e+02
2.750000e-06	-4.975323e-06	-1.034371e-08	-3.560345e+01	-6.747676e+02
2.760000e-06	-5.096329e-06	-1.047680e-08	-3.646937e+01	-6.836731e+02
2.770000e-06	-5.215294e-06	-1.060317e-08	-3.732068e+01	-6.920647e+02
2.780000e-06	-5.332172e-06	-1.072003e-08	-3.815706e+01	-6.999762e+02
2.790000e-06	-5.446797e-06	-1.082986e-08	-3.897732e+01	-7.074732e+02
2.800000e-06	-5.559077e-06	-1.093763e-08	-3.978080e+01	-7.146315e+02
2.810000e-06	-5.669141e-06	-1.104071e-08	-4.056842e+01	-7.215118e+02
2.820000e-06	-5.777072e-06	-1.113743e-08	-4.134077e+01	-7.281428e+02
2.830000e-06	-5.882896e-06	-1.122975e-08	-4.209805e+01	-7.345194e+02
2.840000e-06	-5.986499e-06	-1.132087e-08	-4.283943e+01	-7.406159e+02
2.850000e-06	-6.087731e-06	-1.141025e-08	-4.356385e+01	-7.464064e+02
2.860000e-06	-6.186622e-06	-1.149635e-08	-4.427152e+01	-7.518837e+02
2.870000e-06	-6.283227e-06	-1.157915e-08	-4.496282e+01	-7.570667e+02
2.880000e-06	-6.377467e-06	-1.165723e-08	-4.563720e+01	-7.619949e+02
2.890000e-06	-6.469238e-06	-1.172903e-08	-4.629392e+01	-7.667138e+02
2.900000e-06	-6.558681e-06	-1.179657e-08	-4.693397e+01	-7.712565e+02
2.910000e-06	-6.645742e-06	-1.185992e-08	-4.755698e+01	-7.756324e+02
2.920000e-06	-6.730198e-06	-1.192003e-08	-4.816135e+01	-7.798276e+02
2.930000e-06	-6.812108e-06	-1.198014e-08	-4.874750e+01	-7.838143e+02
2.940000e-06	-6.891511e-06	-1.203971e-08	-4.931571e+01	-7.875680e+02
2.950000e-06	-6.968161e-06	-1.209547e-08	-4.986422e+01	-7.910809e+02
2.960000e-06	-7.041962e-06	-1.214572e-08	-5.039234e+01	-7.943676e+02
2.970000e-06	-7.113026e-06	-1.219251e-08	-5.090087e+01	-7.974608e+02
2.980000e-06	-7.181265e-06	-1.223485e-08	-5.138919e+01	-8.003978e+02
2.990000e-06	-7.246774e-06	-1.227289e-08	-5.185797e+01	-8.032067e+02
3.000000e-06	-7.309624e-06	-1.230887e-08	-5.230772e+01	-8.058964e+02
3.010000e-06	-7.369722e-06	-1.234462e-08	-5.273778e+01	-8.084562e+02
3.020000e-06	-7.427095e-06	-1.237930e-08	-5.314835e+01	-8.108644e+02
3.030000e-06	-7.481558e-06	-1.241389e-08	-5.353809e+01	-8.131012e+02
3.040000e-06	-7.532908e-06	-1.244548e-08	-5.390555e+01	-8.151599e+02
3.050000e-06	-7.581112e-06	-1.247435e-08	-5.425050e+01	-8.170519e+02
3.060000e-06	-7.626385e-06	-1.250016e-08	-5.457447e+01	-8.188023e+02
3.070000e-06	-7.669010e-06	-1.252103e-08	-5.487949e+01	-8.204384e+02
3.080000e-06	-7.708899e-06	-1.253929e-08	-5.516494e+01	-8.219784e+02
3.090000e-06	-7.745855e-06	-1.255723e-08	-5.542940e+01	-8.234222e+02
3.100000e-06	-7.779923e-06	-1.257544e-08	-5.567319e+01	-8.247522e+02
3.110000e-06	-7.811074e-06	-1.259292e-08	-5.589611e+01	-8.259406e+02
3.120000e-06	-7.839210e-06	-1.260632e-08	-5.609744e+01	-8.269619e+02
3.130000e-06	-7.864413e-06	-1.261684e-08	-5.627780e+01	-8.278044e+02
3.140000e-06	-7.886636e-06	-1.262577e-08	-5.643683e+01	-8.284748e+02
3.150000e-06	-7.905869e-06	-1.263165e-08	-5.657446e+01	-8.289961e+02
3.160000e-06	-7.922202e-06	-1.263440e-08	-5.669134e+01	-8.293978e+02
3.170000e-06	-7.935365e-06	-1.263531e-08	-5.678553e+01	-8.297047e+02
3.180000e-06	-7.945277e-06	-1.263765e-08	-5.685646e+01	-8.299276e+02
3.190000e-06	-7.952104e-06	-1.264144e-08	-5.690532e+01	-8.300609e+02
3.200000e-06	-7.955892e-06	-1.264230e-08	-5.693243e+01	-8.300868e+02
3.210000e-06	-7.956793e-06	-1.263421e-08	-5.693887e+01	-8.299846e+02
