# Temperatura_=_64.74
# Concentracion g/m^3_=_18600.0
# C_Vs_to_Am_M_A/Vsm_=_65563218390.804596
# pendiente_HvsI_1/m_=_3716.3
# ordenada_HvsI_A/m_=_1297.0
# frecuencia_Hz_=_310762.68395296857

Tiempo_(s)	Campo_(V.s)	Magnetizacion_(V.s)	Campo_(kA/m)	Magnetizacion_(A/m)
0.000000e+00	-7.993549e-06	-1.233341e-08	-5.692355e+01	-8.097325e+02
1.000000e-08	-7.989457e-06	-1.233111e-08	-5.689441e+01	-8.093932e+02
2.000000e-08	-7.982706e-06	-1.232128e-08	-5.684634e+01	-8.089212e+02
3.000000e-08	-7.973175e-06	-1.231494e-08	-5.677847e+01	-8.083462e+02
4.000000e-08	-7.960591e-06	-1.230732e-08	-5.668885e+01	-8.076956e+02
5.000000e-08	-7.944865e-06	-1.229503e-08	-5.657686e+01	-8.069815e+02
6.000000e-08	-7.926280e-06	-1.227250e-08	-5.644452e+01	-8.061958e+02
7.000000e-08	-7.905274e-06	-1.224765e-08	-5.629493e+01	-8.053154e+02
8.000000e-08	-7.881593e-06	-1.230590e-08	-5.612629e+01	-8.043146e+02
9.000000e-08	-7.854553e-06	-1.233003e-08	-5.593373e+01	-8.031789e+02
1.000000e-07	-7.824165e-06	-1.225989e-08	-5.571734e+01	-8.019139e+02
1.100000e-07	-7.790686e-06	-1.222433e-08	-5.547893e+01	-8.005448e+02
1.200000e-07	-7.754282e-06	-1.221277e-08	-5.521968e+01	-7.991062e+02
1.300000e-07	-7.715390e-06	-1.216911e-08	-5.494273e+01	-7.976281e+02
1.400000e-07	-7.674092e-06	-1.205828e-08	-5.464864e+01	-7.961237e+02
1.500000e-07	-7.630176e-06	-1.210198e-08	-5.433590e+01	-7.945853e+02
1.600000e-07	-7.583401e-06	-1.210250e-08	-5.400281e+01	-7.929897e+02
1.700000e-07	-7.533677e-06	-1.201660e-08	-5.364871e+01	-7.913106e+02
1.800000e-07	-7.480899e-06	-1.208375e-08	-5.327288e+01	-7.895316e+02
1.900000e-07	-7.425115e-06	-1.200357e-08	-5.287562e+01	-7.876523e+02
2.000000e-07	-7.366521e-06	-1.195287e-08	-5.245836e+01	-7.856849e+02
2.100000e-07	-7.305123e-06	-1.190852e-08	-5.202114e+01	-7.836417e+02
2.200000e-07	-7.240912e-06	-1.184018e-08	-5.156388e+01	-7.815198e+02
2.300000e-07	-7.173811e-06	-1.185878e-08	-5.108604e+01	-7.792905e+02
2.400000e-07	-7.103882e-06	-1.177859e-08	-5.058806e+01	-7.768998e+02
2.500000e-07	-7.031096e-06	-1.175509e-08	-5.006974e+01	-7.742810e+02
2.600000e-07	-6.955335e-06	-1.171811e-08	-4.953024e+01	-7.713759e+02
2.700000e-07	-6.876711e-06	-1.168321e-08	-4.897034e+01	-7.681561e+02
2.800000e-07	-6.795211e-06	-1.160762e-08	-4.838996e+01	-7.646340e+02
2.900000e-07	-6.711101e-06	-1.152418e-08	-4.779100e+01	-7.608602e+02
3.000000e-07	-6.624695e-06	-1.149844e-08	-4.717569e+01	-7.569063e+02
3.100000e-07	-6.535823e-06	-1.141256e-08	-4.654281e+01	-7.528398e+02
3.200000e-07	-6.444428e-06	-1.138457e-08	-4.589197e+01	-7.487009e+02
3.300000e-07	-6.350609e-06	-1.131812e-08	-4.522387e+01	-7.444913e+02
3.400000e-07	-6.254353e-06	-1.124297e-08	-4.453841e+01	-7.401778e+02
3.500000e-07	-6.155601e-06	-1.117764e-08	-4.383518e+01	-7.357094e+02
3.600000e-07	-6.054498e-06	-1.110566e-08	-4.311521e+01	-7.310401e+02
3.700000e-07	-5.951123e-06	-1.103393e-08	-4.237905e+01	-7.261474e+02
3.800000e-07	-5.845389e-06	-1.093954e-08	-4.162610e+01	-7.210388e+02
3.900000e-07	-5.737407e-06	-1.087734e-08	-4.085714e+01	-7.157441e+02
4.000000e-07	-5.627375e-06	-1.079915e-08	-4.007358e+01	-7.102980e+02
4.100000e-07	-5.515228e-06	-1.072384e-08	-3.927497e+01	-7.047209e+02
4.200000e-07	-5.400773e-06	-1.062418e-08	-3.845991e+01	-6.990071e+02
4.300000e-07	-5.284038e-06	-1.053030e-08	-3.762862e+01	-6.931254e+02
4.400000e-07	-5.165266e-06	-1.044116e-08	-3.678282e+01	-6.870320e+02
4.500000e-07	-5.044514e-06	-1.035170e-08	-3.592292e+01	-6.806886e+02
4.600000e-07	-4.921773e-06	-1.025500e-08	-3.504886e+01	-6.740781e+02
4.700000e-07	-4.797179e-06	-1.014730e-08	-3.416160e+01	-6.672094e+02
4.800000e-07	-4.670774e-06	-1.004784e-08	-3.326145e+01	-6.601109e+02
4.900000e-07	-4.542595e-06	-9.940125e-09	-3.234867e+01	-6.528134e+02
5.000000e-07	-4.412628e-06	-9.828367e-09	-3.142315e+01	-6.453335e+02
5.100000e-07	-4.280954e-06	-9.701028e-09	-3.048547e+01	-6.376625e+02
5.200000e-07	-4.147620e-06	-9.584780e-09	-2.953598e+01	-6.297684e+02
5.300000e-07	-4.012690e-06	-9.466524e-09	-2.857511e+01	-6.216080e+02
5.400000e-07	-3.876173e-06	-9.345400e-09	-2.760295e+01	-6.131450e+02
5.500000e-07	-3.738000e-06	-9.210717e-09	-2.661900e+01	-6.043640e+02
5.600000e-07	-3.598312e-06	-9.065548e-09	-2.562425e+01	-5.952743e+02
5.700000e-07	-3.457140e-06	-8.922969e-09	-2.461894e+01	-5.859017e+02
5.800000e-07	-3.314368e-06	-8.780521e-09	-2.360223e+01	-5.762712e+02
5.900000e-07	-3.170119e-06	-8.632893e-09	-2.257501e+01	-5.663902e+02
6.000000e-07	-3.024678e-06	-8.472164e-09	-2.153929e+01	-5.562382e+02
6.100000e-07	-2.878170e-06	-8.314038e-09	-2.049599e+01	-5.457706e+02
6.200000e-07	-2.730668e-06	-8.153443e-09	-1.944560e+01	-5.349333e+02
6.300000e-07	-2.582248e-06	-7.985918e-09	-1.838867e+01	-5.236811e+02
6.400000e-07	-2.432912e-06	-7.805310e-09	-1.732522e+01	-5.119930e+02
6.500000e-07	-2.282654e-06	-7.616613e-09	-1.625521e+01	-4.998745e+02
6.600000e-07	-2.131578e-06	-7.425288e-09	-1.517937e+01	-4.873473e+02
6.700000e-07	-1.979740e-06	-7.229926e-09	-1.409810e+01	-4.744303e+02
6.800000e-07	-1.827086e-06	-7.029003e-09	-1.301102e+01	-4.611207e+02
6.900000e-07	-1.673596e-06	-6.817419e-09	-1.191799e+01	-4.473847e+02
7.000000e-07	-1.519386e-06	-6.600167e-09	-1.081983e+01	-4.331622e+02
7.100000e-07	-1.364591e-06	-6.378606e-09	-9.717503e+00	-4.183836e+02
7.200000e-07	-1.209334e-06	-6.146792e-09	-8.611890e+00	-4.029887e+02
7.300000e-07	-1.053729e-06	-5.898744e-09	-7.503799e+00	-3.869403e+02
7.400000e-07	-8.977931e-07	-5.638654e-09	-6.393352e+00	-3.702218e+02
7.500000e-07	-7.415242e-07	-5.374631e-09	-5.280532e+00	-3.528214e+02
7.600000e-07	-5.849840e-07	-5.103656e-09	-4.165780e+00	-3.347070e+02
7.700000e-07	-4.282408e-07	-4.816924e-09	-3.049583e+00	-3.158075e+02
7.800000e-07	-2.713402e-07	-4.512831e-09	-1.932264e+00	-2.960079e+02
7.900000e-07	-1.143188e-07	-4.193160e-09	-8.140855e-01	-2.751637e+02
8.000000e-07	4.272594e-08	-3.857939e-09	3.042594e-01	-2.531297e+02
8.100000e-07	1.997240e-07	-3.504105e-09	1.422272e+00	-2.297874e+02
8.200000e-07	3.566484e-07	-3.126104e-09	2.539760e+00	-2.050566e+02
8.300000e-07	5.134549e-07	-2.726151e-09	3.656408e+00	-1.788808e+02
8.400000e-07	6.701333e-07	-2.305319e-09	4.772144e+00	-1.511883e+02
8.500000e-07	8.266144e-07	-1.858113e-09	5.886475e+00	-1.218454e+02
8.600000e-07	9.828446e-07	-1.379570e-09	6.999019e+00	-9.062553e+01
8.700000e-07	1.138757e-06	-8.660700e-10	8.109304e+00	-5.721998e+01
8.800000e-07	1.294224e-06	-3.184419e-10	9.216413e+00	-2.130216e+01
8.900000e-07	1.449237e-06	2.670769e-10	1.032029e+01	1.736177e+01
9.000000e-07	1.603797e-06	8.950160e-10	1.142094e+01	5.878266e+01
9.100000e-07	1.757737e-06	1.565433e-09	1.251718e+01	1.026396e+02
9.200000e-07	1.910835e-06	2.265034e-09	1.360741e+01	1.482330e+02
9.300000e-07	2.063050e-06	2.973006e-09	1.469136e+01	1.945257e+02
9.400000e-07	2.214467e-06	3.668551e-09	1.576963e+01	2.402715e+02
9.500000e-07	2.365014e-06	4.331233e-09	1.684170e+01	2.842058e+02
9.600000e-07	2.514570e-06	4.948498e-09	1.790672e+01	3.252485e+02
9.700000e-07	2.663175e-06	5.510114e-09	1.896497e+01	3.626671e+02
9.800000e-07	2.810814e-06	6.013590e-09	2.001633e+01	3.961584e+02
9.900000e-07	2.957439e-06	6.461189e-09	2.106047e+01	4.258324e+02
1.000000e-06	3.102918e-06	6.863301e-09	2.209645e+01	4.521093e+02
1.010000e-06	3.247131e-06	7.226082e-09	2.312342e+01	4.755677e+02
1.020000e-06	3.390078e-06	7.552161e-09	2.414138e+01	4.967911e+02
1.030000e-06	3.531646e-06	7.845638e-09	2.514951e+01	5.162536e+02
1.040000e-06	3.671808e-06	8.113049e-09	2.614763e+01	5.342699e+02
1.050000e-06	3.810531e-06	8.362360e-09	2.713550e+01	5.510083e+02
1.060000e-06	3.947587e-06	8.595411e-09	2.811150e+01	5.665470e+02
1.070000e-06	4.083008e-06	8.814056e-09	2.907586e+01	5.809413e+02
1.080000e-06	4.216934e-06	9.017250e-09	3.002957e+01	5.942737e+02
1.090000e-06	4.349289e-06	9.208680e-09	3.097210e+01	6.066712e+02
1.100000e-06	4.480092e-06	9.388827e-09	3.190357e+01	6.182884e+02
1.110000e-06	4.609179e-06	9.557898e-09	3.282282e+01	6.292730e+02
1.120000e-06	4.736469e-06	9.715859e-09	3.372928e+01	6.397317e+02
1.130000e-06	4.862022e-06	9.863597e-09	3.462336e+01	6.497144e+02
1.140000e-06	4.985827e-06	1.000674e-08	3.550500e+01	6.592218e+02
1.150000e-06	5.107798e-06	1.014568e-08	3.637358e+01	6.682316e+02
1.160000e-06	5.227782e-06	1.027762e-08	3.722801e+01	6.767294e+02
1.170000e-06	5.345729e-06	1.040264e-08	3.806793e+01	6.847312e+02
1.180000e-06	5.461549e-06	1.052355e-08	3.889271e+01	6.922859e+02
1.190000e-06	5.575081e-06	1.063944e-08	3.970119e+01	6.994615e+02
1.200000e-06	5.686352e-06	1.074842e-08	4.049357e+01	7.063209e+02
1.210000e-06	5.795503e-06	1.084807e-08	4.127085e+01	7.129012e+02
1.220000e-06	5.902547e-06	1.094061e-08	4.203313e+01	7.192055e+02
1.230000e-06	6.007309e-06	1.103067e-08	4.277917e+01	7.252115e+02
1.240000e-06	6.109654e-06	1.111735e-08	4.350798e+01	7.308916e+02
1.250000e-06	6.209698e-06	1.119971e-08	4.422042e+01	7.362349e+02
1.260000e-06	6.307352e-06	1.127715e-08	4.491583e+01	7.412593e+02
1.270000e-06	6.402517e-06	1.135059e-08	4.559352e+01	7.460100e+02
1.280000e-06	6.495311e-06	1.142025e-08	4.625432e+01	7.505439e+02
1.290000e-06	6.585683e-06	1.148760e-08	4.689788e+01	7.549077e+02
1.300000e-06	6.673551e-06	1.155087e-08	4.752360e+01	7.591206e+02
1.310000e-06	6.758923e-06	1.161027e-08	4.813155e+01	7.631698e+02
1.320000e-06	6.841793e-06	1.166770e-08	4.872168e+01	7.670202e+02
1.330000e-06	6.922049e-06	1.172391e-08	4.929320e+01	7.706342e+02
1.340000e-06	6.999634e-06	1.177737e-08	4.984570e+01	7.739926e+02
1.350000e-06	7.074421e-06	1.182697e-08	5.037827e+01	7.771065e+02
1.360000e-06	7.146382e-06	1.187309e-08	5.089071e+01	7.800154e+02
1.370000e-06	7.215714e-06	1.191868e-08	5.138444e+01	7.827725e+02
1.380000e-06	7.282337e-06	1.196454e-08	5.185888e+01	7.854235e+02
1.390000e-06	7.346185e-06	1.200644e-08	5.231355e+01	7.879890e+02
1.400000e-06	7.407405e-06	1.204383e-08	5.274951e+01	7.904588e+02
1.410000e-06	7.465878e-06	1.207676e-08	5.316591e+01	7.927989e+02
1.420000e-06	7.521444e-06	1.210893e-08	5.356160e+01	7.949697e+02
1.430000e-06	7.573981e-06	1.214139e-08	5.393573e+01	7.969448e+02
1.440000e-06	7.623321e-06	1.217259e-08	5.428709e+01	7.987242e+02
1.450000e-06	7.669654e-06	1.220147e-08	5.461703e+01	8.003339e+02
1.460000e-06	7.713145e-06	1.222903e-08	5.492674e+01	8.018148e+02
1.470000e-06	7.753673e-06	1.225299e-08	5.521535e+01	8.032039e+02
1.480000e-06	7.791273e-06	1.227168e-08	5.548311e+01	8.045194e+02
1.490000e-06	7.826035e-06	1.228915e-08	5.573065e+01	8.057536e+02
1.500000e-06	7.857867e-06	1.230598e-08	5.595733e+01	8.068786e+02
1.510000e-06	7.886808e-06	1.232236e-08	5.616343e+01	8.078610e+02
1.520000e-06	7.912772e-06	1.233779e-08	5.634832e+01	8.086783e+02
1.530000e-06	7.935663e-06	1.235252e-08	5.651134e+01	8.093300e+02
1.540000e-06	7.955634e-06	1.236589e-08	5.665355e+01	8.098379e+02
1.550000e-06	7.972596e-06	1.237510e-08	5.677434e+01	8.102359e+02
1.560000e-06	7.986394e-06	1.237881e-08	5.687260e+01	8.105546e+02
1.570000e-06	7.996953e-06	1.237881e-08	5.694779e+01	8.108075e+02
1.580000e-06	8.004333e-06	1.238104e-08	5.700035e+01	8.109855e+02
1.590000e-06	8.008731e-06	1.238517e-08	5.703167e+01	8.110625e+02
1.600000e-06	8.010112e-06	1.239128e-08	5.704150e+01	8.110084e+02
1.610000e-06	8.008590e-06	1.238444e-08	5.703066e+01	8.108036e+02
1.620000e-06	8.004255e-06	1.237438e-08	5.699979e+01	8.104486e+02
1.630000e-06	7.997063e-06	1.236908e-08	5.694858e+01	8.099638e+02
1.640000e-06	7.987019e-06	1.235908e-08	5.687705e+01	8.093793e+02
1.650000e-06	7.973932e-06	1.234803e-08	5.678386e+01	8.087214e+02
1.660000e-06	7.958014e-06	1.234285e-08	5.667050e+01	8.080001e+02
1.670000e-06	7.939697e-06	1.235696e-08	5.654006e+01	8.072052e+02
1.680000e-06	7.918832e-06	1.229166e-08	5.639147e+01	8.063128e+02
1.690000e-06	7.894789e-06	1.219832e-08	5.622026e+01	8.052976e+02
1.700000e-06	7.866880e-06	1.222548e-08	5.602152e+01	8.041472e+02
1.710000e-06	7.835164e-06	1.222568e-08	5.579566e+01	8.028693e+02
1.720000e-06	7.800561e-06	1.218228e-08	5.554925e+01	8.014908e+02
1.730000e-06	7.763503e-06	1.220942e-08	5.528535e+01	8.000464e+02
1.740000e-06	7.724093e-06	1.226237e-08	5.500471e+01	7.985650e+02
1.750000e-06	7.682646e-06	1.211816e-08	5.470955e+01	7.970574e+02
1.760000e-06	7.638745e-06	1.212985e-08	5.439693e+01	7.955138e+02
1.770000e-06	7.591855e-06	1.214621e-08	5.406301e+01	7.939102e+02
1.780000e-06	7.542038e-06	1.203991e-08	5.370825e+01	7.922207e+02
1.790000e-06	7.488931e-06	1.210655e-08	5.333007e+01	7.904304e+02
1.800000e-06	7.432723e-06	1.199282e-08	5.292981e+01	7.885407e+02
1.810000e-06	7.373778e-06	1.204281e-08	5.251004e+01	7.865644e+02
1.820000e-06	7.311830e-06	1.200909e-08	5.206890e+01	7.845130e+02
1.830000e-06	7.247135e-06	1.193240e-08	5.160820e+01	7.823812e+02
1.840000e-06	7.179615e-06	1.198844e-08	5.112737e+01	7.801374e+02
1.850000e-06	7.109102e-06	1.186543e-08	5.062524e+01	7.777252e+02
1.860000e-06	7.035699e-06	1.188703e-08	5.010252e+01	7.750778e+02
1.870000e-06	6.959362e-06	1.180185e-08	4.955891e+01	7.721395e+02
1.880000e-06	6.880138e-06	1.177593e-08	4.899475e+01	7.688856e+02
1.890000e-06	6.798300e-06	1.173599e-08	4.841196e+01	7.653333e+02
1.900000e-06	6.714011e-06	1.163791e-08	4.781172e+01	7.615363e+02
1.910000e-06	6.627070e-06	1.164516e-08	4.719260e+01	7.575672e+02
1.920000e-06	6.537625e-06	1.149662e-08	4.655564e+01	7.534913e+02
1.930000e-06	6.445721e-06	1.146446e-08	4.590118e+01	7.493452e+02
1.940000e-06	6.351223e-06	1.137918e-08	4.522824e+01	7.451263e+02
1.950000e-06	6.254361e-06	1.133206e-08	4.453847e+01	7.407985e+02
1.960000e-06	6.155230e-06	1.127719e-08	4.383254e+01	7.363102e+02
1.970000e-06	6.053726e-06	1.119327e-08	4.310971e+01	7.316173e+02
1.980000e-06	5.949766e-06	1.113690e-08	4.236939e+01	7.267003e+02
1.990000e-06	5.843603e-06	1.102637e-08	4.161339e+01	7.215698e+02
2.000000e-06	5.735289e-06	1.095921e-08	4.084206e+01	7.162570e+02
2.010000e-06	5.624795e-06	1.084106e-08	4.005522e+01	7.107961e+02
2.020000e-06	5.512144e-06	1.077477e-08	3.925301e+01	7.052049e+02
2.030000e-06	5.397297e-06	1.068442e-08	3.843516e+01	6.994746e+02
2.040000e-06	5.280166e-06	1.061821e-08	3.760104e+01	6.935722e+02
2.050000e-06	5.160818e-06	1.051689e-08	3.675114e+01	6.874532e+02
2.060000e-06	5.039545e-06	1.041000e-08	3.588754e+01	6.810813e+02
2.070000e-06	4.916428e-06	1.029652e-08	3.501080e+01	6.744420e+02
2.080000e-06	4.791472e-06	1.018528e-08	3.412096e+01	6.675469e+02
2.090000e-06	4.664644e-06	1.008458e-08	3.321780e+01	6.604254e+02
2.100000e-06	4.536012e-06	9.963463e-09	3.230179e+01	6.531077e+02
2.110000e-06	4.405719e-06	9.859018e-09	3.137395e+01	6.456079e+02
2.120000e-06	4.273812e-06	9.731818e-09	3.043461e+01	6.379146e+02
2.130000e-06	4.140177e-06	9.623361e-09	2.948297e+01	6.299938e+02
2.140000e-06	4.004913e-06	9.484135e-09	2.851973e+01	6.218022e+02
2.150000e-06	3.868071e-06	9.352682e-09	2.754525e+01	6.133051e+02
2.160000e-06	3.729620e-06	9.214582e-09	2.655932e+01	6.044899e+02
2.170000e-06	3.589604e-06	9.084530e-09	2.556224e+01	5.953682e+02
2.180000e-06	3.448089e-06	8.943351e-09	2.455448e+01	5.859667e+02
2.190000e-06	3.305229e-06	8.789548e-09	2.353715e+01	5.763092e+02
2.200000e-06	3.161061e-06	8.634868e-09	2.251050e+01	5.664004e+02
2.210000e-06	3.015643e-06	8.475622e-09	2.147496e+01	5.562167e+02
2.220000e-06	2.869161e-06	8.321523e-09	2.043183e+01	5.457119e+02
2.230000e-06	2.721760e-06	8.156520e-09	1.938216e+01	5.348316e+02
2.240000e-06	2.573244e-06	7.984475e-09	1.832455e+01	5.235330e+02
2.250000e-06	2.423609e-06	7.803410e-09	1.725897e+01	5.117978e+02
2.260000e-06	2.273084e-06	7.621195e-09	1.618706e+01	4.996341e+02
2.270000e-06	2.121802e-06	7.430514e-09	1.510975e+01	4.870642e+02
2.280000e-06	1.969818e-06	7.230836e-09	1.402744e+01	4.741055e+02
2.290000e-06	1.817076e-06	7.021716e-09	1.293974e+01	4.607521e+02
2.300000e-06	1.663647e-06	6.812016e-09	1.184714e+01	4.469669e+02
2.310000e-06	1.509602e-06	6.596479e-09	1.075015e+01	4.326879e+02
2.320000e-06	1.355052e-06	6.371811e-09	9.649575e+00	4.178455e+02
2.330000e-06	1.200097e-06	6.137193e-09	8.546115e+00	4.023817e+02
2.340000e-06	1.044694e-06	5.894525e-09	7.439464e+00	3.862617e+02
2.350000e-06	8.888470e-07	5.639360e-09	6.329645e+00	3.694707e+02
2.360000e-06	7.326191e-07	5.370080e-09	5.217117e+00	3.519955e+02
2.370000e-06	5.760474e-07	5.087913e-09	4.102141e+00	3.338010e+02
2.380000e-06	4.191841e-07	4.796196e-09	2.985088e+00	3.148110e+02
2.390000e-06	2.621635e-07	4.496124e-09	1.866915e+00	2.949064e+02
2.400000e-06	1.050548e-07	4.178853e-09	7.481147e-01	2.739411e+02
2.410000e-06	-5.215557e-08	3.841885e-09	-3.714095e-01	2.517717e+02
2.420000e-06	-2.093682e-07	3.484136e-09	-1.490950e+00	2.282835e+02
2.430000e-06	-3.664823e-07	3.104794e-09	-2.609789e+00	2.034001e+02
2.440000e-06	-5.234769e-07	2.703014e-09	-3.727776e+00	1.770657e+02
2.450000e-06	-6.802709e-07	2.275368e-09	-4.844336e+00	1.492041e+02
2.460000e-06	-8.367442e-07	1.821219e-09	-5.958611e+00	1.196723e+02
2.470000e-06	-9.927767e-07	1.340973e-09	-7.069748e+00	8.823381e+01
2.480000e-06	-1.148330e-06	8.313874e-10	-8.177473e+00	5.457385e+01
2.490000e-06	-1.303421e-06	2.841071e-10	-9.281904e+00	1.836986e+01
2.500000e-06	-1.458028e-06	-3.075862e-10	-1.038289e+01	-2.059431e+01
2.510000e-06	-1.612181e-06	-9.429258e-10	-1.148064e+01	-6.229840e+01
2.520000e-06	-1.765777e-06	-1.617881e-09	-1.257443e+01	-1.063818e+02
2.530000e-06	-1.918572e-06	-2.318786e-09	-1.366251e+01	-1.521051e+02
2.540000e-06	-2.070504e-06	-3.030029e-09	-1.474444e+01	-1.984010e+02
2.550000e-06	-2.221688e-06	-3.732162e-09	-1.582105e+01	-2.440119e+02
2.560000e-06	-2.372159e-06	-4.402100e-09	-1.689258e+01	-2.876834e+02
2.570000e-06	-2.521745e-06	-5.022696e-09	-1.795781e+01	-3.283658e+02
2.580000e-06	-2.670265e-06	-5.587074e-09	-1.901546e+01	-3.653706e+02
2.590000e-06	-2.817649e-06	-6.095117e-09	-2.006501e+01	-3.984414e+02
2.600000e-06	-2.963974e-06	-6.549386e-09	-2.110701e+01	-4.277274e+02
2.610000e-06	-3.109173e-06	-6.953605e-09	-2.214100e+01	-4.536736e+02
2.620000e-06	-3.253098e-06	-7.310439e-09	-2.316591e+01	-4.768661e+02
2.630000e-06	-3.395804e-06	-7.630538e-09	-2.418216e+01	-4.978811e+02
2.640000e-06	-3.537220e-06	-7.925187e-09	-2.518920e+01	-5.171768e+02
2.650000e-06	-3.677120e-06	-8.197570e-09	-2.618545e+01	-5.350505e+02
2.660000e-06	-3.815507e-06	-8.450018e-09	-2.717094e+01	-5.516579e+02
2.670000e-06	-3.952372e-06	-8.686058e-09	-2.814557e+01	-5.670714e+02
2.680000e-06	-4.087693e-06	-8.907390e-09	-2.910922e+01	-5.813474e+02
2.690000e-06	-4.221501e-06	-9.114592e-09	-3.006209e+01	-5.945732e+02
2.700000e-06	-4.353645e-06	-9.305819e-09	-3.100311e+01	-6.068797e+02
2.710000e-06	-4.484182e-06	-9.480273e-09	-3.193269e+01	-6.184228e+02
2.720000e-06	-4.613142e-06	-9.644136e-09	-3.285104e+01	-6.293472e+02
2.730000e-06	-4.740428e-06	-9.802276e-09	-3.375747e+01	-6.397538e+02
2.740000e-06	-4.865967e-06	-9.953770e-09	-3.465146e+01	-6.496865e+02
2.750000e-06	-4.989588e-06	-1.009510e-08	-3.553179e+01	-6.591421e+02
2.760000e-06	-5.111255e-06	-1.022844e-08	-3.639820e+01	-6.680975e+02
2.770000e-06	-5.231053e-06	-1.035651e-08	-3.725130e+01	-6.765411e+02
2.780000e-06	-5.348790e-06	-1.047670e-08	-3.808973e+01	-6.844923e+02
2.790000e-06	-5.464182e-06	-1.058961e-08	-3.891146e+01	-6.920033e+02
2.800000e-06	-5.577234e-06	-1.069597e-08	-3.971652e+01	-6.991427e+02
2.810000e-06	-5.687970e-06	-1.079666e-08	-4.050509e+01	-7.059713e+02
2.820000e-06	-5.796443e-06	-1.089482e-08	-4.127755e+01	-7.125227e+02
2.830000e-06	-5.902824e-06	-1.098945e-08	-4.203511e+01	-7.187966e+02
2.840000e-06	-6.007101e-06	-1.107832e-08	-4.277769e+01	-7.247692e+02
2.850000e-06	-6.109061e-06	-1.116132e-08	-4.350376e+01	-7.304136e+02
2.860000e-06	-6.208581e-06	-1.124229e-08	-4.421246e+01	-7.357215e+02
2.870000e-06	-6.305791e-06	-1.132201e-08	-4.490472e+01	-7.407143e+02
2.880000e-06	-6.400721e-06	-1.139787e-08	-4.558073e+01	-7.454394e+02
2.890000e-06	-6.493185e-06	-1.146858e-08	-4.623918e+01	-7.499535e+02
2.900000e-06	-6.583213e-06	-1.153613e-08	-4.688028e+01	-7.543010e+02
2.910000e-06	-6.670844e-06	-1.159941e-08	-4.750432e+01	-7.584978e+02
2.920000e-06	-6.755922e-06	-1.165718e-08	-4.811018e+01	-7.625279e+02
2.930000e-06	-6.838441e-06	-1.171073e-08	-4.869781e+01	-7.663549e+02
2.940000e-06	-6.918473e-06	-1.176201e-08	-4.926773e+01	-7.699422e+02
2.950000e-06	-6.995751e-06	-1.181283e-08	-4.981804e+01	-7.732736e+02
2.960000e-06	-7.070075e-06	-1.186075e-08	-5.034732e+01	-7.763634e+02
2.970000e-06	-7.141589e-06	-1.190533e-08	-5.085659e+01	-7.792538e+02
2.980000e-06	-7.210323e-06	-1.194654e-08	-5.134605e+01	-7.819980e+02
2.990000e-06	-7.276373e-06	-1.198606e-08	-5.181641e+01	-7.846396e+02
3.000000e-06	-7.339729e-06	-1.202195e-08	-5.226758e+01	-7.871961e+02
3.010000e-06	-7.400283e-06	-1.205339e-08	-5.269880e+01	-7.896542e+02
3.020000e-06	-7.458077e-06	-1.208242e-08	-5.311036e+01	-7.919783e+02
3.030000e-06	-7.513023e-06	-1.211369e-08	-5.350164e+01	-7.941292e+02
3.040000e-06	-7.564952e-06	-1.214553e-08	-5.387143e+01	-7.960831e+02
3.050000e-06	-7.613702e-06	-1.217387e-08	-5.421859e+01	-7.978430e+02
3.060000e-06	-7.659374e-06	-1.219852e-08	-5.454383e+01	-7.994371e+02
3.070000e-06	-7.702341e-06	-1.221988e-08	-5.484981e+01	-8.009069e+02
3.080000e-06	-7.742665e-06	-1.223875e-08	-5.513696e+01	-8.022880e+02
3.090000e-06	-7.780061e-06	-1.225460e-08	-5.540326e+01	-8.035959e+02
3.100000e-06	-7.814535e-06	-1.226700e-08	-5.564876e+01	-8.048202e+02
3.110000e-06	-7.846135e-06	-1.227988e-08	-5.587379e+01	-8.059317e+02
3.120000e-06	-7.874658e-06	-1.229467e-08	-5.607691e+01	-8.068974e+02
3.130000e-06	-7.900186e-06	-1.230947e-08	-5.625869e+01	-8.076969e+02
3.140000e-06	-7.922773e-06	-1.232076e-08	-5.641954e+01	-8.083321e+02
3.150000e-06	-7.942343e-06	-1.232614e-08	-5.655890e+01	-8.088268e+02
3.160000e-06	-7.958967e-06	-1.232821e-08	-5.667728e+01	-8.092153e+02
3.170000e-06	-7.972378e-06	-1.233012e-08	-5.677279e+01	-8.095270e+02
3.180000e-06	-7.982550e-06	-1.233161e-08	-5.684523e+01	-8.097729e+02
3.190000e-06	-7.989689e-06	-1.233058e-08	-5.689606e+01	-8.099418e+02
3.200000e-06	-7.993784e-06	-1.232852e-08	-5.692522e+01	-8.100064e+02
3.210000e-06	-7.994993e-06	-1.232664e-08	-5.693384e+01	-8.099371e+02
