# Temperatura_=_42.01
# Concentracion g/m^3_=_18600.0
# C_Vs_to_Am_M_A/Vsm_=_65563218390.804596
# pendiente_HvsI_1/m_=_3716.3
# ordenada_HvsI_A/m_=_1297.0
# frecuencia_Hz_=_310755.4005095746

Tiempo_(s)	Campo_(V.s)	Magnetizacion_(V.s)	Campo_(kA/m)	Magnetizacion_(A/m)
0.000000e+00	-7.979622e-06	-1.288882e-08	-5.692757e+01	-8.459010e+02
1.000000e-08	-7.975178e-06	-1.289007e-08	-5.689587e+01	-8.458075e+02
2.000000e-08	-7.968072e-06	-1.288530e-08	-5.684517e+01	-8.455701e+02
3.000000e-08	-7.958165e-06	-1.288294e-08	-5.677450e+01	-8.451609e+02
4.000000e-08	-7.945282e-06	-1.287565e-08	-5.668259e+01	-8.445782e+02
5.000000e-08	-7.929325e-06	-1.286096e-08	-5.656875e+01	-8.438483e+02
6.000000e-08	-7.910544e-06	-1.283390e-08	-5.643476e+01	-8.430150e+02
7.000000e-08	-7.889301e-06	-1.280973e-08	-5.628321e+01	-8.421217e+02
8.000000e-08	-7.865233e-06	-1.289301e-08	-5.611151e+01	-8.411940e+02
9.000000e-08	-7.837759e-06	-1.289706e-08	-5.591551e+01	-8.402304e+02
1.000000e-07	-7.807007e-06	-1.280634e-08	-5.569612e+01	-8.392049e+02
1.100000e-07	-7.773241e-06	-1.278957e-08	-5.545523e+01	-8.380813e+02
1.200000e-07	-7.736644e-06	-1.279148e-08	-5.519414e+01	-8.368313e+02
1.300000e-07	-7.697607e-06	-1.272973e-08	-5.491564e+01	-8.354502e+02
1.400000e-07	-7.656162e-06	-1.259744e-08	-5.461997e+01	-8.339609e+02
1.500000e-07	-7.612045e-06	-1.272392e-08	-5.430523e+01	-8.324057e+02
1.600000e-07	-7.564955e-06	-1.265885e-08	-5.396929e+01	-8.308280e+02
1.700000e-07	-7.514886e-06	-1.256641e-08	-5.361209e+01	-8.292515e+02
1.800000e-07	-7.461807e-06	-1.269016e-08	-5.323342e+01	-8.276677e+02
1.900000e-07	-7.405772e-06	-1.254661e-08	-5.283366e+01	-8.260346e+02
2.000000e-07	-7.346935e-06	-1.254184e-08	-5.241391e+01	-8.242902e+02
2.100000e-07	-7.285302e-06	-1.248364e-08	-5.197421e+01	-8.223734e+02
2.200000e-07	-7.220906e-06	-1.243932e-08	-5.151480e+01	-8.202443e+02
2.300000e-07	-7.153629e-06	-1.245021e-08	-5.103484e+01	-8.178957e+02
2.400000e-07	-7.083518e-06	-1.235353e-08	-5.053466e+01	-8.153507e+02
2.500000e-07	-7.010535e-06	-1.236340e-08	-5.001399e+01	-8.126479e+02
2.600000e-07	-6.934557e-06	-1.229209e-08	-4.947195e+01	-8.098208e+02
2.700000e-07	-6.855676e-06	-1.227707e-08	-4.890921e+01	-8.068814e+02
2.800000e-07	-6.774001e-06	-1.219670e-08	-4.832653e+01	-8.038142e+02
2.900000e-07	-6.689784e-06	-1.213712e-08	-4.772571e+01	-8.005838e+02
3.000000e-07	-6.603189e-06	-1.211932e-08	-4.710794e+01	-7.971525e+02
3.100000e-07	-6.514117e-06	-1.202701e-08	-4.647248e+01	-7.934992e+02
3.200000e-07	-6.422543e-06	-1.202058e-08	-4.581919e+01	-7.896320e+02
3.300000e-07	-6.328523e-06	-1.193533e-08	-4.514844e+01	-7.855869e+02
3.400000e-07	-6.232098e-06	-1.187078e-08	-4.446053e+01	-7.814143e+02
3.500000e-07	-6.133295e-06	-1.180701e-08	-4.375566e+01	-7.771581e+02
3.600000e-07	-6.032147e-06	-1.174797e-08	-4.303405e+01	-7.728363e+02
3.700000e-07	-5.928681e-06	-1.168187e-08	-4.229591e+01	-7.684328e+02
3.800000e-07	-5.822893e-06	-1.159818e-08	-4.154121e+01	-7.639024e+02
3.900000e-07	-5.714907e-06	-1.154897e-08	-4.077083e+01	-7.591887e+02
4.000000e-07	-5.604865e-06	-1.146176e-08	-3.998577e+01	-7.542459e+02
4.100000e-07	-5.492709e-06	-1.139935e-08	-3.918564e+01	-7.490556e+02
4.200000e-07	-5.378273e-06	-1.129935e-08	-3.836924e+01	-7.436325e+02
4.300000e-07	-5.261570e-06	-1.121524e-08	-3.753667e+01	-7.380141e+02
4.400000e-07	-5.142776e-06	-1.113437e-08	-3.668918e+01	-7.322424e+02
4.500000e-07	-5.021989e-06	-1.105498e-08	-3.582746e+01	-7.263427e+02
4.600000e-07	-4.899275e-06	-1.096348e-08	-3.495201e+01	-7.203109e+02
4.700000e-07	-4.774704e-06	-1.086393e-08	-3.406331e+01	-7.141134e+02
4.800000e-07	-4.648305e-06	-1.077453e-08	-3.316156e+01	-7.077000e+02
4.900000e-07	-4.520145e-06	-1.066946e-08	-3.224725e+01	-7.010237e+02
5.000000e-07	-4.390213e-06	-1.056818e-08	-3.132030e+01	-6.940584e+02
5.100000e-07	-4.258561e-06	-1.044891e-08	-3.038108e+01	-6.868073e+02
5.200000e-07	-4.125243e-06	-1.034038e-08	-2.942997e+01	-6.792973e+02
5.300000e-07	-3.990289e-06	-1.022747e-08	-2.846719e+01	-6.715643e+02
5.400000e-07	-3.853835e-06	-1.011376e-08	-2.749372e+01	-6.636339e+02
5.500000e-07	-3.715890e-06	-9.986519e-09	-2.650960e+01	-6.555078e+02
5.600000e-07	-3.576380e-06	-9.854158e-09	-2.551432e+01	-6.471615e+02
5.700000e-07	-3.435308e-06	-9.727183e-09	-2.450789e+01	-6.385532e+02
5.800000e-07	-3.292718e-06	-9.595844e-09	-2.349064e+01	-6.296407e+02
5.900000e-07	-3.148680e-06	-9.454977e-09	-2.246306e+01	-6.203967e+02
6.000000e-07	-3.003405e-06	-9.301939e-09	-2.142665e+01	-6.108167e+02
6.100000e-07	-2.857094e-06	-9.154099e-09	-2.038285e+01	-6.009153e+02
6.200000e-07	-2.709721e-06	-9.003029e-09	-1.933147e+01	-5.907125e+02
6.300000e-07	-2.561329e-06	-8.845411e-09	-1.827283e+01	-5.802175e+02
6.400000e-07	-2.412105e-06	-8.677959e-09	-1.720825e+01	-5.694171e+02
6.500000e-07	-2.262014e-06	-8.506237e-09	-1.613748e+01	-5.582751e+02
6.600000e-07	-2.111007e-06	-8.330987e-09	-1.506017e+01	-5.467421e+02
6.700000e-07	-1.959207e-06	-8.149737e-09	-1.397721e+01	-5.347722e+02
6.800000e-07	-1.806684e-06	-7.961103e-09	-1.288910e+01	-5.223381e+02
6.900000e-07	-1.653484e-06	-7.760540e-09	-1.179615e+01	-5.094372e+02
7.000000e-07	-1.499632e-06	-7.557134e-09	-1.069855e+01	-4.960854e+02
7.100000e-07	-1.345172e-06	-7.350271e-09	-9.596614e+00	-4.823012e+02
7.200000e-07	-1.190193e-06	-7.136899e-09	-8.490982e+00	-4.680870e+02
7.300000e-07	-1.034775e-06	-6.911817e-09	-7.382205e+00	-4.534163e+02
7.400000e-07	-8.790236e-07	-6.677091e-09	-6.271059e+00	-4.382326e+02
7.500000e-07	-7.229955e-07	-6.438163e-09	-5.157936e+00	-4.224607e+02
7.600000e-07	-5.666973e-07	-6.191265e-09	-4.042886e+00	-4.060251e+02
7.700000e-07	-4.102007e-07	-5.931985e-09	-2.926421e+00	-3.888657e+02
7.800000e-07	-2.535632e-07	-5.656911e-09	-1.808950e+00	-3.709441e+02
7.900000e-07	-9.683080e-08	-5.371739e-09	-6.908025e-01	-3.522369e+02
8.000000e-07	5.994188e-08	-5.076864e-09	4.276325e-01	-3.327185e+02
8.100000e-07	2.166823e-07	-4.768120e-09	1.545837e+00	-3.123435e+02
8.200000e-07	3.733328e-07	-4.442083e-09	2.663401e+00	-2.910380e+02
8.300000e-07	5.299098e-07	-4.100926e-09	3.780439e+00	-2.687070e+02
8.400000e-07	6.863542e-07	-3.745444e-09	4.896533e+00	-2.452557e+02
8.500000e-07	8.425579e-07	-3.370055e-09	6.010908e+00	-2.206169e+02
8.600000e-07	9.984731e-07	-2.975703e-09	7.123226e+00	-1.947694e+02
8.700000e-07	1.154022e-06	-2.562043e-09	8.232933e+00	-1.677364e+02
8.800000e-07	1.309125e-06	-2.132711e-09	9.339453e+00	-1.395576e+02
8.900000e-07	1.463775e-06	-1.689111e-09	1.044275e+01	-1.102442e+02
9.000000e-07	1.617930e-06	-1.225651e-09	1.154251e+01	-7.973122e+01
9.100000e-07	1.771366e-06	-7.353505e-10	1.263713e+01	-4.785087e+01
9.200000e-07	1.924029e-06	-2.183532e-10	1.372625e+01	-1.434543e+01
9.300000e-07	2.076040e-06	3.230642e-10	1.481071e+01	2.107460e+01
9.400000e-07	2.227237e-06	8.932887e-10	1.588938e+01	5.863555e+01
9.500000e-07	2.377448e-06	1.496899e-09	1.696100e+01	9.839344e+01
9.600000e-07	2.526663e-06	2.133610e-09	1.802551e+01	1.401466e+02
9.700000e-07	2.674930e-06	2.790249e-09	1.908327e+01	1.833972e+02
9.800000e-07	2.822211e-06	3.456650e-09	2.013399e+01	2.273793e+02
9.900000e-07	2.968384e-06	4.122629e-09	2.117680e+01	2.711500e+02
1.000000e-06	3.113409e-06	4.774304e-09	2.221143e+01	3.137236e+02
1.010000e-06	3.257277e-06	5.391894e-09	2.323780e+01	3.542161e+02
1.020000e-06	3.399861e-06	5.962850e-09	2.425501e+01	3.919633e+02
1.030000e-06	3.540994e-06	6.482062e-09	2.526188e+01	4.265864e+02
1.040000e-06	3.680654e-06	6.953380e-09	2.625822e+01	4.579964e+02
1.050000e-06	3.818879e-06	7.382470e-09	2.724434e+01	4.863417e+02
1.060000e-06	3.955572e-06	7.771284e-09	2.821952e+01	5.119239e+02
1.070000e-06	4.090666e-06	8.125235e-09	2.918330e+01	5.351059e+02
1.080000e-06	4.224201e-06	8.447669e-09	3.013595e+01	5.562375e+02
1.090000e-06	4.356170e-06	8.744652e-09	3.107744e+01	5.756127e+02
1.100000e-06	4.486526e-06	9.015471e-09	3.200741e+01	5.934580e+02
1.110000e-06	4.615143e-06	9.263259e-09	3.292498e+01	6.099455e+02
1.120000e-06	4.742045e-06	9.491877e-09	3.383031e+01	6.252141e+02
1.130000e-06	4.867246e-06	9.703791e-09	3.472351e+01	6.393896e+02
1.140000e-06	4.990660e-06	9.905010e-09	3.560396e+01	6.525927e+02
1.150000e-06	5.112218e-06	1.009437e-08	3.647117e+01	6.649383e+02
1.160000e-06	5.231786e-06	1.026976e-08	3.732418e+01	6.765271e+02
1.170000e-06	5.349209e-06	1.043419e-08	3.816189e+01	6.874391e+02
1.180000e-06	5.464449e-06	1.059191e-08	3.898403e+01	6.977310e+02
1.190000e-06	5.577539e-06	1.074270e-08	3.979082e+01	7.074409e+02
1.200000e-06	5.688456e-06	1.088423e-08	4.058212e+01	7.165973e+02
1.210000e-06	5.797211e-06	1.101670e-08	4.135799e+01	7.252273e+02
1.220000e-06	5.903780e-06	1.114196e-08	4.211827e+01	7.333619e+02
1.230000e-06	6.008082e-06	1.126194e-08	4.286237e+01	7.410365e+02
1.240000e-06	6.110016e-06	1.137453e-08	4.358958e+01	7.482874e+02
1.250000e-06	6.209596e-06	1.147919e-08	4.430000e+01	7.551471e+02
1.260000e-06	6.306764e-06	1.157818e-08	4.499321e+01	7.616417e+02
1.270000e-06	6.401499e-06	1.167470e-08	4.566905e+01	7.677906e+02
1.280000e-06	6.493859e-06	1.176686e-08	4.632796e+01	7.736096e+02
1.290000e-06	6.583761e-06	1.185266e-08	4.696934e+01	7.791135e+02
1.300000e-06	6.671196e-06	1.193146e-08	4.759311e+01	7.843175e+02
1.310000e-06	6.756196e-06	1.200632e-08	4.819951e+01	7.892363e+02
1.320000e-06	6.838658e-06	1.207788e-08	4.878780e+01	7.938823e+02
1.330000e-06	6.918482e-06	1.214389e-08	4.935727e+01	7.982633e+02
1.340000e-06	6.995614e-06	1.220526e-08	4.990754e+01	8.023831e+02
1.350000e-06	7.069957e-06	1.226418e-08	5.043792e+01	8.062446e+02
1.360000e-06	7.141571e-06	1.232288e-08	5.094881e+01	8.098550e+02
1.370000e-06	7.210502e-06	1.237916e-08	5.144058e+01	8.132287e+02
1.380000e-06	7.276656e-06	1.243027e-08	5.191253e+01	8.163890e+02
1.390000e-06	7.340095e-06	1.247566e-08	5.236511e+01	8.193634e+02
1.400000e-06	7.400869e-06	1.251807e-08	5.279868e+01	8.221768e+02
1.410000e-06	7.458859e-06	1.255891e-08	5.321239e+01	8.248445e+02
1.420000e-06	7.514024e-06	1.259837e-08	5.360594e+01	8.273676e+02
1.430000e-06	7.566119e-06	1.263540e-08	5.397759e+01	8.297350e+02
1.440000e-06	7.614971e-06	1.267031e-08	5.432611e+01	8.319302e+02
1.450000e-06	7.660908e-06	1.270431e-08	5.465383e+01	8.339413e+02
1.460000e-06	7.703976e-06	1.273629e-08	5.496108e+01	8.357689e+02
1.470000e-06	7.744103e-06	1.276415e-08	5.524735e+01	8.374283e+02
1.480000e-06	7.781446e-06	1.278733e-08	5.551376e+01	8.389449e+02
1.490000e-06	7.815859e-06	1.280902e-08	5.575927e+01	8.403441e+02
1.500000e-06	7.847286e-06	1.283068e-08	5.598347e+01	8.416399e+02
1.510000e-06	7.875865e-06	1.285173e-08	5.618736e+01	8.428282e+02
1.520000e-06	7.901397e-06	1.287045e-08	5.636951e+01	8.438882e+02
1.530000e-06	7.923873e-06	1.288658e-08	5.652985e+01	8.447911e+02
1.540000e-06	7.943466e-06	1.290013e-08	5.666963e+01	8.455145e+02
1.550000e-06	7.960087e-06	1.291026e-08	5.678821e+01	8.460544e+02
1.560000e-06	7.973491e-06	1.291745e-08	5.688383e+01	8.464300e+02
1.570000e-06	7.983549e-06	1.292197e-08	5.695559e+01	8.466792e+02
1.580000e-06	7.990540e-06	1.292685e-08	5.700546e+01	8.468445e+02
1.590000e-06	7.994583e-06	1.293111e-08	5.703431e+01	8.469570e+02
1.600000e-06	7.995591e-06	1.293806e-08	5.704150e+01	8.470232e+02
1.610000e-06	7.993818e-06	1.292997e-08	5.702885e+01	8.470225e+02
1.620000e-06	7.989268e-06	1.292436e-08	5.699639e+01	8.469155e+02
1.630000e-06	7.981799e-06	1.292265e-08	5.694310e+01	8.466607e+02
1.640000e-06	7.971461e-06	1.291313e-08	5.686935e+01	8.462325e+02
1.650000e-06	7.958137e-06	1.290536e-08	5.677430e+01	8.456323e+02
1.660000e-06	7.941986e-06	1.290652e-08	5.665907e+01	8.448891e+02
1.670000e-06	7.923388e-06	1.293320e-08	5.652640e+01	8.440475e+02
1.680000e-06	7.902183e-06	1.283504e-08	5.637511e+01	8.431497e+02
1.690000e-06	7.877787e-06	1.274691e-08	5.620107e+01	8.422188e+02
1.700000e-06	7.849580e-06	1.280700e-08	5.599984e+01	8.412501e+02
1.710000e-06	7.817650e-06	1.279843e-08	5.577204e+01	8.402159e+02
1.720000e-06	7.782887e-06	1.274669e-08	5.552405e+01	8.390798e+02
1.730000e-06	7.745626e-06	1.280422e-08	5.525822e+01	8.378155e+02
1.740000e-06	7.706060e-06	1.286390e-08	5.497595e+01	8.364212e+02
1.750000e-06	7.664484e-06	1.265409e-08	5.467934e+01	8.349227e+02
1.760000e-06	7.620287e-06	1.273782e-08	5.436403e+01	8.333632e+02
1.770000e-06	7.573125e-06	1.271880e-08	5.402758e+01	8.317849e+02
1.780000e-06	7.523104e-06	1.261216e-08	5.367072e+01	8.302087e+02
1.790000e-06	7.469724e-06	1.272549e-08	5.328990e+01	8.286221e+02
1.800000e-06	7.413329e-06	1.255516e-08	5.288757e+01	8.269803e+02
1.810000e-06	7.354147e-06	1.266889e-08	5.246536e+01	8.252202e+02
1.820000e-06	7.291964e-06	1.257957e-08	5.202174e+01	8.232820e+02
1.830000e-06	7.227090e-06	1.254945e-08	5.155892e+01	8.211291e+02
1.840000e-06	7.159319e-06	1.259560e-08	5.107543e+01	8.187580e+02
1.850000e-06	7.088642e-06	1.243603e-08	5.057122e+01	8.161942e+02
1.860000e-06	7.015072e-06	1.251667e-08	5.004636e+01	8.134767e+02
1.870000e-06	6.938542e-06	1.237032e-08	4.950038e+01	8.106375e+02
1.880000e-06	6.859220e-06	1.239698e-08	4.893449e+01	8.076856e+02
1.890000e-06	6.777302e-06	1.232338e-08	4.835008e+01	8.046028e+02
1.900000e-06	6.692877e-06	1.225124e-08	4.774778e+01	8.013526e+02
1.910000e-06	6.605761e-06	1.227814e-08	4.712629e+01	7.978980e+02
1.920000e-06	6.516161e-06	1.211021e-08	4.648707e+01	7.942209e+02
1.930000e-06	6.424095e-06	1.212807e-08	4.583026e+01	7.903325e+02
1.940000e-06	6.329504e-06	1.200364e-08	4.515544e+01	7.862713e+02
1.950000e-06	6.232596e-06	1.199340e-08	4.446408e+01	7.820880e+02
1.960000e-06	6.133437e-06	1.190733e-08	4.375667e+01	7.778244e+02
1.970000e-06	6.031952e-06	1.183879e-08	4.303266e+01	7.734953e+02
1.980000e-06	5.928084e-06	1.177907e-08	4.229166e+01	7.690807e+02
1.990000e-06	5.821975e-06	1.167727e-08	4.153466e+01	7.645334e+02
2.000000e-06	5.713668e-06	1.164272e-08	4.076198e+01	7.597970e+02
2.010000e-06	5.603151e-06	1.151885e-08	3.997355e+01	7.548279e+02
2.020000e-06	5.490393e-06	1.148189e-08	3.916912e+01	7.496115e+02
2.030000e-06	5.375419e-06	1.137447e-08	3.834888e+01	7.441653e+02
2.040000e-06	5.258211e-06	1.131549e-08	3.751270e+01	7.385287e+02
2.050000e-06	5.138932e-06	1.120539e-08	3.666175e+01	7.327425e+02
2.060000e-06	5.017738e-06	1.111096e-08	3.579714e+01	7.268295e+02
2.070000e-06	4.894653e-06	1.100485e-08	3.491903e+01	7.207820e+02
2.080000e-06	4.769688e-06	1.091149e-08	3.402753e+01	7.145639e+02
2.090000e-06	4.642851e-06	1.082772e-08	3.312265e+01	7.081243e+02
2.100000e-06	4.514245e-06	1.071765e-08	3.220516e+01	7.014178e+02
2.110000e-06	4.383895e-06	1.061781e-08	3.127523e+01	6.944213e+02
2.120000e-06	4.251955e-06	1.049460e-08	3.033395e+01	6.871408e+02
2.130000e-06	4.118403e-06	1.038965e-08	2.938118e+01	6.796052e+02
2.140000e-06	3.983220e-06	1.025604e-08	2.841677e+01	6.718502e+02
2.150000e-06	3.846401e-06	1.013736e-08	2.744068e+01	6.638992e+02
2.160000e-06	3.707977e-06	1.000556e-08	2.645315e+01	6.557512e+02
2.170000e-06	3.568047e-06	9.889883e-09	2.545487e+01	6.473789e+02
2.180000e-06	3.426653e-06	9.756545e-09	2.444615e+01	6.387399e+02
2.190000e-06	3.283914e-06	9.619853e-09	2.342783e+01	6.297928e+02
2.200000e-06	3.139936e-06	9.472291e-09	2.240067e+01	6.205126e+02
2.210000e-06	2.994749e-06	9.323027e-09	2.136489e+01	6.108973e+02
2.220000e-06	2.848362e-06	9.174518e-09	2.032055e+01	6.009628e+02
2.230000e-06	2.700941e-06	9.015926e-09	1.926883e+01	5.907285e+02
2.240000e-06	2.552529e-06	8.855780e-09	1.821004e+01	5.802019e+02
2.250000e-06	2.403096e-06	8.687484e-09	1.714397e+01	5.693670e+02
2.260000e-06	2.252706e-06	8.523020e-09	1.607107e+01	5.581856e+02
2.270000e-06	2.101542e-06	8.345978e-09	1.499265e+01	5.466077e+02
2.280000e-06	1.949687e-06	8.161470e-09	1.390930e+01	5.345890e+02
2.290000e-06	1.797145e-06	7.966419e-09	1.282104e+01	5.221046e+02
2.300000e-06	1.643911e-06	7.768152e-09	1.172786e+01	5.091544e+02
2.310000e-06	1.489988e-06	7.566340e-09	1.062975e+01	4.957555e+02
2.320000e-06	1.335478e-06	7.356447e-09	9.527459e+00	4.819256e+02
2.330000e-06	1.180500e-06	7.141483e-09	8.421826e+00	4.676643e+02
2.340000e-06	1.025168e-06	6.917243e-09	7.313672e+00	4.529418e+02
2.350000e-06	8.694874e-07	6.681776e-09	6.203027e+00	4.376988e+02
2.360000e-06	7.135206e-07	6.435052e-09	5.090341e+00	4.218594e+02
2.370000e-06	5.572701e-07	6.179028e-09	3.975631e+00	4.053487e+02
2.380000e-06	4.007481e-07	5.916835e-09	2.858984e+00	3.881091e+02
2.390000e-06	2.441499e-07	5.644887e-09	1.741794e+00	3.701043e+02
2.400000e-06	8.748089e-08	5.360602e-09	6.240991e-01	3.513117e+02
2.410000e-06	-6.925495e-08	5.061777e-09	-4.940730e-01	3.317042e+02
2.420000e-06	-2.260268e-07	4.748878e-09	-1.612502e+00	3.112335e+02
2.430000e-06	-3.827696e-07	4.420406e-09	-2.730724e+00	2.898229e+02
2.440000e-06	-5.393043e-07	4.074312e-09	-3.847461e+00	2.673761e+02
2.450000e-06	-6.955851e-07	3.710497e-09	-4.962387e+00	2.438001e+02
2.460000e-06	-8.516530e-07	3.330994e-09	-6.075794e+00	2.190319e+02
2.470000e-06	-1.007424e-06	2.937625e-09	-7.187082e+00	1.930557e+02
2.480000e-06	-1.162849e-06	2.527865e-09	-8.295902e+00	1.658981e+02
2.490000e-06	-1.317892e-06	2.098843e-09	-9.402001e+00	1.375982e+02
2.500000e-06	-1.472419e-06	1.649435e-09	-1.050441e+01	1.081611e+02
2.510000e-06	-1.626269e-06	1.178963e-09	-1.160200e+01	7.751151e+01
2.520000e-06	-1.779336e-06	6.874862e-10	-1.269399e+01	4.547059e+01
2.530000e-06	-1.931667e-06	1.721029e-10	-1.378074e+01	1.177363e+01
2.540000e-06	-2.083312e-06	-3.721390e-10	-1.486260e+01	-2.386707e+01
2.550000e-06	-2.234232e-06	-9.478671e-10	-1.593928e+01	-6.166466e+01
2.560000e-06	-2.384315e-06	-1.554897e-09	-1.700999e+01	-1.016511e+02
2.570000e-06	-2.533441e-06	-2.191694e-09	-1.807387e+01	-1.435937e+02
2.580000e-06	-2.681534e-06	-2.853298e-09	-1.913038e+01	-1.869634e+02
2.590000e-06	-2.828618e-06	-3.528846e-09	-2.017970e+01	-2.309699e+02
2.600000e-06	-2.974616e-06	-4.201434e-09	-2.122127e+01	-2.746588e+02
2.610000e-06	-3.119393e-06	-4.852459e-09	-2.225412e+01	-3.170487e+02
2.620000e-06	-3.262957e-06	-5.467984e-09	-2.327833e+01	-3.572742e+02
2.630000e-06	-3.405302e-06	-6.040539e-09	-2.429383e+01	-3.946994e+02
2.640000e-06	-3.546288e-06	-6.564857e-09	-2.529964e+01	-4.289778e+02
2.650000e-06	-3.685844e-06	-7.040156e-09	-2.629525e+01	-4.600488e+02
2.660000e-06	-3.823919e-06	-7.470364e-09	-2.728029e+01	-4.880818e+02
2.670000e-06	-3.960393e-06	-7.860996e-09	-2.825392e+01	-5.133892e+02
2.680000e-06	-4.095313e-06	-8.216787e-09	-2.921645e+01	-5.363354e+02
2.690000e-06	-4.228728e-06	-8.540173e-09	-3.016825e+01	-5.572660e+02
2.700000e-06	-4.360560e-06	-8.833270e-09	-3.110876e+01	-5.764675e+02
2.710000e-06	-4.490770e-06	-9.099656e-09	-3.203769e+01	-5.941600e+02
2.720000e-06	-4.619296e-06	-9.347771e-09	-3.295460e+01	-6.105105e+02
2.730000e-06	-4.746128e-06	-9.582150e-09	-3.385944e+01	-6.256562e+02
2.740000e-06	-4.871245e-06	-9.801211e-09	-3.475204e+01	-6.397217e+02
2.750000e-06	-4.994496e-06	-1.000334e-08	-3.563133e+01	-6.528276e+02
2.760000e-06	-5.115757e-06	-1.019153e-08	-3.649642e+01	-6.650876e+02
2.770000e-06	-5.235033e-06	-1.036950e-08	-3.734734e+01	-6.766005e+02
2.780000e-06	-5.352320e-06	-1.053501e-08	-3.818408e+01	-6.874437e+02
2.790000e-06	-5.467302e-06	-1.068919e-08	-3.900438e+01	-6.976716e+02
2.800000e-06	-5.579899e-06	-1.083512e-08	-3.980767e+01	-7.073210e+02
2.810000e-06	-5.690229e-06	-1.097269e-08	-4.059477e+01	-7.164197e+02
2.820000e-06	-5.798323e-06	-1.110193e-08	-4.136593e+01	-7.249949e+02
2.830000e-06	-5.904333e-06	-1.122372e-08	-4.212221e+01	-7.330785e+02
2.840000e-06	-6.008179e-06	-1.133788e-08	-4.286306e+01	-7.407061e+02
2.850000e-06	-6.109701e-06	-1.144472e-08	-4.358734e+01	-7.479136e+02
2.860000e-06	-6.208842e-06	-1.154680e-08	-4.429462e+01	-7.547331e+02
2.870000e-06	-6.305627e-06	-1.164460e-08	-4.498509e+01	-7.611897e+02
2.880000e-06	-6.400082e-06	-1.173848e-08	-4.565895e+01	-7.673025e+02
2.890000e-06	-6.492109e-06	-1.182554e-08	-4.631548e+01	-7.730871e+02
2.900000e-06	-6.581709e-06	-1.190706e-08	-4.695470e+01	-7.785581e+02
2.910000e-06	-6.668877e-06	-1.198400e-08	-4.757656e+01	-7.837309e+02
2.920000e-06	-6.753476e-06	-1.205729e-08	-4.818010e+01	-7.886199e+02
2.930000e-06	-6.835549e-06	-1.212815e-08	-4.876562e+01	-7.932372e+02
2.940000e-06	-6.915040e-06	-1.219539e-08	-4.933272e+01	-7.975901e+02
2.950000e-06	-6.991731e-06	-1.225894e-08	-4.987984e+01	-8.016820e+02
2.960000e-06	-7.065620e-06	-1.231696e-08	-5.040697e+01	-8.055162e+02
2.970000e-06	-7.136770e-06	-1.236881e-08	-5.091457e+01	-8.091003e+02
2.980000e-06	-7.205178e-06	-1.241642e-08	-5.140260e+01	-8.124499e+02
2.990000e-06	-7.270899e-06	-1.246251e-08	-5.187146e+01	-8.155890e+02
3.000000e-06	-7.333907e-06	-1.250618e-08	-5.232096e+01	-8.185450e+02
3.010000e-06	-7.394116e-06	-1.254727e-08	-5.275050e+01	-8.213424e+02
3.020000e-06	-7.451551e-06	-1.258589e-08	-5.316025e+01	-8.239948e+02
3.030000e-06	-7.506118e-06	-1.262374e-08	-5.354954e+01	-8.265019e+02
3.040000e-06	-7.557613e-06	-1.265759e-08	-5.391691e+01	-8.288516e+02
3.050000e-06	-7.605864e-06	-1.268896e-08	-5.426114e+01	-8.310275e+02
3.060000e-06	-7.651087e-06	-1.271680e-08	-5.458376e+01	-8.330186e+02
3.070000e-06	-7.693722e-06	-1.274167e-08	-5.488793e+01	-8.348271e+02
3.080000e-06	-7.733624e-06	-1.276505e-08	-5.517259e+01	-8.364699e+02
3.090000e-06	-7.770572e-06	-1.278728e-08	-5.543618e+01	-8.379728e+02
3.100000e-06	-7.804703e-06	-1.280624e-08	-5.567968e+01	-8.393606e+02
3.110000e-06	-7.835901e-06	-1.282265e-08	-5.590225e+01	-8.406454e+02
3.120000e-06	-7.864031e-06	-1.283719e-08	-5.610293e+01	-8.418212e+02
3.130000e-06	-7.889232e-06	-1.285158e-08	-5.628272e+01	-8.428657e+02
3.140000e-06	-7.911489e-06	-1.286454e-08	-5.644150e+01	-8.437502e+02
3.150000e-06	-7.930760e-06	-1.287369e-08	-5.657898e+01	-8.444538e+02
3.160000e-06	-7.947085e-06	-1.287958e-08	-5.669545e+01	-8.449747e+02
3.170000e-06	-7.960182e-06	-1.288290e-08	-5.678889e+01	-8.453347e+02
3.180000e-06	-7.970047e-06	-1.288552e-08	-5.685926e+01	-8.455729e+02
3.190000e-06	-7.976859e-06	-1.288596e-08	-5.690786e+01	-8.457315e+02
3.200000e-06	-7.980611e-06	-1.288331e-08	-5.693463e+01	-8.458392e+02
3.210000e-06	-7.981451e-06	-1.287836e-08	-5.694062e+01	-8.458996e+02
