# Temperatura_=_47.69
# Concentracion g/m^3_=_18600.0
# C_Vs_to_Am_M_A/Vsm_=_65563218390.804596
# pendiente_HvsI_1/m_=_3716.3
# ordenada_HvsI_A/m_=_1297.0
# frecuencia_Hz_=_238261.581742535

Tiempo_(s)	Campo_(V.s)	Magnetizacion_(V.s)	Campo_(kA/m)	Magnetizacion_(A/m)
0.000000e+00	-7.583856e-06	-1.256575e-08	-5.695470e+01	-8.249399e+02
1.000000e-08	-7.581970e-06	-1.256251e-08	-5.694053e+01	-8.248254e+02
2.000000e-08	-7.578294e-06	-1.255975e-08	-5.691293e+01	-8.246469e+02
3.000000e-08	-7.573162e-06	-1.255714e-08	-5.687439e+01	-8.244018e+02
4.000000e-08	-7.566676e-06	-1.255736e-08	-5.682568e+01	-8.240864e+02
5.000000e-08	-7.558766e-06	-1.255817e-08	-5.676628e+01	-8.236974e+02
6.000000e-08	-7.549120e-06	-1.255544e-08	-5.669384e+01	-8.232346e+02
7.000000e-08	-7.537560e-06	-1.253994e-08	-5.660702e+01	-8.227017e+02
8.000000e-08	-7.524193e-06	-1.252258e-08	-5.650663e+01	-8.221073e+02
9.000000e-08	-7.508695e-06	-1.255529e-08	-5.639024e+01	-8.214635e+02
1.000000e-07	-7.490878e-06	-1.257450e-08	-5.625643e+01	-8.207839e+02
1.100000e-07	-7.471249e-06	-1.255079e-08	-5.610902e+01	-8.200804e+02
1.200000e-07	-7.450216e-06	-1.252192e-08	-5.595107e+01	-8.193599e+02
1.300000e-07	-7.427977e-06	-1.243157e-08	-5.578405e+01	-8.186225e+02
1.400000e-07	-7.404512e-06	-1.244696e-08	-5.560783e+01	-8.178597e+02
1.500000e-07	-7.379353e-06	-1.251977e-08	-5.541889e+01	-8.170560e+02
1.600000e-07	-7.352387e-06	-1.241095e-08	-5.521637e+01	-8.161911e+02
1.700000e-07	-7.323888e-06	-1.242824e-08	-5.500234e+01	-8.152435e+02
1.800000e-07	-7.293815e-06	-1.246458e-08	-5.477649e+01	-8.141950e+02
1.900000e-07	-7.262311e-06	-1.233567e-08	-5.453990e+01	-8.130342e+02
2.000000e-07	-7.229389e-06	-1.236785e-08	-5.429266e+01	-8.117582e+02
2.100000e-07	-7.194621e-06	-1.236126e-08	-5.403155e+01	-8.103736e+02
2.200000e-07	-7.158183e-06	-1.225536e-08	-5.375790e+01	-8.088943e+02
2.300000e-07	-7.120211e-06	-1.229531e-08	-5.347273e+01	-8.073388e+02
2.400000e-07	-7.080636e-06	-1.231449e-08	-5.317552e+01	-8.057254e+02
2.500000e-07	-7.039556e-06	-1.227930e-08	-5.286701e+01	-8.040695e+02
2.600000e-07	-6.996762e-06	-1.223981e-08	-5.254563e+01	-8.023797e+02
2.700000e-07	-6.952267e-06	-1.217044e-08	-5.221147e+01	-8.006568e+02
2.800000e-07	-6.906309e-06	-1.215054e-08	-5.186633e+01	-7.988947e+02
2.900000e-07	-6.858882e-06	-1.213831e-08	-5.151015e+01	-7.970818e+02
3.000000e-07	-6.809690e-06	-1.213407e-08	-5.114072e+01	-7.952043e+02
3.100000e-07	-6.758508e-06	-1.209909e-08	-5.075634e+01	-7.932495e+02
3.200000e-07	-6.705564e-06	-1.206237e-08	-5.035873e+01	-7.912081e+02
3.300000e-07	-6.651167e-06	-1.206063e-08	-4.995022e+01	-7.890759e+02
3.400000e-07	-6.595518e-06	-1.199862e-08	-4.953229e+01	-7.868539e+02
3.500000e-07	-6.538446e-06	-1.194513e-08	-4.910368e+01	-7.845472e+02
3.600000e-07	-6.479664e-06	-1.189260e-08	-4.866223e+01	-7.821625e+02
3.700000e-07	-6.419330e-06	-1.185711e-08	-4.820912e+01	-7.797065e+02
3.800000e-07	-6.357643e-06	-1.186484e-08	-4.774585e+01	-7.771835e+02
3.900000e-07	-6.294606e-06	-1.183200e-08	-4.727244e+01	-7.745944e+02
4.000000e-07	-6.230233e-06	-1.177962e-08	-4.678900e+01	-7.719366e+02
4.100000e-07	-6.164355e-06	-1.171883e-08	-4.629426e+01	-7.692048e+02
4.200000e-07	-6.096892e-06	-1.167552e-08	-4.578761e+01	-7.663922e+02
4.300000e-07	-6.028016e-06	-1.163536e-08	-4.527036e+01	-7.634924e+02
4.400000e-07	-5.957856e-06	-1.157729e-08	-4.474346e+01	-7.605001e+02
4.500000e-07	-5.886540e-06	-1.152855e-08	-4.420787e+01	-7.574123e+02
4.600000e-07	-5.813878e-06	-1.149044e-08	-4.366218e+01	-7.542279e+02
4.700000e-07	-5.739741e-06	-1.146923e-08	-4.310541e+01	-7.509473e+02
4.800000e-07	-5.664135e-06	-1.141806e-08	-4.253761e+01	-7.475716e+02
4.900000e-07	-5.587036e-06	-1.134211e-08	-4.195859e+01	-7.441015e+02
5.000000e-07	-5.508469e-06	-1.127695e-08	-4.136856e+01	-7.405369e+02
5.100000e-07	-5.428411e-06	-1.122487e-08	-4.076732e+01	-7.368772e+02
5.200000e-07	-5.347063e-06	-1.117980e-08	-4.015640e+01	-7.331211e+02
5.300000e-07	-5.264636e-06	-1.111948e-08	-3.953738e+01	-7.292679e+02
5.400000e-07	-5.181211e-06	-1.105318e-08	-3.891085e+01	-7.253173e+02
5.500000e-07	-5.096807e-06	-1.099206e-08	-3.827698e+01	-7.212703e+02
5.600000e-07	-5.011415e-06	-1.093774e-08	-3.763569e+01	-7.171283e+02
5.700000e-07	-4.925073e-06	-1.087203e-08	-3.698726e+01	-7.128928e+02
5.800000e-07	-4.837802e-06	-1.079019e-08	-3.633186e+01	-7.085640e+02
5.900000e-07	-4.749463e-06	-1.071721e-08	-3.566843e+01	-7.041401e+02
6.000000e-07	-4.660036e-06	-1.065961e-08	-3.499684e+01	-6.996165e+02
6.100000e-07	-4.569531e-06	-1.060277e-08	-3.431714e+01	-6.949858e+02
6.200000e-07	-4.477887e-06	-1.052578e-08	-3.362890e+01	-6.902388e+02
6.300000e-07	-4.385326e-06	-1.043517e-08	-3.293376e+01	-6.853660e+02
6.400000e-07	-4.291872e-06	-1.035413e-08	-3.223193e+01	-6.803588e+02
6.500000e-07	-4.197446e-06	-1.028622e-08	-3.152279e+01	-6.752116e+02
6.600000e-07	-4.102165e-06	-1.021543e-08	-3.080723e+01	-6.699225e+02
6.700000e-07	-4.006012e-06	-1.013120e-08	-3.008512e+01	-6.644931e+02
6.800000e-07	-3.908884e-06	-1.004543e-08	-2.935569e+01	-6.589279e+02
6.900000e-07	-3.810823e-06	-9.963455e-09	-2.861925e+01	-6.532323e+02
7.000000e-07	-3.711839e-06	-9.876493e-09	-2.787588e+01	-6.474105e+02
7.100000e-07	-3.611908e-06	-9.776054e-09	-2.712540e+01	-6.414640e+02
7.200000e-07	-3.511201e-06	-9.669726e-09	-2.636910e+01	-6.353898e+02
7.300000e-07	-3.409727e-06	-9.576752e-09	-2.560702e+01	-6.291807e+02
7.400000e-07	-3.307500e-06	-9.498758e-09	-2.483930e+01	-6.228262e+02
7.500000e-07	-3.204611e-06	-9.415534e-09	-2.406660e+01	-6.163138e+02
7.600000e-07	-3.100965e-06	-9.309177e-09	-2.328822e+01	-6.096317e+02
7.700000e-07	-2.996546e-06	-9.191386e-09	-2.250404e+01	-6.027705e+02
7.800000e-07	-2.891467e-06	-9.078883e-09	-2.171489e+01	-5.957242e+02
7.900000e-07	-2.785815e-06	-8.970189e-09	-2.092145e+01	-5.884906e+02
8.000000e-07	-2.679474e-06	-8.857579e-09	-2.012283e+01	-5.810702e+02
8.100000e-07	-2.572318e-06	-8.741142e-09	-1.931809e+01	-5.734644e+02
8.200000e-07	-2.464464e-06	-8.628455e-09	-1.850810e+01	-5.656734e+02
8.300000e-07	-2.356117e-06	-8.519005e-09	-1.769442e+01	-5.576945e+02
8.400000e-07	-2.247387e-06	-8.397667e-09	-1.687786e+01	-5.495210e+02
8.500000e-07	-2.138214e-06	-8.256198e-09	-1.605797e+01	-5.411423e+02
8.600000e-07	-2.028576e-06	-8.105810e-09	-1.523459e+01	-5.325456e+02
8.700000e-07	-1.918478e-06	-7.963234e-09	-1.440775e+01	-5.237173e+02
8.800000e-07	-1.807952e-06	-7.832812e-09	-1.357770e+01	-5.146451e+02
8.900000e-07	-1.697115e-06	-7.702383e-09	-1.274532e+01	-5.053198e+02
9.000000e-07	-1.585973e-06	-7.562510e-09	-1.191065e+01	-4.957354e+02
9.100000e-07	-1.474556e-06	-7.413735e-09	-1.107391e+01	-4.858889e+02
9.200000e-07	-1.362810e-06	-7.259133e-09	-1.023470e+01	-4.757777e+02
9.300000e-07	-1.250696e-06	-7.097598e-09	-9.392715e+00	-4.653983e+02
9.400000e-07	-1.138294e-06	-6.924898e-09	-8.548579e+00	-4.547431e+02
9.500000e-07	-1.025721e-06	-6.746976e-09	-7.703154e+00	-4.438001e+02
9.600000e-07	-9.129963e-07	-6.575247e-09	-6.856595e+00	-4.325518e+02
9.700000e-07	-8.000349e-07	-6.409304e-09	-6.008256e+00	-4.209776e+02
9.800000e-07	-6.868515e-07	-6.238533e-09	-5.158250e+00	-4.090552e+02
9.900000e-07	-5.734515e-07	-6.051855e-09	-4.306616e+00	-3.967638e+02
1.000000e-06	-4.599282e-07	-5.851600e-09	-3.454057e+00	-3.840859e+02
1.010000e-06	-3.463401e-07	-5.647775e-09	-2.601012e+00	-3.710081e+02
1.020000e-06	-2.326976e-07	-5.441656e-09	-1.747557e+00	-3.575194e+02
1.030000e-06	-1.190238e-07	-5.228768e-09	-8.938678e-01	-3.436093e+02
1.040000e-06	-5.305492e-09	-5.008024e-09	-3.984420e-02	-3.292633e+02
1.050000e-06	1.084191e-07	-4.784789e-09	8.142267e-01	-3.144594e+02
1.060000e-06	2.221687e-07	-4.558821e-09	1.668485e+00	-2.991661e+02
1.070000e-06	3.359079e-07	-4.321457e-09	2.522666e+00	-2.833426e+02
1.080000e-06	4.495980e-07	-4.069038e-09	3.376477e+00	-2.669418e+02
1.090000e-06	5.631845e-07	-3.803954e-09	4.229511e+00	-2.499165e+02
1.100000e-06	6.766205e-07	-3.532913e-09	5.081415e+00	-2.322260e+02
1.110000e-06	7.898811e-07	-3.255856e-09	5.932001e+00	-2.138433e+02
1.120000e-06	9.029441e-07	-2.965939e-09	6.781103e+00	-1.947594e+02
1.130000e-06	1.015806e-06	-2.661435e-09	7.628698e+00	-1.749832e+02
1.140000e-06	1.128412e-06	-2.347090e-09	8.474362e+00	-1.545369e+02
1.150000e-06	1.240715e-06	-2.028156e-09	9.317760e+00	-1.334460e+02
1.160000e-06	1.352680e-06	-1.698885e-09	1.015861e+01	-1.117263e+02
1.170000e-06	1.464327e-06	-1.354966e-09	1.099709e+01	-8.937054e+01
1.180000e-06	1.575676e-06	-9.964741e-10	1.183331e+01	-6.633795e+01
1.190000e-06	1.686659e-06	-6.279188e-10	1.266680e+01	-4.254996e+01
1.200000e-06	1.797261e-06	-2.519275e-10	1.349741e+01	-1.789458e+01
1.210000e-06	1.907486e-06	1.367398e-10	1.432521e+01	7.759638e+00
1.220000e-06	2.017328e-06	5.431960e-10	1.515012e+01	3.454111e+01
1.230000e-06	2.126766e-06	9.703789e-10	1.597199e+01	6.254724e+01
1.240000e-06	2.235749e-06	1.415829e-09	1.679046e+01	9.181531e+01
1.250000e-06	2.344277e-06	1.880597e-09	1.760550e+01	1.222976e+02
1.260000e-06	2.452320e-06	2.364560e-09	1.841691e+01	1.538454e+02
1.270000e-06	2.559813e-06	2.862148e-09	1.922418e+01	1.862061e+02
1.280000e-06	2.666650e-06	3.364427e-09	2.002652e+01	2.190341e+02
1.290000e-06	2.772791e-06	3.862762e-09	2.082364e+01	2.519156e+02
1.300000e-06	2.878302e-06	4.353789e-09	2.161603e+01	2.844033e+02
1.310000e-06	2.983152e-06	4.833798e-09	2.240345e+01	3.160567e+02
1.320000e-06	3.087294e-06	5.296790e-09	2.318556e+01	3.464811e+02
1.330000e-06	3.190689e-06	5.734456e-09	2.396205e+01	3.753601e+02
1.340000e-06	3.293369e-06	6.143116e-09	2.473318e+01	4.024773e+02
1.350000e-06	3.395383e-06	6.522278e-09	2.549930e+01	4.277236e+02
1.360000e-06	3.496671e-06	6.875214e-09	2.625997e+01	4.510920e+02
1.370000e-06	3.597293e-06	7.202050e-09	2.701564e+01	4.726594e+02
1.380000e-06	3.697153e-06	7.503053e-09	2.776559e+01	4.925624e+02
1.390000e-06	3.796106e-06	7.780662e-09	2.850872e+01	5.109690e+02
1.400000e-06	3.894105e-06	8.036257e-09	2.924470e+01	5.280534e+02
1.410000e-06	3.991169e-06	8.274810e-09	2.997365e+01	5.439757e+02
1.420000e-06	4.087318e-06	8.497331e-09	3.069572e+01	5.588708e+02
1.430000e-06	4.182525e-06	8.706054e-09	3.141073e+01	5.728438e+02
1.440000e-06	4.276869e-06	8.902031e-09	3.211926e+01	5.859737e+02
1.450000e-06	4.370364e-06	9.089138e-09	3.282140e+01	5.983209e+02
1.460000e-06	4.462985e-06	9.268792e-09	3.351699e+01	6.099360e+02
1.470000e-06	4.554627e-06	9.437449e-09	3.420522e+01	6.208676e+02
1.480000e-06	4.645179e-06	9.593246e-09	3.488525e+01	6.311673e+02
1.490000e-06	4.734605e-06	9.736998e-09	3.555684e+01	6.408905e+02
1.500000e-06	4.822890e-06	9.874829e-09	3.621987e+01	6.500942e+02
1.510000e-06	4.910118e-06	1.000915e-08	3.687495e+01	6.588327e+02
1.520000e-06	4.996323e-06	1.013697e-08	3.752234e+01	6.671534e+02
1.530000e-06	5.081491e-06	1.025977e-08	3.816196e+01	6.750932e+02
1.540000e-06	5.165649e-06	1.037911e-08	3.879399e+01	6.826779e+02
1.550000e-06	5.248737e-06	1.049302e-08	3.941798e+01	6.899236e+02
1.560000e-06	5.330647e-06	1.059866e-08	4.003312e+01	6.968404e+02
1.570000e-06	5.411278e-06	1.069307e-08	4.063866e+01	7.034372e+02
1.580000e-06	5.490673e-06	1.078118e-08	4.123491e+01	7.097254e+02
1.590000e-06	5.568855e-06	1.086706e-08	4.182206e+01	7.157215e+02
1.600000e-06	5.645742e-06	1.095388e-08	4.239948e+01	7.214478e+02
1.610000e-06	5.721260e-06	1.104096e-08	4.296661e+01	7.269303e+02
1.620000e-06	5.795355e-06	1.112535e-08	4.352307e+01	7.321952e+02
1.630000e-06	5.868042e-06	1.120661e-08	4.406895e+01	7.372654e+02
1.640000e-06	5.939333e-06	1.128394e-08	4.460435e+01	7.421568e+02
1.650000e-06	6.009365e-06	1.135615e-08	4.513029e+01	7.468769e+02
1.660000e-06	6.078180e-06	1.142184e-08	4.564708e+01	7.514254e+02
1.670000e-06	6.145663e-06	1.148232e-08	4.615388e+01	7.557965e+02
1.680000e-06	6.211727e-06	1.154231e-08	4.665002e+01	7.599823e+02
1.690000e-06	6.276370e-06	1.160398e-08	4.713549e+01	7.639770e+02
1.700000e-06	6.339647e-06	1.166433e-08	4.761070e+01	7.677801e+02
1.710000e-06	6.401630e-06	1.172364e-08	4.807619e+01	7.713973e+02
1.720000e-06	6.462354e-06	1.178043e-08	4.853223e+01	7.748405e+02
1.730000e-06	6.521790e-06	1.183338e-08	4.897859e+01	7.781249e+02
1.740000e-06	6.579735e-06	1.188259e-08	4.941376e+01	7.812664e+02
1.750000e-06	6.636018e-06	1.192639e-08	4.983645e+01	7.842772e+02
1.760000e-06	6.690770e-06	1.196855e-08	5.024763e+01	7.871639e+02
1.770000e-06	6.744052e-06	1.201369e-08	5.064778e+01	7.899265e+02
1.780000e-06	6.795634e-06	1.205859e-08	5.103516e+01	7.925595e+02
1.790000e-06	6.845324e-06	1.209932e-08	5.140833e+01	7.950543e+02
1.800000e-06	6.893318e-06	1.213565e-08	5.176877e+01	7.974032e+02
1.810000e-06	6.939875e-06	1.217119e-08	5.211841e+01	7.996028e+02
1.820000e-06	6.985025e-06	1.220571e-08	5.245748e+01	8.016565e+02
1.830000e-06	7.028668e-06	1.223657e-08	5.278524e+01	8.035750e+02
1.840000e-06	7.070613e-06	1.226503e-08	5.310025e+01	8.053754e+02
1.850000e-06	7.110869e-06	1.229169e-08	5.340257e+01	8.070779e+02
1.860000e-06	7.149568e-06	1.231788e-08	5.369320e+01	8.087022e+02
1.870000e-06	7.186817e-06	1.234310e-08	5.397294e+01	8.102632e+02
1.880000e-06	7.222621e-06	1.236666e-08	5.424183e+01	8.117690e+02
1.890000e-06	7.256663e-06	1.238967e-08	5.449748e+01	8.132190e+02
1.900000e-06	7.289008e-06	1.241216e-08	5.474039e+01	8.146058e+02
1.910000e-06	7.319896e-06	1.243449e-08	5.497236e+01	8.159168e+02
1.920000e-06	7.349326e-06	1.245522e-08	5.519338e+01	8.171387e+02
1.930000e-06	7.377315e-06	1.247181e-08	5.540358e+01	8.182610e+02
1.940000e-06	7.403539e-06	1.248734e-08	5.560052e+01	8.192787e+02
1.950000e-06	7.427857e-06	1.250328e-08	5.578315e+01	8.201938e+02
1.960000e-06	7.450547e-06	1.251882e-08	5.595355e+01	8.210149e+02
1.970000e-06	7.471766e-06	1.253317e-08	5.611291e+01	8.217549e+02
1.980000e-06	7.491554e-06	1.254573e-08	5.626151e+01	8.224282e+02
1.990000e-06	7.509799e-06	1.255663e-08	5.639853e+01	8.230473e+02
2.000000e-06	7.526304e-06	1.256452e-08	5.652248e+01	8.236202e+02
2.010000e-06	7.541032e-06	1.257143e-08	5.663309e+01	8.241493e+02
2.020000e-06	7.554047e-06	1.257807e-08	5.673084e+01	8.246316e+02
2.030000e-06	7.565166e-06	1.258572e-08	5.681434e+01	8.250603e+02
2.040000e-06	7.574310e-06	1.259612e-08	5.688301e+01	8.254270e+02
2.050000e-06	7.581743e-06	1.260708e-08	5.693883e+01	8.257242e+02
2.060000e-06	7.587623e-06	1.261523e-08	5.698299e+01	8.259473e+02
2.070000e-06	7.591976e-06	1.261828e-08	5.701568e+01	8.260953e+02
2.080000e-06	7.594607e-06	1.261782e-08	5.703544e+01	8.261701e+02
2.090000e-06	7.595414e-06	1.261873e-08	5.704150e+01	8.261755e+02
2.100000e-06	7.594616e-06	1.262075e-08	5.703550e+01	8.261152e+02
2.110000e-06	7.592298e-06	1.261864e-08	5.701810e+01	8.259911e+02
2.120000e-06	7.588585e-06	1.261644e-08	5.699021e+01	8.258028e+02
2.130000e-06	7.583293e-06	1.261557e-08	5.695047e+01	8.255473e+02
2.140000e-06	7.576206e-06	1.261293e-08	5.689725e+01	8.252208e+02
2.150000e-06	7.567562e-06	1.260606e-08	5.683233e+01	8.248206e+02
2.160000e-06	7.557459e-06	1.260092e-08	5.675646e+01	8.243468e+02
2.170000e-06	7.545743e-06	1.260745e-08	5.666847e+01	8.238040e+02
2.180000e-06	7.532121e-06	1.255745e-08	5.656617e+01	8.232013e+02
2.190000e-06	7.516316e-06	1.250227e-08	5.644747e+01	8.225512e+02
2.200000e-06	7.498192e-06	1.250079e-08	5.631137e+01	8.218672e+02
2.210000e-06	7.477972e-06	1.250556e-08	5.615951e+01	8.211608e+02
2.220000e-06	7.456118e-06	1.259042e-08	5.599539e+01	8.204379e+02
2.230000e-06	7.433222e-06	1.254818e-08	5.582344e+01	8.196973e+02
2.240000e-06	7.409236e-06	1.244674e-08	5.564330e+01	8.189294e+02
2.250000e-06	7.383477e-06	1.252942e-08	5.544985e+01	8.181178e+02
2.260000e-06	7.356288e-06	1.246205e-08	5.524567e+01	8.172417e+02
2.270000e-06	7.327825e-06	1.242006e-08	5.503191e+01	8.162800e+02
2.280000e-06	7.297371e-06	1.254390e-08	5.480320e+01	8.152151e+02
2.290000e-06	7.265115e-06	1.243792e-08	5.456096e+01	8.140368e+02
2.300000e-06	7.231311e-06	1.240062e-08	5.430709e+01	8.127439e+02
2.310000e-06	7.196027e-06	1.249939e-08	5.404211e+01	8.113439e+02
2.320000e-06	7.159553e-06	1.238286e-08	5.376819e+01	8.098519e+02
2.330000e-06	7.121243e-06	1.234016e-08	5.348048e+01	8.082864e+02
2.340000e-06	7.080942e-06	1.231829e-08	5.317782e+01	8.066658e+02
2.350000e-06	7.039194e-06	1.227392e-08	5.286429e+01	8.050044e+02
2.360000e-06	6.996055e-06	1.234720e-08	5.254032e+01	8.033096e+02
2.370000e-06	6.951573e-06	1.227667e-08	5.220626e+01	8.015813e+02
2.380000e-06	6.905497e-06	1.224594e-08	5.186023e+01	7.998124e+02
2.390000e-06	6.857659e-06	1.221090e-08	5.150096e+01	7.979906e+02
2.400000e-06	6.808270e-06	1.214179e-08	5.113006e+01	7.961021e+02
2.410000e-06	6.757336e-06	1.216040e-08	5.074754e+01	7.941347e+02
2.420000e-06	6.704750e-06	1.207545e-08	5.035262e+01	7.920797e+02
2.430000e-06	6.650351e-06	1.207452e-08	4.994408e+01	7.899338e+02
2.440000e-06	6.594306e-06	1.206156e-08	4.952318e+01	7.876987e+02
2.450000e-06	6.536915e-06	1.202160e-08	4.909218e+01	7.853797e+02
2.460000e-06	6.478166e-06	1.202331e-08	4.865098e+01	7.829838e+02
2.470000e-06	6.418043e-06	1.190655e-08	4.819945e+01	7.805175e+02
2.480000e-06	6.356351e-06	1.187658e-08	4.773615e+01	7.779845e+02
2.490000e-06	6.293071e-06	1.184160e-08	4.726092e+01	7.753853e+02
2.500000e-06	6.228402e-06	1.180951e-08	4.677525e+01	7.727167e+02
2.510000e-06	6.162350e-06	1.179442e-08	4.627920e+01	7.699731e+02
2.520000e-06	6.094954e-06	1.170865e-08	4.577306e+01	7.671477e+02
2.530000e-06	6.026151e-06	1.168772e-08	4.525634e+01	7.642342e+02
2.540000e-06	5.955819e-06	1.163239e-08	4.472815e+01	7.612276e+02
2.550000e-06	5.884057e-06	1.159388e-08	4.418922e+01	7.581253e+02
2.560000e-06	5.811013e-06	1.152753e-08	4.364067e+01	7.549263e+02
2.570000e-06	5.736611e-06	1.146226e-08	4.308191e+01	7.516314e+02
2.580000e-06	5.660710e-06	1.144534e-08	4.251189e+01	7.482414e+02
2.590000e-06	5.583331e-06	1.138617e-08	4.193077e+01	7.447570e+02
2.600000e-06	5.504475e-06	1.133760e-08	4.133857e+01	7.411782e+02
2.610000e-06	5.424375e-06	1.124691e-08	4.073702e+01	7.375039e+02
2.620000e-06	5.343165e-06	1.118626e-08	4.012713e+01	7.337333e+02
2.630000e-06	5.260885e-06	1.114024e-08	3.950921e+01	7.298653e+02
2.640000e-06	5.177617e-06	1.108805e-08	3.888387e+01	7.259001e+02
2.650000e-06	5.093234e-06	1.103145e-08	3.825015e+01	7.218386e+02
2.660000e-06	5.007660e-06	1.095277e-08	3.760749e+01	7.176825e+02
2.670000e-06	4.920803e-06	1.090350e-08	3.695519e+01	7.134329e+02
2.680000e-06	4.832819e-06	1.083627e-08	3.629443e+01	7.090900e+02
2.690000e-06	4.743900e-06	1.076096e-08	3.562666e+01	7.046514e+02
2.700000e-06	4.653998e-06	1.067157e-08	3.495149e+01	7.001122e+02
2.710000e-06	4.563141e-06	1.060046e-08	3.426915e+01	6.954646e+02
2.720000e-06	4.471374e-06	1.054968e-08	3.357999e+01	6.906992e+02
2.730000e-06	4.378698e-06	1.048705e-08	3.288398e+01	6.858066e+02
2.740000e-06	4.285006e-06	1.040856e-08	3.218036e+01	6.807786e+02
2.750000e-06	4.190191e-06	1.031295e-08	3.146830e+01	6.756101e+02
2.760000e-06	4.094359e-06	1.022903e-08	3.074860e+01	6.702996e+02
2.770000e-06	3.997712e-06	1.014646e-08	3.002279e+01	6.648495e+02
2.780000e-06	3.900247e-06	1.006339e-08	2.929083e+01	6.592643e+02
2.790000e-06	3.802014e-06	9.970121e-09	2.855309e+01	6.535494e+02
2.800000e-06	3.703053e-06	9.882399e-09	2.780990e+01	6.477089e+02
2.810000e-06	3.603224e-06	9.800882e-09	2.706019e+01	6.417434e+02
2.820000e-06	3.502574e-06	9.713732e-09	2.630430e+01	6.356494e+02
2.830000e-06	3.401117e-06	9.610448e-09	2.554236e+01	6.294192e+02
2.840000e-06	3.298738e-06	9.498821e-09	2.477350e+01	6.230417e+02
2.850000e-06	3.195452e-06	9.400106e-09	2.399782e+01	6.165045e+02
2.860000e-06	3.091410e-06	9.308574e-09	2.321646e+01	6.097960e+02
2.870000e-06	2.986692e-06	9.213287e-09	2.243003e+01	6.029072e+02
2.880000e-06	2.881407e-06	9.100459e-09	2.163935e+01	5.958327e+02
2.890000e-06	2.775564e-06	8.986244e-09	2.084447e+01	5.885710e+02
2.900000e-06	2.669111e-06	8.874909e-09	2.004500e+01	5.811226e+02
2.910000e-06	2.562108e-06	8.761523e-09	1.924141e+01	5.734890e+02
2.920000e-06	2.454563e-06	8.636069e-09	1.843375e+01	5.656700e+02
2.930000e-06	2.346491e-06	8.506473e-09	1.762213e+01	5.576623e+02
2.940000e-06	2.237972e-06	8.386734e-09	1.680715e+01	5.494587e+02
2.950000e-06	2.129070e-06	8.271599e-09	1.598930e+01	5.410481e+02
2.960000e-06	2.019717e-06	8.148903e-09	1.516806e+01	5.324175e+02
2.970000e-06	1.909940e-06	8.008307e-09	1.434363e+01	5.235532e+02
2.980000e-06	1.799805e-06	7.865126e-09	1.351652e+01	5.144434e+02
2.990000e-06	1.689222e-06	7.724531e-09	1.268604e+01	5.050795e+02
3.000000e-06	1.578151e-06	7.581046e-09	1.185190e+01	4.954559e+02
3.010000e-06	1.466708e-06	7.427256e-09	1.101496e+01	4.855697e+02
3.020000e-06	1.354992e-06	7.268081e-09	1.017598e+01	4.754185e+02
3.030000e-06	1.243026e-06	7.113972e-09	9.335115e+00	4.649982e+02
3.040000e-06	1.130805e-06	6.960526e-09	8.492338e+00	4.543007e+02
3.050000e-06	1.018305e-06	6.798127e-09	7.647462e+00	4.433130e+02
3.060000e-06	9.055430e-07	6.621775e-09	6.800621e+00	4.320171e+02
3.070000e-06	7.925647e-07	6.440162e-09	5.952155e+00	4.203920e+02
3.080000e-06	6.793634e-07	6.257496e-09	5.102014e+00	4.084154e+02
3.090000e-06	5.659727e-07	6.068916e-09	4.250451e+00	3.960670e+02
3.100000e-06	4.524856e-07	5.869442e-09	3.398164e+00	3.833298e+02
3.110000e-06	3.389274e-07	5.663151e-09	2.545342e+00	3.701909e+02
3.120000e-06	2.252707e-07	5.456557e-09	1.691781e+00	3.566397e+02
3.130000e-06	1.113895e-07	5.248369e-09	8.365346e-01	3.426652e+02
3.140000e-06	-2.610145e-09	5.031621e-09	-1.960217e-02	3.282520e+02
3.150000e-06	-1.165441e-07	4.803088e-09	-8.752451e-01	3.133768e+02
3.160000e-06	-2.304164e-07	4.564970e-09	-1.730425e+00	2.980067e+02
3.170000e-06	-3.441124e-07	4.321382e-09	-2.584281e+00	2.820996e+02
3.180000e-06	-4.576285e-07	4.072036e-09	-3.436786e+00	2.656080e+02
3.190000e-06	-5.710299e-07	3.809250e-09	-4.288430e+00	2.484851e+02
3.200000e-06	-6.843383e-07	3.530932e-09	-5.139375e+00	2.306920e+02
3.210000e-06	-7.974695e-07	3.244611e-09	-5.988990e+00	2.122042e+02
3.220000e-06	-9.103921e-07	2.953418e-09	-6.837037e+00	1.930154e+02
3.230000e-06	-1.023085e-06	2.653431e-09	-7.683360e+00	1.731370e+02
3.240000e-06	-1.135466e-06	2.342277e-09	-8.527343e+00	1.525924e+02
3.250000e-06	-1.247516e-06	2.020377e-09	-9.368839e+00	1.314065e+02
3.260000e-06	-1.359254e-06	1.689377e-09	-1.020798e+01	1.095924e+02
3.270000e-06	-1.470652e-06	1.347679e-09	-1.104459e+01	8.713858e+01
3.280000e-06	-1.581628e-06	9.931811e-10	-1.187801e+01	6.399852e+01
3.290000e-06	-1.692228e-06	6.226750e-10	-1.270862e+01	4.008815e+01
3.300000e-06	-1.802352e-06	2.392640e-10	-1.353565e+01	1.529145e+01
3.310000e-06	-1.911969e-06	-1.531146e-10	-1.435887e+01	-1.052418e+01
3.320000e-06	-2.021205e-06	-5.602024e-10	-1.517923e+01	-3.748437e+01
3.330000e-06	-2.130032e-06	-9.869498e-10	-1.599652e+01	-6.567933e+01
3.340000e-06	-2.238442e-06	-1.435095e-09	-1.681068e+01	-9.513500e+01
3.350000e-06	-2.346414e-06	-1.900144e-09	-1.762155e+01	-1.257893e+02
3.360000e-06	-2.453896e-06	-2.378306e-09	-1.842874e+01	-1.574777e+02
3.370000e-06	-2.560898e-06	-2.871959e-09	-1.923232e+01	-1.899326e+02
3.380000e-06	-2.667413e-06	-3.378736e-09	-2.003225e+01	-2.227964e+02
3.390000e-06	-2.773352e-06	-3.888101e-09	-2.082785e+01	-2.556476e+02
3.400000e-06	-2.878706e-06	-4.388567e-09	-2.161906e+01	-2.880377e+02
3.410000e-06	-2.983470e-06	-4.873638e-09	-2.240583e+01	-3.195304e+02
3.420000e-06	-3.087593e-06	-5.337814e-09	-2.318780e+01	-3.497410e+02
3.430000e-06	-3.191011e-06	-5.775750e-09	-2.396447e+01	-3.783670e+02
3.440000e-06	-3.293628e-06	-6.185237e-09	-2.473512e+01	-4.052079e+02
3.450000e-06	-3.395444e-06	-6.566737e-09	-2.549975e+01	-4.301708e+02
3.460000e-06	-3.496500e-06	-6.920983e-09	-2.625869e+01	-4.532624e+02
3.470000e-06	-3.596762e-06	-7.249169e-09	-2.701165e+01	-4.745706e+02
3.480000e-06	-3.696175e-06	-7.553549e-09	-2.775825e+01	-4.942381e+02
3.490000e-06	-3.794813e-06	-7.835591e-09	-2.849902e+01	-5.124354e+02
3.500000e-06	-3.892687e-06	-8.096825e-09	-2.923405e+01	-5.293359e+02
3.510000e-06	-3.989753e-06	-8.341583e-09	-2.996301e+01	-5.450964e+02
3.520000e-06	-4.086027e-06	-8.571046e-09	-3.068603e+01	-5.598472e+02
3.530000e-06	-4.181431e-06	-8.784615e-09	-3.140251e+01	-5.736894e+02
3.540000e-06	-4.275873e-06	-8.983285e-09	-3.211177e+01	-5.866985e+02
3.550000e-06	-4.369351e-06	-9.169999e-09	-3.281379e+01	-5.989328e+02
3.560000e-06	-4.461845e-06	-9.345569e-09	-3.350842e+01	-6.104423e+02
3.570000e-06	-4.553258e-06	-9.511814e-09	-3.419493e+01	-6.212758e+02
3.580000e-06	-4.643561e-06	-9.668540e-09	-3.487311e+01	-6.314856e+02
3.590000e-06	-4.732847e-06	-9.814063e-09	-3.554364e+01	-6.411273e+02
3.600000e-06	-4.821184e-06	-9.951588e-09	-3.620705e+01	-6.502579e+02
3.610000e-06	-4.908503e-06	-1.008259e-08	-3.686282e+01	-6.589311e+02
3.620000e-06	-4.994685e-06	-1.020779e-08	-3.751005e+01	-6.671926e+02
3.630000e-06	-5.079642e-06	-1.032910e-08	-3.814807e+01	-6.750779e+02
3.640000e-06	-5.163350e-06	-1.044594e-08	-3.877672e+01	-6.826110e+02
3.650000e-06	-5.245986e-06	-1.055615e-08	-3.939731e+01	-6.898069e+02
3.660000e-06	-5.327597e-06	-1.065895e-08	-4.001021e+01	-6.966752e+02
3.670000e-06	-5.408147e-06	-1.075448e-08	-4.061514e+01	-7.032250e+02
3.680000e-06	-5.487511e-06	-1.084603e-08	-4.121117e+01	-7.094682e+02
3.690000e-06	-5.565525e-06	-1.093693e-08	-4.179705e+01	-7.154224e+02
3.700000e-06	-5.642106e-06	-1.102820e-08	-4.237217e+01	-7.211105e+02
3.710000e-06	-5.717263e-06	-1.111632e-08	-4.293660e+01	-7.265588e+02
3.720000e-06	-5.791096e-06	-1.119838e-08	-4.349108e+01	-7.317933e+02
3.730000e-06	-5.863664e-06	-1.127703e-08	-4.403607e+01	-7.368359e+02
3.740000e-06	-5.935005e-06	-1.135349e-08	-4.457184e+01	-7.417014e+02
3.750000e-06	-6.005061e-06	-1.142546e-08	-4.509796e+01	-7.463961e+02
3.760000e-06	-6.073679e-06	-1.149179e-08	-4.561329e+01	-7.509185e+02
3.770000e-06	-6.140885e-06	-1.155432e-08	-4.611800e+01	-7.552624e+02
3.780000e-06	-6.206856e-06	-1.161503e-08	-4.661344e+01	-7.594199e+02
3.790000e-06	-6.271565e-06	-1.167541e-08	-4.709941e+01	-7.633859e+02
3.800000e-06	-6.334894e-06	-1.173389e-08	-4.757501e+01	-7.671606e+02
3.810000e-06	-6.396703e-06	-1.178896e-08	-4.803919e+01	-7.707509e+02
3.820000e-06	-6.457028e-06	-1.184247e-08	-4.849223e+01	-7.741693e+02
3.830000e-06	-6.515984e-06	-1.189558e-08	-4.893499e+01	-7.774315e+02
3.840000e-06	-6.573562e-06	-1.194616e-08	-4.936740e+01	-7.805527e+02
3.850000e-06	-6.629738e-06	-1.199179e-08	-4.978928e+01	-7.835447e+02
3.860000e-06	-6.684395e-06	-1.203256e-08	-5.019976e+01	-7.864131e+02
3.870000e-06	-6.737252e-06	-1.207102e-08	-5.059671e+01	-7.891568e+02
3.880000e-06	-6.788282e-06	-1.210873e-08	-5.097994e+01	-7.917697e+02
3.890000e-06	-6.837571e-06	-1.214322e-08	-5.135011e+01	-7.942431e+02
3.900000e-06	-6.885064e-06	-1.217480e-08	-5.170678e+01	-7.965698e+02
3.910000e-06	-6.930965e-06	-1.220911e-08	-5.205149e+01	-7.987472e+02
3.920000e-06	-6.975507e-06	-1.224637e-08	-5.238600e+01	-8.007798e+02
3.930000e-06	-7.018751e-06	-1.227885e-08	-5.271076e+01	-8.026795e+02
3.940000e-06	-7.060701e-06	-1.230268e-08	-5.302581e+01	-8.044640e+02
3.950000e-06	-7.101201e-06	-1.232012e-08	-5.332997e+01	-8.061537e+02
3.960000e-06	-7.140212e-06	-1.234114e-08	-5.362293e+01	-8.077677e+02
3.970000e-06	-7.177557e-06	-1.236551e-08	-5.390340e+01	-8.093203e+02
3.980000e-06	-7.213146e-06	-1.239026e-08	-5.417067e+01	-8.108180e+02
3.990000e-06	-7.247253e-06	-1.241171e-08	-5.442681e+01	-8.122593e+02
4.000000e-06	-7.279940e-06	-1.243231e-08	-5.467229e+01	-8.136356e+02
4.010000e-06	-7.311004e-06	-1.245480e-08	-5.490559e+01	-8.149342e+02
4.020000e-06	-7.340210e-06	-1.247165e-08	-5.512492e+01	-8.161418e+02
4.030000e-06	-7.367737e-06	-1.248388e-08	-5.533165e+01	-8.172486e+02
4.040000e-06	-7.393784e-06	-1.249466e-08	-5.552726e+01	-8.182507e+02
4.050000e-06	-7.418289e-06	-1.250896e-08	-5.571130e+01	-8.191511e+02
4.060000e-06	-7.441154e-06	-1.252340e-08	-5.588301e+01	-8.199593e+02
4.070000e-06	-7.462226e-06	-1.253524e-08	-5.604126e+01	-8.206885e+02
4.080000e-06	-7.481643e-06	-1.254573e-08	-5.618708e+01	-8.213530e+02
4.090000e-06	-7.499549e-06	-1.255470e-08	-5.632156e+01	-8.219649e+02
4.100000e-06	-7.515935e-06	-1.256083e-08	-5.644461e+01	-8.225313e+02
4.110000e-06	-7.530571e-06	-1.256420e-08	-5.655453e+01	-8.230538e+02
4.120000e-06	-7.543184e-06	-1.256405e-08	-5.664925e+01	-8.235286e+02
4.130000e-06	-7.553994e-06	-1.256503e-08	-5.673044e+01	-8.239486e+02
4.140000e-06	-7.563231e-06	-1.256628e-08	-5.679980e+01	-8.243054e+02
4.150000e-06	-7.570866e-06	-1.256829e-08	-5.685714e+01	-8.245918e+02
4.160000e-06	-7.576691e-06	-1.257578e-08	-5.690089e+01	-8.248037e+02
4.170000e-06	-7.580733e-06	-1.258069e-08	-5.693125e+01	-8.249406e+02
4.180000e-06	-7.583245e-06	-1.258024e-08	-5.695011e+01	-8.250048e+02
4.190000e-06	-7.584219e-06	-1.257360e-08	-5.695743e+01	-8.250002e+02
