# Temperatura_=_44.74
# Concentracion g/m^3_=_18600.0
# C_Vs_to_Am_M_A/Vsm_=_65563218390.804596
# pendiente_HvsI_1/m_=_3716.3
# ordenada_HvsI_A/m_=_1297.0
# frecuencia_Hz_=_238261.63754446566

Tiempo_(s)	Campo_(V.s)	Magnetizacion_(V.s)	Campo_(kA/m)	Magnetizacion_(A/m)
0.000000e+00	-7.591413e-06	-1.266249e-08	-5.695497e+01	-8.310582e+02
1.000000e-08	-7.589631e-06	-1.266403e-08	-5.694160e+01	-8.309402e+02
2.000000e-08	-7.586088e-06	-1.266180e-08	-5.691502e+01	-8.307519e+02
3.000000e-08	-7.580991e-06	-1.265370e-08	-5.687678e+01	-8.304959e+02
4.000000e-08	-7.574489e-06	-1.264357e-08	-5.682800e+01	-8.301740e+02
5.000000e-08	-7.566506e-06	-1.263751e-08	-5.676810e+01	-8.297873e+02
6.000000e-08	-7.556836e-06	-1.263906e-08	-5.669555e+01	-8.293373e+02
7.000000e-08	-7.545280e-06	-1.264694e-08	-5.660886e+01	-8.288272e+02
8.000000e-08	-7.531811e-06	-1.264231e-08	-5.650781e+01	-8.282621e+02
9.000000e-08	-7.516334e-06	-1.262146e-08	-5.639169e+01	-8.276491e+02
1.000000e-07	-7.498622e-06	-1.263022e-08	-5.625880e+01	-8.269959e+02
1.100000e-07	-7.478946e-06	-1.263601e-08	-5.611118e+01	-8.263096e+02
1.200000e-07	-7.457850e-06	-1.260881e-08	-5.595291e+01	-8.255944e+02
1.300000e-07	-7.435571e-06	-1.259674e-08	-5.578576e+01	-8.248501e+02
1.400000e-07	-7.412044e-06	-1.254167e-08	-5.560924e+01	-8.240710e+02
1.500000e-07	-7.386845e-06	-1.252972e-08	-5.542019e+01	-8.232465e+02
1.600000e-07	-7.359825e-06	-1.259260e-08	-5.521747e+01	-8.223622e+02
1.700000e-07	-7.331295e-06	-1.253904e-08	-5.500343e+01	-8.214025e+02
1.800000e-07	-7.301231e-06	-1.249250e-08	-5.477787e+01	-8.203534e+02
1.900000e-07	-7.269652e-06	-1.250487e-08	-5.454094e+01	-8.192052e+02
2.000000e-07	-7.236677e-06	-1.246305e-08	-5.429355e+01	-8.179544e+02
2.100000e-07	-7.201984e-06	-1.245669e-08	-5.403326e+01	-8.166042e+02
2.200000e-07	-7.165531e-06	-1.242839e-08	-5.375977e+01	-8.151640e+02
2.300000e-07	-7.127454e-06	-1.238409e-08	-5.347410e+01	-8.136467e+02
2.400000e-07	-7.087800e-06	-1.240554e-08	-5.317659e+01	-8.120665e+02
2.500000e-07	-7.046683e-06	-1.237089e-08	-5.286811e+01	-8.104355e+02
2.600000e-07	-7.003860e-06	-1.232716e-08	-5.254683e+01	-8.087614e+02
2.700000e-07	-6.959328e-06	-1.230780e-08	-5.221272e+01	-8.070463e+02
2.800000e-07	-6.913285e-06	-1.226763e-08	-5.186728e+01	-8.052863e+02
2.900000e-07	-6.865682e-06	-1.226139e-08	-5.151014e+01	-8.034733e+02
3.000000e-07	-6.816469e-06	-1.224461e-08	-5.114091e+01	-8.015968e+02
3.100000e-07	-6.765366e-06	-1.219689e-08	-5.075751e+01	-7.996465e+02
3.200000e-07	-6.712377e-06	-1.215298e-08	-5.035996e+01	-7.976145e+02
3.300000e-07	-6.657863e-06	-1.214005e-08	-4.995096e+01	-7.954968e+02
3.400000e-07	-6.602041e-06	-1.211047e-08	-4.953216e+01	-7.932938e+02
3.500000e-07	-6.544810e-06	-1.204495e-08	-4.910278e+01	-7.910090e+02
3.600000e-07	-6.485924e-06	-1.201820e-08	-4.866098e+01	-7.886482e+02
3.700000e-07	-6.425505e-06	-1.199189e-08	-4.820769e+01	-7.862169e+02
3.800000e-07	-6.363726e-06	-1.196123e-08	-4.774419e+01	-7.837191e+02
3.900000e-07	-6.300616e-06	-1.193275e-08	-4.727070e+01	-7.811560e+02
4.000000e-07	-6.236182e-06	-1.187073e-08	-4.678728e+01	-7.785254e+02
4.100000e-07	-6.170267e-06	-1.181761e-08	-4.629275e+01	-7.758228e+02
4.200000e-07	-6.102770e-06	-1.177757e-08	-4.578635e+01	-7.730423e+02
4.300000e-07	-6.033849e-06	-1.173873e-08	-4.526926e+01	-7.701778e+02
4.400000e-07	-5.963639e-06	-1.168996e-08	-4.474251e+01	-7.672245e+02
4.500000e-07	-5.892203e-06	-1.164443e-08	-4.420656e+01	-7.641793e+02
4.600000e-07	-5.819510e-06	-1.161252e-08	-4.366118e+01	-7.610413e+02
4.700000e-07	-5.745364e-06	-1.156901e-08	-4.310489e+01	-7.578108e+02
4.800000e-07	-5.669644e-06	-1.151152e-08	-4.253680e+01	-7.544889e+02
4.900000e-07	-5.592417e-06	-1.144097e-08	-4.195740e+01	-7.510760e+02
5.000000e-07	-5.513793e-06	-1.138740e-08	-4.136752e+01	-7.475717e+02
5.100000e-07	-5.433714e-06	-1.134446e-08	-4.076672e+01	-7.439738e+02
5.200000e-07	-5.352310e-06	-1.129122e-08	-4.015599e+01	-7.402795e+02
5.300000e-07	-5.269789e-06	-1.122979e-08	-3.953687e+01	-7.364852e+02
5.400000e-07	-5.186205e-06	-1.116472e-08	-3.890978e+01	-7.325882e+02
5.500000e-07	-5.101678e-06	-1.110630e-08	-3.827560e+01	-7.285865e+02
5.600000e-07	-5.016164e-06	-1.104647e-08	-3.763403e+01	-7.244799e+02
5.700000e-07	-4.929680e-06	-1.098000e-08	-3.698519e+01	-7.202692e+02
5.800000e-07	-4.842265e-06	-1.090727e-08	-3.632935e+01	-7.159555e+02
5.900000e-07	-4.753888e-06	-1.084198e-08	-3.566629e+01	-7.115395e+02
6.000000e-07	-4.664414e-06	-1.078310e-08	-3.499501e+01	-7.070200e+02
6.100000e-07	-4.573678e-06	-1.071506e-08	-3.431426e+01	-7.023938e+02
6.200000e-07	-4.481831e-06	-1.063399e-08	-3.362517e+01	-6.976550e+02
6.300000e-07	-4.389080e-06	-1.054893e-08	-3.292931e+01	-6.927963e+02
6.400000e-07	-4.295425e-06	-1.047490e-08	-3.222665e+01	-6.878098e+02
6.500000e-07	-4.200902e-06	-1.040630e-08	-3.151749e+01	-6.826881e+02
6.600000e-07	-4.105535e-06	-1.033128e-08	-3.080199e+01	-6.774262e+02
6.700000e-07	-4.009292e-06	-1.024951e-08	-3.007992e+01	-6.720216e+02
6.800000e-07	-3.912132e-06	-1.016713e-08	-2.935097e+01	-6.664747e+02
6.900000e-07	-3.813901e-06	-1.008314e-08	-2.861399e+01	-6.607881e+02
7.000000e-07	-3.714667e-06	-9.990553e-09	-2.786948e+01	-6.549652e+02
7.100000e-07	-3.614643e-06	-9.891937e-09	-2.711905e+01	-6.490085e+02
7.200000e-07	-3.513881e-06	-9.794928e-09	-2.636308e+01	-6.429185e+02
7.300000e-07	-3.412361e-06	-9.707521e-09	-2.560142e+01	-6.366930e+02
7.400000e-07	-3.310019e-06	-9.624085e-09	-2.483359e+01	-6.303264e+02
7.500000e-07	-3.206922e-06	-9.529744e-09	-2.406010e+01	-6.238109e+02
7.600000e-07	-3.103207e-06	-9.418985e-09	-2.328197e+01	-6.171378e+02
7.700000e-07	-2.998868e-06	-9.303323e-09	-2.249916e+01	-6.102984e+02
7.800000e-07	-2.893816e-06	-9.192448e-09	-2.171101e+01	-6.032856e+02
7.900000e-07	-2.787953e-06	-9.084986e-09	-2.091676e+01	-5.960941e+02
8.000000e-07	-2.681298e-06	-8.975947e-09	-2.011658e+01	-5.887209e+02
8.100000e-07	-2.573923e-06	-8.865356e-09	-1.931099e+01	-5.811637e+02
8.200000e-07	-2.465994e-06	-8.756242e-09	-1.850125e+01	-5.734200e+02
8.300000e-07	-2.357676e-06	-8.640811e-09	-1.768859e+01	-5.654859e+02
8.400000e-07	-2.248950e-06	-8.512010e-09	-1.687287e+01	-5.573549e+02
8.500000e-07	-2.139685e-06	-8.369792e-09	-1.605310e+01	-5.490180e+02
8.600000e-07	-2.029889e-06	-8.224091e-09	-1.522935e+01	-5.404640e+02
8.700000e-07	-1.919691e-06	-8.085401e-09	-1.440258e+01	-5.316811e+02
8.800000e-07	-1.809176e-06	-7.955445e-09	-1.357343e+01	-5.226580e+02
8.900000e-07	-1.698329e-06	-7.825230e-09	-1.274180e+01	-5.133857e+02
9.000000e-07	-1.587161e-06	-7.686717e-09	-1.190776e+01	-5.038576e+02
9.100000e-07	-1.475698e-06	-7.537782e-09	-1.107150e+01	-4.940699e+02
9.200000e-07	-1.363874e-06	-7.380186e-09	-1.023253e+01	-4.840197e+02
9.300000e-07	-1.251705e-06	-7.214691e-09	-9.390980e+00	-4.737038e+02
9.400000e-07	-1.139288e-06	-7.040701e-09	-8.547567e+00	-4.631162e+02
9.500000e-07	-1.026664e-06	-6.867281e-09	-7.702601e+00	-4.522469e+02
9.600000e-07	-9.138299e-07	-6.699816e-09	-6.856056e+00	-4.410810e+02
9.700000e-07	-8.007882e-07	-6.534455e-09	-6.007955e+00	-4.295995e+02
9.800000e-07	-6.875936e-07	-6.362842e-09	-5.158707e+00	-4.177806e+02
9.900000e-07	-5.742057e-07	-6.179069e-09	-4.308008e+00	-4.056019e+02
1.000000e-06	-4.606548e-07	-5.983263e-09	-3.456086e+00	-3.930428e+02
1.010000e-06	-3.470334e-07	-5.778856e-09	-2.603636e+00	-3.800858e+02
1.020000e-06	-2.332606e-07	-5.569634e-09	-1.750050e+00	-3.667165e+02
1.030000e-06	-1.193275e-07	-5.356160e-09	-8.952611e-01	-3.529221e+02
1.040000e-06	-5.410799e-09	-5.138676e-09	-4.059481e-02	-3.386893e+02
1.050000e-06	1.084522e-07	-4.918501e-09	8.136683e-01	-3.240010e+02
1.060000e-06	2.223125e-07	-4.692880e-09	1.667911e+00	-3.088338e+02
1.070000e-06	3.360656e-07	-4.456550e-09	2.521350e+00	-2.931571e+02
1.080000e-06	4.497481e-07	-4.207412e-09	3.374259e+00	-2.769342e+02
1.090000e-06	5.634131e-07	-3.946042e-09	4.227037e+00	-2.601257e+02
1.100000e-06	6.769475e-07	-3.677466e-09	5.078834e+00	-2.426948e+02
1.110000e-06	7.902280e-07	-3.400919e-09	5.928727e+00	-2.246128e+02
1.120000e-06	9.032527e-07	-3.116579e-09	6.776701e+00	-2.058637e+02
1.130000e-06	1.016084e-06	-2.824796e-09	7.623223e+00	-1.864459e+02
1.140000e-06	1.128716e-06	-2.521483e-09	8.468254e+00	-1.663705e+02
1.150000e-06	1.241119e-06	-2.206436e-09	9.311558e+00	-1.456549e+02
1.160000e-06	1.353218e-06	-1.879261e-09	1.015259e+01	-1.243132e+02
1.170000e-06	1.465009e-06	-1.541190e-09	1.099130e+01	-1.023451e+02
1.180000e-06	1.576490e-06	-1.192324e-09	1.182770e+01	-7.972529e+01
1.190000e-06	1.687600e-06	-8.322202e-10	1.266131e+01	-5.639720e+01
1.200000e-06	1.798317e-06	-4.612661e-10	1.349197e+01	-3.227259e+01
1.210000e-06	1.908651e-06	-7.884324e-11	1.431975e+01	-7.239438e+00
1.220000e-06	2.018648e-06	3.167173e-10	1.514501e+01	1.882236e+01
1.230000e-06	2.128251e-06	7.286543e-10	1.596732e+01	4.601875e+01
1.240000e-06	2.237354e-06	1.159264e-09	1.678587e+01	7.441597e+01
1.250000e-06	2.345919e-06	1.611651e-09	1.760038e+01	1.040158e+02
1.260000e-06	2.454029e-06	2.083672e-09	1.841148e+01	1.347362e+02
1.270000e-06	2.561636e-06	2.570112e-09	1.921880e+01	1.664009e+02
1.280000e-06	2.668654e-06	3.065996e-09	2.002171e+01	1.987411e+02
1.290000e-06	2.775016e-06	3.564020e-09	2.081970e+01	2.314095e+02
1.300000e-06	2.880615e-06	4.059281e-09	2.161196e+01	2.640056e+02
1.310000e-06	2.985488e-06	4.547731e-09	2.239878e+01	2.961086e+02
1.320000e-06	3.089670e-06	5.020260e-09	2.318041e+01	3.273133e+02
1.330000e-06	3.193189e-06	5.469163e-09	2.395707e+01	3.572638e+02
1.340000e-06	3.296019e-06	5.895255e-09	2.472856e+01	3.856809e+02
1.350000e-06	3.398186e-06	6.300701e-09	2.549507e+01	4.123782e+02
1.360000e-06	3.499692e-06	6.682354e-09	2.625662e+01	4.372666e+02
1.370000e-06	3.600447e-06	7.031843e-09	2.701255e+01	4.603474e+02
1.380000e-06	3.700411e-06	7.348682e-09	2.776252e+01	4.816957e+02
1.390000e-06	3.799527e-06	7.640079e-09	2.850615e+01	5.014379e+02
1.400000e-06	3.897716e-06	7.912619e-09	2.924282e+01	5.197279e+02
1.410000e-06	3.994941e-06	8.167815e-09	2.997225e+01	5.367252e+02
1.420000e-06	4.091189e-06	8.405419e-09	3.069436e+01	5.525781e+02
1.430000e-06	4.186540e-06	8.629853e-09	3.140974e+01	5.674135e+02
1.440000e-06	4.281076e-06	8.844816e-09	3.211900e+01	5.813342e+02
1.450000e-06	4.374719e-06	9.046904e-09	3.282156e+01	5.944204e+02
1.460000e-06	4.467426e-06	9.230679e-09	3.351709e+01	6.067356e+02
1.470000e-06	4.559191e-06	9.398371e-09	3.420557e+01	6.183337e+02
1.480000e-06	4.649941e-06	9.557349e-09	3.488642e+01	6.292642e+02
1.490000e-06	4.739534e-06	9.712363e-09	3.555860e+01	6.395765e+02
1.500000e-06	4.827965e-06	9.864731e-09	3.622206e+01	6.493206e+02
1.510000e-06	4.915245e-06	1.001110e-08	3.687688e+01	6.585456e+02
1.520000e-06	5.001407e-06	1.014879e-08	3.752331e+01	6.672977e+02
1.530000e-06	5.086567e-06	1.028004e-08	3.816223e+01	6.756168e+02
1.540000e-06	5.170727e-06	1.040559e-08	3.879365e+01	6.835357e+02
1.550000e-06	5.253875e-06	1.052097e-08	3.941747e+01	6.910796e+02
1.560000e-06	5.335853e-06	1.062380e-08	4.003252e+01	6.982676e+02
1.570000e-06	5.416516e-06	1.072029e-08	4.063769e+01	7.051159e+02
1.580000e-06	5.495916e-06	1.081842e-08	4.123340e+01	7.116407e+02
1.590000e-06	5.574161e-06	1.091819e-08	4.182044e+01	7.178602e+02
1.600000e-06	5.651169e-06	1.101264e-08	4.239819e+01	7.237961e+02
1.610000e-06	5.726811e-06	1.109834e-08	4.296570e+01	7.294728e+02
1.620000e-06	5.801008e-06	1.118043e-08	4.352236e+01	7.349156e+02
1.630000e-06	5.873726e-06	1.126186e-08	4.406794e+01	7.401476e+02
1.640000e-06	5.945078e-06	1.134056e-08	4.460326e+01	7.451869e+02
1.650000e-06	6.015161e-06	1.141262e-08	4.512906e+01	7.500452e+02
1.660000e-06	6.084018e-06	1.148049e-08	4.564566e+01	7.547268e+02
1.670000e-06	6.151574e-06	1.154950e-08	4.615251e+01	7.592300e+02
1.680000e-06	6.217713e-06	1.161995e-08	4.664872e+01	7.635497e+02
1.690000e-06	6.282445e-06	1.168699e-08	4.713437e+01	7.676805e+02
1.700000e-06	6.345835e-06	1.174642e-08	4.760996e+01	7.716195e+02
1.710000e-06	6.407902e-06	1.180451e-08	4.807562e+01	7.753688e+02
1.720000e-06	6.468694e-06	1.186213e-08	4.853171e+01	7.789355e+02
1.730000e-06	6.528155e-06	1.191493e-08	4.897783e+01	7.823314e+02
1.740000e-06	6.586117e-06	1.196310e-08	4.941268e+01	7.855699e+02
1.750000e-06	6.642509e-06	1.200920e-08	4.983577e+01	7.886640e+02
1.760000e-06	6.697407e-06	1.205726e-08	5.024765e+01	7.916234e+02
1.770000e-06	6.750723e-06	1.210793e-08	5.064765e+01	7.944527e+02
1.780000e-06	6.802326e-06	1.215339e-08	5.103481e+01	7.971519e+02
1.790000e-06	6.852161e-06	1.219160e-08	5.140870e+01	7.997172e+02
1.800000e-06	6.900282e-06	1.222700e-08	5.176973e+01	8.021435e+02
1.810000e-06	6.946878e-06	1.226367e-08	5.211932e+01	8.044274e+02
1.820000e-06	6.992016e-06	1.229905e-08	5.245796e+01	8.065697e+02
1.830000e-06	7.035655e-06	1.232998e-08	5.278537e+01	8.085769e+02
1.840000e-06	7.077642e-06	1.235961e-08	5.310038e+01	8.104607e+02
1.850000e-06	7.117969e-06	1.239001e-08	5.340294e+01	8.122370e+02
1.860000e-06	7.156811e-06	1.241935e-08	5.369435e+01	8.139226e+02
1.870000e-06	7.194219e-06	1.244121e-08	5.397501e+01	8.155326e+02
1.880000e-06	7.230105e-06	1.245842e-08	5.424424e+01	8.170772e+02
1.890000e-06	7.264265e-06	1.248069e-08	5.450053e+01	8.185602e+02
1.900000e-06	7.296716e-06	1.250959e-08	5.474399e+01	8.199790e+02
1.910000e-06	7.327664e-06	1.253695e-08	5.497618e+01	8.213256e+02
1.920000e-06	7.357157e-06	1.255789e-08	5.519745e+01	8.225894e+02
1.930000e-06	7.385091e-06	1.257502e-08	5.540703e+01	8.237605e+02
1.940000e-06	7.411203e-06	1.259079e-08	5.560294e+01	8.248324e+02
1.950000e-06	7.435494e-06	1.260495e-08	5.578518e+01	8.258038e+02
1.960000e-06	7.458260e-06	1.261720e-08	5.595599e+01	8.266796e+02
1.970000e-06	7.479634e-06	1.262865e-08	5.611635e+01	8.274693e+02
1.980000e-06	7.499463e-06	1.264109e-08	5.626511e+01	8.281855e+02
1.990000e-06	7.517540e-06	1.265655e-08	5.640073e+01	8.288407e+02
2.000000e-06	7.533922e-06	1.267108e-08	5.652364e+01	8.294449e+02
2.010000e-06	7.548648e-06	1.268131e-08	5.663412e+01	8.300035e+02
2.020000e-06	7.561603e-06	1.268736e-08	5.673132e+01	8.305168e+02
2.030000e-06	7.572644e-06	1.269181e-08	5.681415e+01	8.309800e+02
2.040000e-06	7.581812e-06	1.269747e-08	5.688294e+01	8.313854e+02
2.050000e-06	7.589298e-06	1.270403e-08	5.693911e+01	8.317241e+02
2.060000e-06	7.595185e-06	1.271054e-08	5.698327e+01	8.319883e+02
2.070000e-06	7.599521e-06	1.271498e-08	5.701580e+01	8.321726e+02
2.080000e-06	7.602129e-06	1.272013e-08	5.703537e+01	8.322752e+02
2.090000e-06	7.602946e-06	1.272536e-08	5.704150e+01	8.322971e+02
2.100000e-06	7.602187e-06	1.272718e-08	5.703580e+01	8.322416e+02
2.110000e-06	7.599915e-06	1.272701e-08	5.701876e+01	8.321128e+02
2.120000e-06	7.596148e-06	1.272265e-08	5.699050e+01	8.319141e+02
2.130000e-06	7.590756e-06	1.271712e-08	5.695004e+01	8.316481e+02
2.140000e-06	7.583643e-06	1.271238e-08	5.689668e+01	8.313163e+02
2.150000e-06	7.574968e-06	1.270512e-08	5.683160e+01	8.309199e+02
2.160000e-06	7.564832e-06	1.269264e-08	5.675555e+01	8.304605e+02
2.170000e-06	7.553074e-06	1.267484e-08	5.666733e+01	8.299417e+02
2.180000e-06	7.539371e-06	1.268731e-08	5.656452e+01	8.293689e+02
2.190000e-06	7.523515e-06	1.267189e-08	5.644556e+01	8.287493e+02
2.200000e-06	7.505446e-06	1.263698e-08	5.631000e+01	8.280906e+02
2.210000e-06	7.485237e-06	1.262884e-08	5.615838e+01	8.273998e+02
2.220000e-06	7.463312e-06	1.260710e-08	5.599389e+01	8.266803e+02
2.230000e-06	7.440351e-06	1.266221e-08	5.582162e+01	8.259311e+02
2.240000e-06	7.416282e-06	1.264023e-08	5.564105e+01	8.251459e+02
2.250000e-06	7.390545e-06	1.251258e-08	5.544795e+01	8.243134e+02
2.260000e-06	7.363369e-06	1.256095e-08	5.524406e+01	8.234186e+02
2.270000e-06	7.334844e-06	1.256920e-08	5.503005e+01	8.224463e+02
2.280000e-06	7.304409e-06	1.249802e-08	5.480171e+01	8.213827e+02
2.290000e-06	7.272132e-06	1.254295e-08	5.455955e+01	8.202191e+02
2.300000e-06	7.238374e-06	1.250065e-08	5.430628e+01	8.189529e+02
2.310000e-06	7.203237e-06	1.247857e-08	5.404266e+01	8.175885e+02
2.320000e-06	7.166626e-06	1.249491e-08	5.376799e+01	8.161357e+02
2.330000e-06	7.128093e-06	1.238915e-08	5.347889e+01	8.146080e+02
2.340000e-06	7.087725e-06	1.239756e-08	5.317603e+01	8.130194e+02
2.350000e-06	7.046006e-06	1.239214e-08	5.286303e+01	8.113815e+02
2.360000e-06	7.002920e-06	1.234614e-08	5.253977e+01	8.097012e+02
2.370000e-06	6.958415e-06	1.237163e-08	5.220587e+01	8.079796e+02
2.380000e-06	6.912311e-06	1.229270e-08	5.185997e+01	8.062123e+02
2.390000e-06	6.864444e-06	1.227190e-08	5.150085e+01	8.043904e+02
2.400000e-06	6.815075e-06	1.225979e-08	5.113046e+01	8.025033e+02
2.410000e-06	6.764168e-06	1.220607e-08	5.074853e+01	8.005410e+02
2.420000e-06	6.711545e-06	1.218160e-08	5.035372e+01	7.984962e+02
2.430000e-06	6.657141e-06	1.211962e-08	4.994554e+01	7.963656e+02
2.440000e-06	6.601103e-06	1.212906e-08	4.952512e+01	7.941499e+02
2.450000e-06	6.543715e-06	1.209050e-08	4.909456e+01	7.918533e+02
2.460000e-06	6.484952e-06	1.204814e-08	4.865369e+01	7.894815e+02
2.470000e-06	6.424780e-06	1.202066e-08	4.820225e+01	7.870400e+02
2.480000e-06	6.363077e-06	1.194037e-08	4.773932e+01	7.845323e+02
2.490000e-06	6.299800e-06	1.193708e-08	4.726458e+01	7.819591e+02
2.500000e-06	6.235083e-06	1.188692e-08	4.677904e+01	7.793180e+02
2.510000e-06	6.169019e-06	1.184747e-08	4.628339e+01	7.766041e+02
2.520000e-06	6.101682e-06	1.180248e-08	4.577819e+01	7.738113e+02
2.530000e-06	6.032866e-06	1.173964e-08	4.526189e+01	7.709336e+02
2.540000e-06	5.962403e-06	1.171647e-08	4.473324e+01	7.679666e+02
2.550000e-06	5.890563e-06	1.165083e-08	4.419426e+01	7.649074e+02
2.560000e-06	5.817519e-06	1.161173e-08	4.364624e+01	7.617554e+02
2.570000e-06	5.743177e-06	1.155758e-08	4.308849e+01	7.585111e+02
2.580000e-06	5.667361e-06	1.152136e-08	4.251967e+01	7.551754e+02
2.590000e-06	5.589941e-06	1.147108e-08	4.193882e+01	7.517488e+02
2.600000e-06	5.511094e-06	1.139321e-08	4.134727e+01	7.482305e+02
2.610000e-06	5.431060e-06	1.133493e-08	4.074681e+01	7.446183e+02
2.620000e-06	5.349867e-06	1.126475e-08	4.013766e+01	7.409091e+02
2.630000e-06	5.267571e-06	1.122799e-08	3.952023e+01	7.370995e+02
2.640000e-06	5.184279e-06	1.117388e-08	3.889533e+01	7.331868e+02
2.650000e-06	5.099840e-06	1.111647e-08	3.826181e+01	7.291693e+02
2.660000e-06	5.014072e-06	1.105179e-08	3.761834e+01	7.250469e+02
2.670000e-06	4.927053e-06	1.098681e-08	3.696548e+01	7.208206e+02
2.680000e-06	4.839007e-06	1.092068e-08	3.630490e+01	7.164915e+02
2.690000e-06	4.749961e-06	1.083253e-08	3.563683e+01	7.120600e+02
2.700000e-06	4.659936e-06	1.075760e-08	3.496142e+01	7.075247e+02
2.710000e-06	4.569051e-06	1.069075e-08	3.427955e+01	7.028819e+02
2.720000e-06	4.477250e-06	1.063805e-08	3.359080e+01	6.981256e+02
2.730000e-06	4.384446e-06	1.057100e-08	3.289453e+01	6.932482e+02
2.740000e-06	4.290518e-06	1.049403e-08	3.218984e+01	6.882417e+02
2.750000e-06	4.195492e-06	1.040740e-08	3.147690e+01	6.830992e+02
2.760000e-06	4.099535e-06	1.032041e-08	3.075698e+01	6.778158e+02
2.770000e-06	4.002786e-06	1.023456e-08	3.003111e+01	6.723897e+02
2.780000e-06	3.905285e-06	1.014708e-08	2.929960e+01	6.668216e+02
2.790000e-06	3.806933e-06	1.006291e-08	2.856172e+01	6.611143e+02
2.800000e-06	3.707797e-06	9.979464e-09	2.781794e+01	6.552710e+02
2.810000e-06	3.607956e-06	9.900960e-09	2.706888e+01	6.492943e+02
2.820000e-06	3.507246e-06	9.809776e-09	2.631330e+01	6.431842e+02
2.830000e-06	3.405489e-06	9.707924e-09	2.554986e+01	6.369378e+02
2.840000e-06	3.302775e-06	9.600569e-09	2.477924e+01	6.305493e+02
2.850000e-06	3.199325e-06	9.501204e-09	2.400310e+01	6.240107e+02
2.860000e-06	3.095154e-06	9.405409e-09	2.322156e+01	6.173131e+02
2.870000e-06	2.990264e-06	9.307222e-09	2.243461e+01	6.104480e+02
2.880000e-06	2.884831e-06	9.202208e-09	2.164359e+01	6.034086e+02
2.890000e-06	2.778891e-06	9.094702e-09	2.084878e+01	5.961900e+02
2.900000e-06	2.672326e-06	8.985768e-09	2.004926e+01	5.887892e+02
2.910000e-06	2.565202e-06	8.869146e-09	1.924556e+01	5.812041e+02
2.920000e-06	2.457652e-06	8.745407e-09	1.843866e+01	5.734321e+02
2.930000e-06	2.349652e-06	8.618050e-09	1.762839e+01	5.654688e+02
2.940000e-06	2.241160e-06	8.498799e-09	1.681442e+01	5.573075e+02
2.950000e-06	2.132140e-06	8.381392e-09	1.599649e+01	5.489387e+02
2.960000e-06	2.022587e-06	8.258926e-09	1.517456e+01	5.403511e+02
2.970000e-06	1.912604e-06	8.124718e-09	1.434941e+01	5.315327e+02
2.980000e-06	1.802239e-06	7.985095e-09	1.352139e+01	5.224727e+02
2.990000e-06	1.691483e-06	7.844025e-09	1.269044e+01	5.131623e+02
3.000000e-06	1.580364e-06	7.698789e-09	1.185676e+01	5.035954e+02
3.010000e-06	1.468910e-06	7.546194e-09	1.102057e+01	4.937684e+02
3.020000e-06	1.357024e-06	7.388477e-09	1.018115e+01	4.836785e+02
3.030000e-06	1.244686e-06	7.233831e-09	9.338320e+00	4.733222e+02
3.040000e-06	1.132080e-06	7.079621e-09	8.493490e+00	4.626930e+02
3.050000e-06	1.019274e-06	6.920318e-09	7.647153e+00	4.517802e+02
3.060000e-06	9.062878e-07	6.750420e-09	6.799472e+00	4.405682e+02
3.070000e-06	7.931437e-07	6.572389e-09	5.950602e+00	4.290375e+02
3.080000e-06	6.798029e-07	6.388001e-09	5.100257e+00	4.171659e+02
3.090000e-06	5.662900e-07	6.197417e-09	4.248620e+00	4.049313e+02
3.100000e-06	4.526765e-07	6.000220e-09	3.396229e+00	3.923135e+02
3.110000e-06	3.389623e-07	5.799258e-09	2.543083e+00	3.792954e+02
3.120000e-06	2.251089e-07	5.598077e-09	1.688891e+00	3.658630e+02
3.130000e-06	1.111944e-07	5.392433e-09	8.342420e-01	3.520037e+02
3.140000e-06	-2.751009e-09	5.177553e-09	-2.063959e-02	3.377038e+02
3.150000e-06	-1.167117e-07	4.950632e-09	-8.756353e-01	3.229452e+02
3.160000e-06	-2.306119e-07	4.712748e-09	-1.730178e+00	3.077037e+02
3.170000e-06	-3.444627e-07	4.467877e-09	-2.584349e+00	2.919474e+02
3.180000e-06	-4.582459e-07	4.217627e-09	-3.438013e+00	2.756390e+02
3.190000e-06	-5.719038e-07	3.960108e-09	-4.290738e+00	2.587393e+02
3.200000e-06	-6.853875e-07	3.692544e-09	-5.142156e+00	2.412122e+02
3.210000e-06	-7.987153e-07	3.413988e-09	-5.992403e+00	2.230308e+02
3.220000e-06	-9.118820e-07	3.123304e-09	-6.841442e+00	2.041810e+02
3.230000e-06	-1.024836e-06	2.823700e-09	-7.688882e+00	1.846635e+02
3.240000e-06	-1.137531e-06	2.517410e-09	-8.534384e+00	1.644909e+02
3.250000e-06	-1.249840e-06	2.201475e-09	-9.376987e+00	1.436806e+02
3.260000e-06	-1.361651e-06	1.876174e-09	-1.021586e+01	1.222454e+02
3.270000e-06	-1.473061e-06	1.541420e-09	-1.105171e+01	1.001818e+02
3.280000e-06	-1.584167e-06	1.196150e-09	-1.188529e+01	7.746009e+01
3.290000e-06	-1.694846e-06	8.354861e-10	-1.271567e+01	5.401877e+01
3.300000e-06	-1.805029e-06	4.590101e-10	-1.354232e+01	2.976536e+01
3.310000e-06	-1.914776e-06	7.037802e-11	-1.436571e+01	4.585410e+00
3.320000e-06	-2.024155e-06	-3.287971e-10	-1.518633e+01	-2.164058e+01
3.330000e-06	-2.133163e-06	-7.409498e-10	-1.600416e+01	-4.901426e+01
3.340000e-06	-2.241686e-06	-1.173109e-09	-1.681837e+01	-7.759371e+01
3.350000e-06	-2.349708e-06	-1.624440e-09	-1.762881e+01	-1.073692e+02
3.360000e-06	-2.457273e-06	-2.090816e-09	-1.843582e+01	-1.382449e+02
3.370000e-06	-2.564333e-06	-2.572507e-09	-1.923904e+01	-1.700302e+02
3.380000e-06	-2.670840e-06	-3.068232e-09	-2.003811e+01	-2.024435e+02
3.390000e-06	-2.776808e-06	-3.572510e-09	-2.083315e+01	-2.351276e+02
3.400000e-06	-2.882280e-06	-4.073856e-09	-2.162445e+01	-2.676767e+02
3.410000e-06	-2.987202e-06	-4.562824e-09	-2.241164e+01	-2.996700e+02
3.420000e-06	-3.091446e-06	-5.035334e-09	-2.319373e+01	-3.307077e+02
3.430000e-06	-3.194997e-06	-5.487703e-09	-2.397063e+01	-3.604440e+02
3.440000e-06	-3.297821e-06	-5.918175e-09	-2.474208e+01	-3.886127e+02
3.450000e-06	-3.399819e-06	-6.323773e-09	-2.550732e+01	-4.150420e+02
3.460000e-06	-3.500956e-06	-6.703927e-09	-2.626610e+01	-4.396572e+02
3.470000e-06	-3.601287e-06	-7.056769e-09	-2.701884e+01	-4.624719e+02
3.480000e-06	-3.700842e-06	-7.384246e-09	-2.776576e+01	-4.835704e+02
3.490000e-06	-3.799566e-06	-7.689525e-09	-2.850645e+01	-5.030847e+02
3.500000e-06	-3.897478e-06	-7.971198e-09	-2.924103e+01	-5.211708e+02
3.510000e-06	-3.994583e-06	-8.229194e-09	-2.996956e+01	-5.379875e+02
3.520000e-06	-4.090872e-06	-8.467288e-09	-3.069198e+01	-5.536803e+02
3.530000e-06	-4.186330e-06	-8.689977e-09	-3.140816e+01	-5.683727e+02
3.540000e-06	-4.280912e-06	-8.898912e-09	-3.211777e+01	-5.821637e+02
3.550000e-06	-4.374580e-06	-9.095545e-09	-3.282051e+01	-5.951306e+02
3.560000e-06	-4.467132e-06	-9.283908e-09	-3.351489e+01	-6.073351e+02
3.570000e-06	-4.558528e-06	-9.465229e-09	-3.420059e+01	-6.188299e+02
3.580000e-06	-4.648873e-06	-9.637689e-09	-3.487841e+01	-6.296646e+02
3.590000e-06	-4.738198e-06	-9.795798e-09	-3.554858e+01	-6.398886e+02
3.600000e-06	-4.826563e-06	-9.938176e-09	-3.621154e+01	-6.495518e+02
3.610000e-06	-4.913957e-06	-1.006834e-08	-3.686722e+01	-6.587031e+02
3.620000e-06	-5.000276e-06	-1.019349e-08	-3.751483e+01	-6.673879e+02
3.630000e-06	-5.085316e-06	-1.031783e-08	-3.815285e+01	-6.756452e+02
3.640000e-06	-5.169074e-06	-1.043941e-08	-3.878125e+01	-6.835065e+02
3.650000e-06	-5.251723e-06	-1.055824e-08	-3.940133e+01	-6.909960e+02
3.660000e-06	-5.333342e-06	-1.067113e-08	-4.001368e+01	-6.981321e+02
3.670000e-06	-5.413957e-06	-1.077612e-08	-4.061849e+01	-7.049310e+02
3.680000e-06	-5.493429e-06	-1.087453e-08	-4.121474e+01	-7.114088e+02
3.690000e-06	-5.571624e-06	-1.096619e-08	-4.180140e+01	-7.175843e+02
3.700000e-06	-5.648380e-06	-1.105280e-08	-4.237726e+01	-7.234798e+02
3.710000e-06	-5.723610e-06	-1.113757e-08	-4.294168e+01	-7.291200e+02
3.720000e-06	-5.797481e-06	-1.122126e-08	-4.349590e+01	-7.345298e+02
3.730000e-06	-5.870102e-06	-1.130483e-08	-4.404075e+01	-7.397320e+02
3.740000e-06	-5.941498e-06	-1.138550e-08	-4.457640e+01	-7.447437e+02
3.750000e-06	-6.011617e-06	-1.146281e-08	-4.510247e+01	-7.495755e+02
3.760000e-06	-6.080277e-06	-1.153484e-08	-4.561759e+01	-7.542306e+02
3.770000e-06	-6.147499e-06	-1.160205e-08	-4.612193e+01	-7.587067e+02
3.780000e-06	-6.213478e-06	-1.166544e-08	-4.661694e+01	-7.629985e+02
3.790000e-06	-6.278197e-06	-1.172675e-08	-4.710250e+01	-7.671006e+02
3.800000e-06	-6.341587e-06	-1.178553e-08	-4.757809e+01	-7.710110e+02
3.810000e-06	-6.403517e-06	-1.184140e-08	-4.804272e+01	-7.747324e+02
3.820000e-06	-6.463913e-06	-1.189484e-08	-4.849585e+01	-7.782728e+02
3.830000e-06	-6.522864e-06	-1.194930e-08	-4.893813e+01	-7.816442e+02
3.840000e-06	-6.580458e-06	-1.200466e-08	-4.937023e+01	-7.848604e+02
3.850000e-06	-6.636670e-06	-1.205589e-08	-4.979196e+01	-7.879339e+02
3.860000e-06	-6.691303e-06	-1.210145e-08	-5.020185e+01	-7.908736e+02
3.870000e-06	-6.744153e-06	-1.214022e-08	-5.059836e+01	-7.936837e+02
3.880000e-06	-6.795286e-06	-1.217483e-08	-5.098199e+01	-7.963632e+02
3.890000e-06	-6.844775e-06	-1.220677e-08	-5.135328e+01	-7.989080e+02
3.900000e-06	-6.892479e-06	-1.224013e-08	-5.171118e+01	-8.013131e+02
3.910000e-06	-6.938481e-06	-1.227736e-08	-5.205632e+01	-8.035757e+02
3.920000e-06	-6.983038e-06	-1.231755e-08	-5.239061e+01	-8.056973e+02
3.930000e-06	-7.026243e-06	-1.235416e-08	-5.271476e+01	-8.076851e+02
3.940000e-06	-7.068148e-06	-1.238295e-08	-5.302915e+01	-8.095518e+02
3.950000e-06	-7.108672e-06	-1.240610e-08	-5.333318e+01	-8.113135e+02
3.960000e-06	-7.147575e-06	-1.242571e-08	-5.362505e+01	-8.129870e+02
3.970000e-06	-7.184732e-06	-1.244486e-08	-5.390383e+01	-8.145868e+02
3.980000e-06	-7.220285e-06	-1.246602e-08	-5.417057e+01	-8.161221e+02
3.990000e-06	-7.254363e-06	-1.248860e-08	-5.442624e+01	-8.175960e+02
4.000000e-06	-7.286981e-06	-1.251256e-08	-5.467096e+01	-8.190046e+02
4.010000e-06	-7.318036e-06	-1.253614e-08	-5.490395e+01	-8.203395e+02
4.020000e-06	-7.347350e-06	-1.255421e-08	-5.512388e+01	-8.215901e+02
4.030000e-06	-7.375038e-06	-1.256873e-08	-5.533161e+01	-8.227467e+02
4.040000e-06	-7.401169e-06	-1.258273e-08	-5.552766e+01	-8.238035e+02
4.050000e-06	-7.425680e-06	-1.259556e-08	-5.571155e+01	-8.247602e+02
4.060000e-06	-7.448483e-06	-1.260556e-08	-5.588264e+01	-8.256224e+02
4.070000e-06	-7.469499e-06	-1.261404e-08	-5.604031e+01	-8.264004e+02
4.080000e-06	-7.488902e-06	-1.262309e-08	-5.618588e+01	-8.271067e+02
4.090000e-06	-7.506827e-06	-1.263288e-08	-5.632036e+01	-8.277538e+02
4.100000e-06	-7.523226e-06	-1.264230e-08	-5.644340e+01	-8.283511e+02
4.110000e-06	-7.537876e-06	-1.264979e-08	-5.655331e+01	-8.289031e+02
4.120000e-06	-7.550553e-06	-1.265451e-08	-5.664842e+01	-8.294093e+02
4.130000e-06	-7.561390e-06	-1.265692e-08	-5.672972e+01	-8.298645e+02
4.140000e-06	-7.570582e-06	-1.265672e-08	-5.679869e+01	-8.302606e+02
4.150000e-06	-7.578237e-06	-1.265478e-08	-5.685612e+01	-8.305886e+02
4.160000e-06	-7.584200e-06	-1.265619e-08	-5.690086e+01	-8.308411e+02
4.170000e-06	-7.588344e-06	-1.265757e-08	-5.693194e+01	-8.310133e+02
4.180000e-06	-7.590861e-06	-1.265813e-08	-5.695083e+01	-8.311037e+02
4.190000e-06	-7.591795e-06	-1.265973e-08	-5.695784e+01	-8.311139e+02
