# Temperatura_=_44.77
# Concentracion g/m^3_=_18600.0
# C_Vs_to_Am_M_A/Vsm_=_65563218390.804596
# pendiente_HvsI_1/m_=_3716.3
# ordenada_HvsI_A/m_=_1297.0
# frecuencia_Hz_=_238266.21092834606

Tiempo_(s)	Campo_(V.s)	Magnetizacion_(V.s)	Campo_(kA/m)	Magnetizacion_(A/m)
0.000000e+00	-7.606338e-06	-1.015408e-08	-5.696139e+01	-6.680496e+02
1.000000e-08	-7.605823e-06	-1.015227e-08	-5.695752e+01	-6.679641e+02
2.000000e-08	-7.603501e-06	-1.015661e-08	-5.694014e+01	-6.678089e+02
3.000000e-08	-7.599481e-06	-1.015218e-08	-5.691004e+01	-6.675811e+02
4.000000e-08	-7.594101e-06	-1.014403e-08	-5.686974e+01	-6.672825e+02
5.000000e-08	-7.587245e-06	-1.014069e-08	-5.681840e+01	-6.669186e+02
6.000000e-08	-7.578909e-06	-1.013537e-08	-5.675597e+01	-6.664980e+02
7.000000e-08	-7.568890e-06	-1.012280e-08	-5.668095e+01	-6.660302e+02
8.000000e-08	-7.556947e-06	-1.008652e-08	-5.659151e+01	-6.655235e+02
9.000000e-08	-7.543154e-06	-1.009735e-08	-5.648821e+01	-6.649831e+02
1.000000e-07	-7.527136e-06	-1.020006e-08	-5.636827e+01	-6.644103e+02
1.100000e-07	-7.508789e-06	-1.020295e-08	-5.623087e+01	-6.638022e+02
1.200000e-07	-7.488739e-06	-1.015123e-08	-5.608072e+01	-6.631526e+02
1.300000e-07	-7.467387e-06	-1.008589e-08	-5.592082e+01	-6.624540e+02
1.400000e-07	-7.444793e-06	-9.929063e-09	-5.575162e+01	-6.616992e+02
1.500000e-07	-7.420877e-06	-1.007437e-08	-5.557253e+01	-6.608832e+02
1.600000e-07	-7.395162e-06	-1.013285e-08	-5.537996e+01	-6.600041e+02
1.700000e-07	-7.367662e-06	-9.884016e-09	-5.517401e+01	-6.590630e+02
1.800000e-07	-7.338776e-06	-1.005867e-08	-5.495770e+01	-6.580636e+02
1.900000e-07	-7.308268e-06	-1.008307e-08	-5.472923e+01	-6.570105e+02
2.000000e-07	-7.276323e-06	-9.886911e-09	-5.449001e+01	-6.559076e+02
2.100000e-07	-7.242955e-06	-1.002943e-08	-5.424012e+01	-6.547572e+02
2.200000e-07	-7.207764e-06	-9.926408e-09	-5.397659e+01	-6.535589e+02
2.300000e-07	-7.170926e-06	-9.789929e-09	-5.370073e+01	-6.523100e+02
2.400000e-07	-7.132433e-06	-9.903569e-09	-5.341247e+01	-6.510065e+02
2.500000e-07	-7.092427e-06	-9.881228e-09	-5.311287e+01	-6.496443e+02
2.600000e-07	-7.050923e-06	-9.898800e-09	-5.280206e+01	-6.482206e+02
2.700000e-07	-7.007609e-06	-9.864753e-09	-5.247769e+01	-6.467349e+02
2.800000e-07	-6.962696e-06	-9.775933e-09	-5.214136e+01	-6.451890e+02
2.900000e-07	-6.916274e-06	-9.796325e-09	-5.179372e+01	-6.435869e+02
3.000000e-07	-6.868265e-06	-9.762209e-09	-5.143419e+01	-6.419328e+02
3.100000e-07	-6.818587e-06	-9.739685e-09	-5.106217e+01	-6.402303e+02
3.200000e-07	-6.766973e-06	-9.691286e-09	-5.067565e+01	-6.384806e+02
3.300000e-07	-6.713539e-06	-9.688606e-09	-5.027550e+01	-6.366820e+02
3.400000e-07	-6.658641e-06	-9.689145e-09	-4.986439e+01	-6.348292e+02
3.500000e-07	-6.602437e-06	-9.628723e-09	-4.944349e+01	-6.329151e+02
3.600000e-07	-6.544738e-06	-9.611344e-09	-4.901141e+01	-6.309315e+02
3.700000e-07	-6.485374e-06	-9.526042e-09	-4.856685e+01	-6.288710e+02
3.800000e-07	-6.424586e-06	-9.510342e-09	-4.811163e+01	-6.267285e+02
3.900000e-07	-6.362520e-06	-9.539551e-09	-4.764683e+01	-6.245022e+02
4.000000e-07	-6.299144e-06	-9.482400e-09	-4.717223e+01	-6.221932e+02
4.100000e-07	-6.234373e-06	-9.432653e-09	-4.668719e+01	-6.198050e+02
4.200000e-07	-6.168037e-06	-9.375053e-09	-4.619041e+01	-6.173420e+02
4.300000e-07	-6.100119e-06	-9.359302e-09	-4.568180e+01	-6.148080e+02
4.400000e-07	-6.030787e-06	-9.328470e-09	-4.516260e+01	-6.122051e+02
4.500000e-07	-5.960215e-06	-9.273341e-09	-4.463411e+01	-6.095328e+02
4.600000e-07	-5.888439e-06	-9.220365e-09	-4.409660e+01	-6.067889e+02
4.700000e-07	-5.815232e-06	-9.181324e-09	-4.354837e+01	-6.039699e+02
4.800000e-07	-5.740457e-06	-9.178636e-09	-4.298841e+01	-6.010726e+02
4.900000e-07	-5.664190e-06	-9.119522e-09	-4.241727e+01	-5.980954e+02
5.000000e-07	-5.586523e-06	-9.046935e-09	-4.183564e+01	-5.950389e+02
5.100000e-07	-5.507421e-06	-8.989564e-09	-4.124328e+01	-5.919060e+02
5.200000e-07	-5.426940e-06	-8.958660e-09	-4.064058e+01	-5.887007e+02
5.300000e-07	-5.345254e-06	-8.931283e-09	-4.002886e+01	-5.854267e+02
5.400000e-07	-5.262463e-06	-8.870136e-09	-3.940887e+01	-5.820853e+02
5.500000e-07	-5.178618e-06	-8.806346e-09	-3.878098e+01	-5.786747e+02
5.600000e-07	-5.093748e-06	-8.754579e-09	-3.814541e+01	-5.751884e+02
5.700000e-07	-5.007921e-06	-8.721473e-09	-3.750268e+01	-5.716167e+02
5.800000e-07	-4.921162e-06	-8.664774e-09	-3.685298e+01	-5.679480e+02
5.900000e-07	-4.833441e-06	-8.584525e-09	-3.619606e+01	-5.641712e+02
6.000000e-07	-4.744569e-06	-8.515123e-09	-3.553053e+01	-5.602779e+02
6.100000e-07	-4.654528e-06	-8.471282e-09	-3.485624e+01	-5.562648e+02
6.200000e-07	-4.563448e-06	-8.429076e-09	-3.417417e+01	-5.521339e+02
6.300000e-07	-4.471369e-06	-8.355848e-09	-3.348462e+01	-5.478919e+02
6.400000e-07	-4.378350e-06	-8.270298e-09	-3.278804e+01	-5.435483e+02
6.500000e-07	-4.284384e-06	-8.200758e-09	-3.208435e+01	-5.391121e+02
6.600000e-07	-4.189483e-06	-8.147942e-09	-3.137367e+01	-5.345889e+02
6.700000e-07	-4.093766e-06	-8.083173e-09	-3.065688e+01	-5.299786e+02
6.800000e-07	-3.997118e-06	-8.000708e-09	-2.993311e+01	-5.252745e+02
6.900000e-07	-3.899469e-06	-7.922123e-09	-2.920185e+01	-5.204643e+02
7.000000e-07	-3.800928e-06	-7.860014e-09	-2.846391e+01	-5.155323e+02
7.100000e-07	-3.701422e-06	-7.794784e-09	-2.771874e+01	-5.104632e+02
7.200000e-07	-3.601009e-06	-7.708351e-09	-2.696678e+01	-5.052456e+02
7.300000e-07	-3.499866e-06	-7.608784e-09	-2.620935e+01	-4.998748e+02
7.400000e-07	-3.397987e-06	-7.521811e-09	-2.544641e+01	-4.943536e+02
7.500000e-07	-3.295368e-06	-7.452607e-09	-2.467794e+01	-4.886917e+02
7.600000e-07	-3.192053e-06	-7.376654e-09	-2.390424e+01	-4.829021e+02
7.700000e-07	-3.088003e-06	-7.280784e-09	-2.312505e+01	-4.769974e+02
7.800000e-07	-2.983185e-06	-7.180913e-09	-2.234010e+01	-4.709850e+02
7.900000e-07	-2.877651e-06	-7.094084e-09	-2.154979e+01	-4.648638e+02
8.000000e-07	-2.771468e-06	-7.007755e-09	-2.075462e+01	-4.586231e+02
8.100000e-07	-2.664613e-06	-6.907056e-09	-1.995442e+01	-4.522433e+02
8.200000e-07	-2.557021e-06	-6.792011e-09	-1.914869e+01	-4.456992e+02
8.300000e-07	-2.448813e-06	-6.683701e-09	-1.833836e+01	-4.389652e+02
8.400000e-07	-2.340105e-06	-6.589744e-09	-1.752428e+01	-4.320205e+02
8.500000e-07	-2.230910e-06	-6.492059e-09	-1.670656e+01	-4.248527e+02
8.600000e-07	-2.121334e-06	-6.376715e-09	-1.588598e+01	-4.174604e+02
8.700000e-07	-2.011334e-06	-6.250565e-09	-1.506222e+01	-4.098518e+02
8.800000e-07	-1.900897e-06	-6.130806e-09	-1.423519e+01	-4.020412e+02
8.900000e-07	-1.790143e-06	-6.015902e-09	-1.340580e+01	-3.940438e+02
9.000000e-07	-1.679097e-06	-5.890102e-09	-1.257421e+01	-3.858696e+02
9.100000e-07	-1.567712e-06	-5.751336e-09	-1.174008e+01	-3.775184e+02
9.200000e-07	-1.455921e-06	-5.613994e-09	-1.090291e+01	-3.689778e+02
9.300000e-07	-1.343717e-06	-5.486831e-09	-1.006266e+01	-3.602236e+02
9.400000e-07	-1.231128e-06	-5.358295e-09	-9.219515e+00	-3.512234e+02
9.500000e-07	-1.118259e-06	-5.213895e-09	-8.374278e+00	-3.419424e+02
9.600000e-07	-1.005186e-06	-5.059147e-09	-7.527510e+00	-3.323500e+02
9.700000e-07	-8.919111e-07	-4.905725e-09	-6.679231e+00	-3.224243e+02
9.800000e-07	-7.784908e-07	-4.753678e-09	-5.829864e+00	-3.121549e+02
9.900000e-07	-6.649701e-07	-4.594150e-09	-4.979744e+00	-3.015414e+02
1.000000e-06	-5.512932e-07	-4.424235e-09	-4.128455e+00	-2.905889e+02
1.010000e-06	-4.373951e-07	-4.249509e-09	-3.275509e+00	-2.793012e+02
1.020000e-06	-3.234287e-07	-4.073964e-09	-2.422052e+00	-2.676731e+02
1.030000e-06	-2.094376e-07	-3.894259e-09	-1.568409e+00	-2.556850e+02
1.040000e-06	-9.538762e-08	-3.704702e-09	-7.143267e-01	-2.433000e+02
1.050000e-06	1.864684e-08	-3.505432e-09	1.396401e-01	-2.304667e+02
1.060000e-06	1.327051e-07	-3.301421e-09	9.937854e-01	-2.171250e+02
1.070000e-06	2.467685e-07	-3.093560e-09	1.847969e+00	-2.032151e+02
1.080000e-06	3.607877e-07	-2.874589e-09	2.701821e+00	-1.886880e+02
1.090000e-06	4.747555e-07	-2.641989e-09	3.555289e+00	-1.735126e+02
1.100000e-06	5.886498e-07	-2.399384e-09	4.408206e+00	-1.576789e+02
1.110000e-06	7.024144e-07	-2.151297e-09	5.260152e+00	-1.411954e+02
1.120000e-06	8.159962e-07	-1.895226e-09	6.110729e+00	-1.240799e+02
1.130000e-06	9.294265e-07	-1.626688e-09	6.960172e+00	-1.063472e+02
1.140000e-06	1.042686e-06	-1.344592e-09	7.808333e+00	-8.799387e+01
1.150000e-06	1.155681e-06	-1.052682e-09	8.654516e+00	-6.898716e+01
1.160000e-06	1.268329e-06	-7.535167e-10	9.498104e+00	-4.925910e+01
1.170000e-06	1.380571e-06	-4.386286e-10	1.033865e+01	-2.871004e+01
1.180000e-06	1.492430e-06	-1.061147e-10	1.117632e+01	-7.222050e+00
1.190000e-06	1.603925e-06	2.432897e-10	1.201127e+01	1.531877e+01
1.200000e-06	1.715059e-06	6.042587e-10	1.284352e+01	3.899449e+01
1.210000e-06	1.825847e-06	9.776535e-10	1.367317e+01	6.382668e+01
1.220000e-06	1.936316e-06	1.368296e-09	1.450043e+01	8.975255e+01
1.230000e-06	2.046421e-06	1.778613e-09	1.532498e+01	1.166109e+02
1.240000e-06	2.156073e-06	2.200221e-09	1.614612e+01	1.441414e+02
1.250000e-06	2.265278e-06	2.624404e-09	1.696393e+01	1.719985e+02
1.260000e-06	2.374053e-06	3.048966e-09	1.777851e+01	1.997788e+02
1.270000e-06	2.482323e-06	3.467987e-09	1.858931e+01	2.270575e+02
1.280000e-06	2.590009e-06	3.872011e-09	1.939573e+01	2.534294e+02
1.290000e-06	2.696982e-06	4.248381e-09	2.019682e+01	2.785465e+02
1.300000e-06	2.803277e-06	4.596332e-09	2.099282e+01	3.021481e+02
1.310000e-06	2.909042e-06	4.921528e-09	2.178487e+01	3.240784e+02
1.320000e-06	3.014160e-06	5.226278e-09	2.257206e+01	3.442888e+02
1.330000e-06	3.118489e-06	5.505610e-09	2.335334e+01	3.628272e+02
1.340000e-06	3.222037e-06	5.760473e-09	2.412878e+01	3.798157e+02
1.350000e-06	3.324897e-06	5.998316e-09	2.489907e+01	3.954228e+02
1.360000e-06	3.427103e-06	6.221746e-09	2.566446e+01	4.098333e+02
1.370000e-06	3.528641e-06	6.427625e-09	2.642484e+01	4.232236e+02
1.380000e-06	3.629484e-06	6.615962e-09	2.718002e+01	4.357428e+02
1.390000e-06	3.729500e-06	6.789901e-09	2.792900e+01	4.475041e+02
1.400000e-06	3.828588e-06	6.955176e-09	2.867104e+01	4.585848e+02
1.410000e-06	3.926776e-06	7.112360e-09	2.940634e+01	4.690332e+02
1.420000e-06	4.024035e-06	7.259994e-09	3.013468e+01	4.788793e+02
1.430000e-06	4.120240e-06	7.398853e-09	3.085513e+01	4.881469e+02
1.440000e-06	4.215443e-06	7.529805e-09	3.156808e+01	4.968627e+02
1.450000e-06	4.309788e-06	7.655967e-09	3.227460e+01	5.050619e+02
1.460000e-06	4.403298e-06	7.777918e-09	3.297486e+01	5.127890e+02
1.470000e-06	4.495941e-06	7.894167e-09	3.366863e+01	5.200947e+02
1.480000e-06	4.587596e-06	8.001808e-09	3.435501e+01	5.270307e+02
1.490000e-06	4.678191e-06	8.099262e-09	3.503344e+01	5.336433e+02
1.500000e-06	4.767699e-06	8.189830e-09	3.570374e+01	5.399697e+02
1.510000e-06	4.856026e-06	8.277729e-09	3.636519e+01	5.460351e+02
1.520000e-06	4.943216e-06	8.363801e-09	3.701813e+01	5.518542e+02
1.530000e-06	5.029344e-06	8.447197e-09	3.766312e+01	5.574340e+02
1.540000e-06	5.114486e-06	8.532221e-09	3.830071e+01	5.627783e+02
1.550000e-06	5.198605e-06	8.620868e-09	3.893066e+01	5.678919e+02
1.560000e-06	5.281614e-06	8.705318e-09	3.955228e+01	5.727842e+02
1.570000e-06	5.363443e-06	8.776902e-09	4.016508e+01	5.774693e+02
1.580000e-06	5.444066e-06	8.834970e-09	4.076884e+01	5.819660e+02
1.590000e-06	5.523450e-06	8.888351e-09	4.136332e+01	5.862941e+02
1.600000e-06	5.601522e-06	8.945673e-09	4.194797e+01	5.904716e+02
1.610000e-06	5.678380e-06	9.006721e-09	4.252353e+01	5.945114e+02
1.620000e-06	5.753823e-06	9.069727e-09	4.308851e+01	5.984197e+02
1.630000e-06	5.827748e-06	9.134933e-09	4.364210e+01	6.021957e+02
1.640000e-06	5.900296e-06	9.201338e-09	4.418539e+01	6.058337e+02
1.650000e-06	5.971564e-06	9.262973e-09	4.471909e+01	6.093256e+02
1.660000e-06	6.041582e-06	9.310897e-09	4.524343e+01	6.126649e+02
1.670000e-06	6.110346e-06	9.346139e-09	4.575839e+01	6.158490e+02
1.680000e-06	6.177820e-06	9.381420e-09	4.626368e+01	6.188809e+02
1.690000e-06	6.243828e-06	9.427343e-09	4.675799e+01	6.217697e+02
1.700000e-06	6.308368e-06	9.479606e-09	4.724131e+01	6.245282e+02
1.710000e-06	6.371589e-06	9.528463e-09	4.771475e+01	6.271711e+02
1.720000e-06	6.433551e-06	9.573532e-09	4.817877e+01	6.297115e+02
1.730000e-06	6.494248e-06	9.617526e-09	4.863331e+01	6.321589e+02
1.740000e-06	6.553571e-06	9.657645e-09	4.907756e+01	6.345175e+02
1.750000e-06	6.611300e-06	9.687575e-09	4.950987e+01	6.367865e+02
1.760000e-06	6.667445e-06	9.709997e-09	4.993032e+01	6.389616e+02
1.770000e-06	6.722165e-06	9.735757e-09	5.034010e+01	6.410365e+02
1.780000e-06	6.775329e-06	9.771655e-09	5.073823e+01	6.430064e+02
1.790000e-06	6.826639e-06	9.809957e-09	5.112247e+01	6.448691e+02
1.800000e-06	6.876027e-06	9.842714e-09	5.149232e+01	6.466264e+02
1.810000e-06	6.923758e-06	9.870543e-09	5.184977e+01	6.482840e+02
1.820000e-06	6.970031e-06	9.897070e-09	5.219629e+01	6.498508e+02
1.830000e-06	7.014922e-06	9.922714e-09	5.253246e+01	6.513365e+02
1.840000e-06	7.058364e-06	9.943806e-09	5.285779e+01	6.527501e+02
1.850000e-06	7.100024e-06	9.962201e-09	5.316977e+01	6.540986e+02
1.860000e-06	7.140013e-06	9.981160e-09	5.346923e+01	6.553860e+02
1.870000e-06	7.178558e-06	1.000281e-08	5.375788e+01	6.566135e+02
1.880000e-06	7.215605e-06	1.002368e-08	5.403531e+01	6.577806e+02
1.890000e-06	7.251131e-06	1.004347e-08	5.430135e+01	6.588859e+02
1.900000e-06	7.284973e-06	1.006177e-08	5.455478e+01	6.599287e+02
1.910000e-06	7.317140e-06	1.007909e-08	5.479567e+01	6.609094e+02
1.920000e-06	7.347746e-06	1.009666e-08	5.502487e+01	6.618299e+02
1.930000e-06	7.376894e-06	1.011210e-08	5.524315e+01	6.626929e+02
1.940000e-06	7.404595e-06	1.012274e-08	5.545059e+01	6.635010e+02
1.950000e-06	7.430457e-06	1.013100e-08	5.564427e+01	6.642560e+02
1.960000e-06	7.454482e-06	1.014226e-08	5.582418e+01	6.649579e+02
1.970000e-06	7.476924e-06	1.015506e-08	5.599224e+01	6.656050e+02
1.980000e-06	7.497881e-06	1.016658e-08	5.614918e+01	6.661944e+02
1.990000e-06	7.517375e-06	1.017672e-08	5.629517e+01	6.667231e+02
2.000000e-06	7.535256e-06	1.018832e-08	5.642907e+01	6.671890e+02
2.010000e-06	7.551376e-06	1.020027e-08	5.654979e+01	6.675924e+02
2.020000e-06	7.565723e-06	1.020863e-08	5.665723e+01	6.679357e+02
2.030000e-06	7.578321e-06	1.021292e-08	5.675157e+01	6.682240e+02
2.040000e-06	7.588976e-06	1.021556e-08	5.683137e+01	6.684632e+02
2.050000e-06	7.597754e-06	1.021910e-08	5.689710e+01	6.686589e+02
2.060000e-06	7.604879e-06	1.022217e-08	5.695046e+01	6.688148e+02
2.070000e-06	7.610386e-06	1.022574e-08	5.699170e+01	6.689315e+02
2.080000e-06	7.614395e-06	1.023091e-08	5.702172e+01	6.690059e+02
2.090000e-06	7.616627e-06	1.023696e-08	5.703844e+01	6.690315e+02
2.100000e-06	7.617036e-06	1.024487e-08	5.704150e+01	6.690005e+02
2.110000e-06	7.615929e-06	1.024743e-08	5.703321e+01	6.689048e+02
2.120000e-06	7.613337e-06	1.023853e-08	5.701380e+01	6.687387e+02
2.130000e-06	7.609250e-06	1.023095e-08	5.698319e+01	6.685001e+02
2.140000e-06	7.603432e-06	1.022486e-08	5.693962e+01	6.681912e+02
2.150000e-06	7.595910e-06	1.021830e-08	5.688329e+01	6.678182e+02
2.160000e-06	7.586937e-06	1.021673e-08	5.681610e+01	6.673899e+02
2.170000e-06	7.576517e-06	1.024071e-08	5.673806e+01	6.669157e+02
2.180000e-06	7.564416e-06	1.026302e-08	5.664745e+01	6.664036e+02
2.190000e-06	7.550339e-06	1.013604e-08	5.654202e+01	6.658584e+02
2.200000e-06	7.533990e-06	1.007543e-08	5.641959e+01	6.652806e+02
2.210000e-06	7.515334e-06	1.009899e-08	5.627988e+01	6.646666e+02
2.220000e-06	7.494609e-06	1.014386e-08	5.612468e+01	6.640101e+02
2.230000e-06	7.472345e-06	1.030304e-08	5.595795e+01	6.633035e+02
2.240000e-06	7.449231e-06	1.009316e-08	5.578486e+01	6.625397e+02
2.250000e-06	7.424912e-06	1.004914e-08	5.560274e+01	6.617143e+02
2.260000e-06	7.398726e-06	1.029249e-08	5.540665e+01	6.608256e+02
2.270000e-06	7.371259e-06	1.000185e-08	5.520095e+01	6.598755e+02
2.280000e-06	7.342363e-06	1.002457e-08	5.498456e+01	6.588677e+02
2.290000e-06	7.311395e-06	1.022852e-08	5.475265e+01	6.578068e+02
2.300000e-06	7.278786e-06	9.929434e-09	5.450845e+01	6.566967e+02
2.310000e-06	7.244644e-06	1.005690e-08	5.425278e+01	6.555392e+02
2.320000e-06	7.209113e-06	1.017581e-08	5.398669e+01	6.543335e+02
2.330000e-06	7.172180e-06	9.967857e-09	5.371011e+01	6.530766e+02
2.340000e-06	7.133234e-06	1.005568e-08	5.341846e+01	6.517645e+02
2.350000e-06	7.092567e-06	9.888012e-09	5.311392e+01	6.503932e+02
2.360000e-06	7.050506e-06	9.885456e-09	5.279894e+01	6.489601e+02
2.370000e-06	7.006922e-06	1.003049e-08	5.247255e+01	6.474651e+02
2.380000e-06	6.961941e-06	9.832451e-09	5.213570e+01	6.459105e+02
2.390000e-06	6.915295e-06	9.911170e-09	5.178639e+01	6.443002e+02
2.400000e-06	6.866936e-06	9.855074e-09	5.142424e+01	6.426387e+02
2.410000e-06	6.817104e-06	9.801807e-09	5.105106e+01	6.409290e+02
2.420000e-06	6.765774e-06	9.830208e-09	5.066667e+01	6.391722e+02
2.430000e-06	6.712768e-06	9.696237e-09	5.026973e+01	6.373657e+02
2.440000e-06	6.657937e-06	9.760803e-09	4.985911e+01	6.355043e+02
2.450000e-06	6.601525e-06	9.669844e-09	4.943667e+01	6.335802e+02
2.460000e-06	6.543735e-06	9.700828e-09	4.900389e+01	6.315854e+02
2.470000e-06	6.484563e-06	9.697680e-09	4.856078e+01	6.295128e+02
2.480000e-06	6.423896e-06	9.537098e-09	4.810646e+01	6.273578e+02
2.490000e-06	6.361558e-06	9.592206e-09	4.763963e+01	6.251189e+02
2.500000e-06	6.297778e-06	9.502063e-09	4.716201e+01	6.227977e+02
2.510000e-06	6.232685e-06	9.519413e-09	4.667455e+01	6.203980e+02
2.520000e-06	6.166211e-06	9.470971e-09	4.617674e+01	6.179241e+02
2.530000e-06	6.098391e-06	9.385181e-09	4.566886e+01	6.153796e+02
2.540000e-06	6.029063e-06	9.402460e-09	4.514968e+01	6.127663e+02
2.550000e-06	5.958178e-06	9.321944e-09	4.461885e+01	6.100835e+02
2.560000e-06	5.885952e-06	9.321186e-09	4.407797e+01	6.073285e+02
2.570000e-06	5.812480e-06	9.213575e-09	4.352776e+01	6.044978e+02
2.580000e-06	5.737593e-06	9.187521e-09	4.296696e+01	6.015886e+02
2.590000e-06	5.661196e-06	9.167138e-09	4.239485e+01	5.985993e+02
2.600000e-06	5.583278e-06	9.111632e-09	4.181135e+01	5.955311e+02
2.610000e-06	5.503960e-06	9.077175e-09	4.121736e+01	5.923871e+02
2.620000e-06	5.423485e-06	8.971502e-09	4.061471e+01	5.891712e+02
2.630000e-06	5.341912e-06	8.954602e-09	4.000383e+01	5.858870e+02
2.640000e-06	5.259336e-06	8.905637e-09	3.938545e+01	5.825355e+02
2.650000e-06	5.175676e-06	8.870840e-09	3.875895e+01	5.791139e+02
2.660000e-06	5.090774e-06	8.799141e-09	3.812315e+01	5.756155e+02
2.670000e-06	5.004690e-06	8.727483e-09	3.747849e+01	5.720300e+02
2.680000e-06	4.917414e-06	8.692552e-09	3.682491e+01	5.683457e+02
2.690000e-06	4.829053e-06	8.628301e-09	3.616320e+01	5.645518e+02
2.700000e-06	4.739677e-06	8.565702e-09	3.549389e+01	5.606406e+02
2.710000e-06	4.649397e-06	8.475707e-09	3.481782e+01	5.566095e+02
2.720000e-06	4.558176e-06	8.429210e-09	3.413469e+01	5.524613e+02
2.730000e-06	4.465894e-06	8.383998e-09	3.344363e+01	5.482034e+02
2.740000e-06	4.372699e-06	8.327375e-09	3.274571e+01	5.438454e+02
2.750000e-06	4.278499e-06	8.247186e-09	3.204029e+01	5.393958e+02
2.760000e-06	4.183172e-06	8.163528e-09	3.132641e+01	5.348597e+02
2.770000e-06	4.086936e-06	8.097479e-09	3.060573e+01	5.302358e+02
2.780000e-06	3.989930e-06	8.029539e-09	2.987928e+01	5.255167e+02
2.790000e-06	3.892073e-06	7.954025e-09	2.914646e+01	5.206892e+02
2.800000e-06	3.793447e-06	7.865586e-09	2.840789e+01	5.157375e+02
2.810000e-06	3.693951e-06	7.794244e-09	2.766279e+01	5.106467e+02
2.820000e-06	3.593497e-06	7.726549e-09	2.691053e+01	5.054062e+02
2.830000e-06	3.492255e-06	7.653136e-09	2.615236e+01	5.000124e+02
2.840000e-06	3.390249e-06	7.552290e-09	2.538847e+01	4.944694e+02
2.850000e-06	3.287324e-06	7.450494e-09	2.461770e+01	4.887874e+02
2.860000e-06	3.183580e-06	7.364515e-09	2.384079e+01	4.829798e+02
2.870000e-06	3.079143e-06	7.286530e-09	2.305870e+01	4.770586e+02
2.880000e-06	2.973971e-06	7.197098e-09	2.227110e+01	4.710301e+02
2.890000e-06	2.868245e-06	7.094905e-09	2.147935e+01	4.648919e+02
2.900000e-06	2.762022e-06	6.998810e-09	2.068388e+01	4.586317e+02
2.910000e-06	2.655158e-06	6.908010e-09	1.988361e+01	4.522288e+02
2.920000e-06	2.547641e-06	6.813827e-09	1.907845e+01	4.456578e+02
2.930000e-06	2.439617e-06	6.699039e-09	1.826950e+01	4.388934e+02
2.940000e-06	2.331291e-06	6.582407e-09	1.745827e+01	4.319157e+02
2.950000e-06	2.222591e-06	6.474879e-09	1.664426e+01	4.247140e+02
2.960000e-06	2.113299e-06	6.375108e-09	1.582581e+01	4.172885e+02
2.970000e-06	2.003486e-06	6.267070e-09	1.500345e+01	4.096485e+02
2.980000e-06	1.893160e-06	6.143487e-09	1.417726e+01	4.018090e+02
2.990000e-06	1.782325e-06	6.017946e-09	1.334725e+01	3.937846e+02
3.000000e-06	1.671139e-06	5.897565e-09	1.251462e+01	3.855840e+02
3.010000e-06	1.559691e-06	5.775016e-09	1.168002e+01	3.772055e+02
3.020000e-06	1.447985e-06	5.637393e-09	1.084349e+01	3.686346e+02
3.030000e-06	1.335889e-06	5.492231e-09	1.000404e+01	3.598457e+02
3.040000e-06	1.223435e-06	5.353420e-09	9.161905e+00	3.508055e+02
3.050000e-06	1.110746e-06	5.221161e-09	8.318013e+00	3.414795e+02
3.060000e-06	9.977683e-07	5.081521e-09	7.471961e+00	3.318382e+02
3.070000e-06	8.844978e-07	4.927610e-09	6.623715e+00	3.218613e+02
3.080000e-06	7.709962e-07	4.766148e-09	5.773739e+00	3.115401e+02
3.090000e-06	6.573441e-07	4.605192e-09	4.922635e+00	3.008753e+02
3.100000e-06	5.435607e-07	4.441522e-09	4.070548e+00	2.898724e+02
3.110000e-06	4.296229e-07	4.266253e-09	3.217306e+00	2.785342e+02
3.120000e-06	3.156022e-07	4.080745e-09	2.363442e+00	2.668537e+02
3.130000e-06	2.015690e-07	3.894105e-09	1.509485e+00	2.548088e+02
3.140000e-06	8.752778e-08	3.709510e-09	6.554670e-01	2.423601e+02
3.150000e-06	-2.654605e-08	3.516464e-09	-1.987947e-01	2.294544e+02
3.160000e-06	-1.406661e-07	3.306675e-09	-1.053403e+00	2.160311e+02
3.170000e-06	-2.547691e-07	3.083822e-09	-1.907882e+00	2.020314e+02
3.180000e-06	-3.688352e-07	2.856043e-09	-2.762086e+00	1.874085e+02
3.190000e-06	-4.828600e-07	2.625349e-09	-3.615981e+00	1.721344e+02
3.200000e-06	-5.967600e-07	2.385167e-09	-4.468941e+00	1.562023e+02
3.210000e-06	-7.105034e-07	2.130746e-09	-5.320728e+00	1.396227e+02
3.220000e-06	-8.240486e-07	1.865224e-09	-6.171031e+00	1.224139e+02
3.230000e-06	-9.373335e-07	1.593349e-09	-7.019385e+00	1.045889e+02
3.240000e-06	-1.050363e-06	1.313734e-09	-7.865826e+00	8.614044e+01
3.250000e-06	-1.163111e-06	1.020182e-09	-8.710161e+00	6.703068e+01
3.260000e-06	-1.275549e-06	7.121405e-10	-9.552167e+00	4.718643e+01
3.270000e-06	-1.387664e-06	3.939153e-10	-1.039176e+01	2.650419e+01
3.280000e-06	-1.499338e-06	6.696548e-11	-1.122805e+01	4.865047e+00
3.290000e-06	-1.610640e-06	-2.753732e-10	-1.206156e+01	-1.784199e+01
3.300000e-06	-1.721610e-06	-6.411424e-10	-1.289258e+01	-4.169167e+01
3.310000e-06	-1.832045e-06	-1.024783e-09	-1.371958e+01	-6.669426e+01
3.320000e-06	-1.941945e-06	-1.417814e-09	-1.454259e+01	-9.277281e+01
3.330000e-06	-2.051347e-06	-1.823147e-09	-1.536187e+01	-1.197509e+02
3.340000e-06	-2.160199e-06	-2.243521e-09	-1.617703e+01	-1.473543e+02
3.350000e-06	-2.268629e-06	-2.675189e-09	-1.698903e+01	-1.752266e+02
3.360000e-06	-2.376782e-06	-3.105053e-09	-1.779895e+01	-2.029587e+02
3.370000e-06	-2.484552e-06	-3.522143e-09	-1.860600e+01	-2.301263e+02
3.380000e-06	-2.591769e-06	-3.924399e-09	-1.940891e+01	-2.563304e+02
3.390000e-06	-2.698389e-06	-4.308619e-09	-2.020736e+01	-2.812343e+02
3.400000e-06	-2.804452e-06	-4.669996e-09	-2.100163e+01	-3.045926e+02
3.410000e-06	-2.909991e-06	-5.003189e-09	-2.179197e+01	-3.262655e+02
3.420000e-06	-3.014965e-06	-5.308179e-09	-2.257809e+01	-3.462200e+02
3.430000e-06	-3.119298e-06	-5.587337e-09	-2.335941e+01	-3.645167e+02
3.440000e-06	-3.222965e-06	-5.845403e-09	-2.413574e+01	-3.812866e+02
3.450000e-06	-3.325845e-06	-6.086305e-09	-2.490617e+01	-3.967024e+02
3.460000e-06	-3.427773e-06	-6.308567e-09	-2.566947e+01	-4.109492e+02
3.470000e-06	-3.528888e-06	-6.514213e-09	-2.642669e+01	-4.242001e+02
3.480000e-06	-3.629321e-06	-6.706916e-09	-2.717880e+01	-4.365994e+02
3.490000e-06	-3.728907e-06	-6.887789e-09	-2.792456e+01	-4.482545e+02
3.500000e-06	-3.827606e-06	-7.056126e-09	-2.866369e+01	-4.592379e+02
3.510000e-06	-3.925504e-06	-7.210392e-09	-2.939682e+01	-4.695944e+02
3.520000e-06	-4.022589e-06	-7.354769e-09	-3.012385e+01	-4.793523e+02
3.530000e-06	-4.118909e-06	-7.492553e-09	-3.084517e+01	-4.885353e+02
3.540000e-06	-4.214485e-06	-7.624339e-09	-3.156090e+01	-4.971712e+02
3.550000e-06	-4.309119e-06	-7.747798e-09	-3.226958e+01	-5.052965e+02
3.560000e-06	-4.402653e-06	-7.864668e-09	-3.297003e+01	-5.129571e+02
3.570000e-06	-4.495125e-06	-7.978329e-09	-3.366252e+01	-5.202042e+02
3.580000e-06	-4.586518e-06	-8.088136e-09	-3.434693e+01	-5.270889e+02
3.590000e-06	-4.676822e-06	-8.191333e-09	-3.502319e+01	-5.336566e+02
3.600000e-06	-4.766129e-06	-8.284038e-09	-3.569199e+01	-5.399425e+02
3.610000e-06	-4.854492e-06	-8.370797e-09	-3.635371e+01	-5.459704e+02
3.620000e-06	-4.941808e-06	-8.456535e-09	-3.700758e+01	-5.517533e+02
3.630000e-06	-5.027956e-06	-8.540425e-09	-3.765272e+01	-5.572976e+02
3.640000e-06	-5.112879e-06	-8.622324e-09	-3.828868e+01	-5.626069e+02
3.650000e-06	-5.196553e-06	-8.700497e-09	-3.891529e+01	-5.676867e+02
3.660000e-06	-5.279107e-06	-8.776391e-09	-3.953351e+01	-5.725468e+02
3.670000e-06	-5.360630e-06	-8.849526e-09	-4.014401e+01	-5.772025e+02
3.680000e-06	-5.441102e-06	-8.917804e-09	-4.074664e+01	-5.816727e+02
3.690000e-06	-5.520418e-06	-8.981982e-09	-4.134061e+01	-5.859772e+02
3.700000e-06	-5.598451e-06	-9.043946e-09	-4.192497e+01	-5.901334e+02
3.710000e-06	-5.675051e-06	-9.108000e-09	-4.249860e+01	-5.941533e+02
3.720000e-06	-5.750170e-06	-9.171932e-09	-4.306114e+01	-5.980420e+02
3.730000e-06	-5.823965e-06	-9.231316e-09	-4.361377e+01	-6.017978e+02
3.740000e-06	-5.896530e-06	-9.284842e-09	-4.415719e+01	-6.054144e+02
3.750000e-06	-5.967818e-06	-9.334793e-09	-4.469104e+01	-6.088839e+02
3.760000e-06	-6.037722e-06	-9.382310e-09	-4.521453e+01	-6.121999e+02
3.770000e-06	-6.106135e-06	-9.428721e-09	-4.572685e+01	-6.153609e+02
3.780000e-06	-6.173172e-06	-9.474894e-09	-4.622887e+01	-6.183707e+02
3.790000e-06	-6.239004e-06	-9.520022e-09	-4.672187e+01	-6.212391e+02
3.800000e-06	-6.303575e-06	-9.563172e-09	-4.720542e+01	-6.239794e+02
3.810000e-06	-6.366839e-06	-9.603672e-09	-4.767918e+01	-6.266062e+02
3.820000e-06	-6.428621e-06	-9.641914e-09	-4.814184e+01	-6.291322e+02
3.830000e-06	-6.488784e-06	-9.678033e-09	-4.859238e+01	-6.315662e+02
3.840000e-06	-6.547514e-06	-9.712374e-09	-4.903220e+01	-6.339115e+02
3.850000e-06	-6.604893e-06	-9.744542e-09	-4.946189e+01	-6.361669e+02
3.860000e-06	-6.660833e-06	-9.774778e-09	-4.988081e+01	-6.383273e+02
3.870000e-06	-6.715272e-06	-9.803489e-09	-5.028848e+01	-6.403868e+02
3.880000e-06	-6.767962e-06	-9.831328e-09	-5.068306e+01	-6.423407e+02
3.890000e-06	-6.818825e-06	-9.858542e-09	-5.106396e+01	-6.441874e+02
3.900000e-06	-6.867955e-06	-9.883769e-09	-5.143187e+01	-6.459293e+02
3.910000e-06	-6.915304e-06	-9.907479e-09	-5.178645e+01	-6.475728e+02
3.920000e-06	-6.961006e-06	-9.931780e-09	-5.212870e+01	-6.491268e+02
3.930000e-06	-7.005365e-06	-9.955594e-09	-5.246089e+01	-6.506012e+02
3.940000e-06	-7.048429e-06	-9.976568e-09	-5.278339e+01	-6.520047e+02
3.950000e-06	-7.090120e-06	-9.992564e-09	-5.309559e+01	-6.533439e+02
3.960000e-06	-7.130432e-06	-1.000572e-08	-5.339748e+01	-6.546223e+02
3.970000e-06	-7.169270e-06	-1.002005e-08	-5.368832e+01	-6.558409e+02
3.980000e-06	-7.206333e-06	-1.003712e-08	-5.396587e+01	-6.569989e+02
3.990000e-06	-7.241633e-06	-1.005535e-08	-5.423022e+01	-6.580949e+02
4.000000e-06	-7.275462e-06	-1.007099e-08	-5.448356e+01	-6.591283e+02
4.010000e-06	-7.307823e-06	-1.008370e-08	-5.472590e+01	-6.600999e+02
4.020000e-06	-7.338559e-06	-1.009423e-08	-5.495607e+01	-6.610116e+02
4.030000e-06	-7.367510e-06	-1.010519e-08	-5.517288e+01	-6.618662e+02
4.040000e-06	-7.394805e-06	-1.011618e-08	-5.537728e+01	-6.626664e+02
4.050000e-06	-7.420567e-06	-1.012556e-08	-5.557021e+01	-6.634135e+02
4.060000e-06	-7.444739e-06	-1.013422e-08	-5.575122e+01	-6.641074e+02
4.070000e-06	-7.467241e-06	-1.014407e-08	-5.591973e+01	-6.647460e+02
4.080000e-06	-7.487954e-06	-1.015365e-08	-5.607484e+01	-6.653265e+02
4.090000e-06	-7.507066e-06	-1.015934e-08	-5.621797e+01	-6.658459e+02
4.100000e-06	-7.524722e-06	-1.016197e-08	-5.635019e+01	-6.663025e+02
4.110000e-06	-7.540858e-06	-1.016304e-08	-5.647102e+01	-6.666966e+02
4.120000e-06	-7.555193e-06	-1.016520e-08	-5.657838e+01	-6.670314e+02
4.130000e-06	-7.567461e-06	-1.016643e-08	-5.667025e+01	-6.673120e+02
4.140000e-06	-7.577933e-06	-1.016464e-08	-5.674867e+01	-6.675443e+02
4.150000e-06	-7.586828e-06	-1.016215e-08	-5.681528e+01	-6.677340e+02
4.160000e-06	-7.594169e-06	-1.016246e-08	-5.687026e+01	-6.678841e+02
4.170000e-06	-7.599665e-06	-1.016460e-08	-5.691141e+01	-6.679948e+02
4.180000e-06	-7.603302e-06	-1.016329e-08	-5.693865e+01	-6.680623e+02
4.190000e-06	-7.605467e-06	-1.015929e-08	-5.695486e+01	-6.680800e+02
