# Temperatura_=_44.78
# Concentracion g/m^3_=_18600.0
# C_Vs_to_Am_M_A/Vsm_=_65563218390.804596
# pendiente_HvsI_1/m_=_3716.3
# ordenada_HvsI_A/m_=_1297.0
# frecuencia_Hz_=_238264.88480802573

Tiempo_(s)	Campo_(V.s)	Magnetizacion_(V.s)	Campo_(kA/m)	Magnetizacion_(A/m)
0.000000e+00	-7.656056e-06	-1.026943e-08	-5.695460e+01	-6.769571e+02
1.000000e-08	-7.654421e-06	-1.026770e-08	-5.694243e+01	-6.767827e+02
2.000000e-08	-7.651000e-06	-1.025985e-08	-5.691698e+01	-6.765309e+02
3.000000e-08	-7.645971e-06	-1.024934e-08	-5.687957e+01	-6.762028e+02
4.000000e-08	-7.639437e-06	-1.024525e-08	-5.683096e+01	-6.758049e+02
5.000000e-08	-7.631401e-06	-1.024504e-08	-5.677119e+01	-6.753485e+02
6.000000e-08	-7.621743e-06	-1.024358e-08	-5.669934e+01	-6.748466e+02
7.000000e-08	-7.610253e-06	-1.023093e-08	-5.661386e+01	-6.743114e+02
8.000000e-08	-7.596905e-06	-1.022236e-08	-5.651456e+01	-6.737515e+02
9.000000e-08	-7.581409e-06	-1.025879e-08	-5.639928e+01	-6.731700e+02
1.000000e-07	-7.563553e-06	-1.027588e-08	-5.626645e+01	-6.725635e+02
1.100000e-07	-7.543832e-06	-1.025621e-08	-5.611975e+01	-6.719236e+02
1.200000e-07	-7.522676e-06	-1.023359e-08	-5.596236e+01	-6.712387e+02
1.300000e-07	-7.500261e-06	-1.012849e-08	-5.579561e+01	-6.704963e+02
1.400000e-07	-7.476608e-06	-1.011558e-08	-5.561965e+01	-6.696860e+02
1.500000e-07	-7.451253e-06	-1.020700e-08	-5.543104e+01	-6.688013e+02
1.600000e-07	-7.424101e-06	-1.011513e-08	-5.522904e+01	-6.678400e+02
1.700000e-07	-7.395446e-06	-1.011445e-08	-5.501588e+01	-6.668040e+02
1.800000e-07	-7.365156e-06	-1.016371e-08	-5.479055e+01	-6.656979e+02
1.900000e-07	-7.333388e-06	-1.005302e-08	-5.455422e+01	-6.645270e+02
2.000000e-07	-7.300230e-06	-1.007039e-08	-5.430755e+01	-6.632956e+02
2.100000e-07	-7.265321e-06	-1.005580e-08	-5.404786e+01	-6.620060e+02
2.200000e-07	-7.228680e-06	-9.950842e-09	-5.377528e+01	-6.606583e+02
2.300000e-07	-7.190402e-06	-9.980437e-09	-5.349053e+01	-6.592509e+02
2.400000e-07	-7.150576e-06	-1.000843e-08	-5.319425e+01	-6.577822e+02
2.500000e-07	-7.109167e-06	-9.987198e-09	-5.288621e+01	-6.562516e+02
2.600000e-07	-7.066003e-06	-9.953027e-09	-5.256510e+01	-6.546607e+02
2.700000e-07	-7.021188e-06	-9.892418e-09	-5.223171e+01	-6.530133e+02
2.800000e-07	-6.974833e-06	-9.865352e-09	-5.188688e+01	-6.513147e+02
2.900000e-07	-6.926963e-06	-9.851552e-09	-5.153076e+01	-6.495701e+02
3.000000e-07	-6.877384e-06	-9.842442e-09	-5.116194e+01	-6.477828e+02
3.100000e-07	-6.825816e-06	-9.794619e-09	-5.077831e+01	-6.459527e+02
3.200000e-07	-6.772386e-06	-9.777922e-09	-5.038083e+01	-6.440755e+02
3.300000e-07	-6.717461e-06	-9.787782e-09	-4.997224e+01	-6.421428e+02
3.400000e-07	-6.661222e-06	-9.727073e-09	-4.955387e+01	-6.401440e+02
3.500000e-07	-6.603476e-06	-9.676479e-09	-4.912429e+01	-6.380681e+02
3.600000e-07	-6.544051e-06	-9.628205e-09	-4.868222e+01	-6.359068e+02
3.700000e-07	-6.483163e-06	-9.598417e-09	-4.822926e+01	-6.336560e+02
3.800000e-07	-6.420980e-06	-9.601161e-09	-4.776668e+01	-6.313169e+02
3.900000e-07	-6.357464e-06	-9.574486e-09	-4.729417e+01	-6.288962e+02
4.000000e-07	-6.292563e-06	-9.520554e-09	-4.681136e+01	-6.264034e+02
4.100000e-07	-6.226200e-06	-9.464667e-09	-4.631767e+01	-6.238490e+02
4.200000e-07	-6.158351e-06	-9.434551e-09	-4.581293e+01	-6.212412e+02
4.300000e-07	-6.089075e-06	-9.393000e-09	-4.529758e+01	-6.185833e+02
4.400000e-07	-6.018435e-06	-9.340989e-09	-4.477208e+01	-6.158730e+02
4.500000e-07	-5.946480e-06	-9.298520e-09	-4.423679e+01	-6.131021e+02
4.600000e-07	-5.873057e-06	-9.267625e-09	-4.369059e+01	-6.102585e+02
4.700000e-07	-5.798123e-06	-9.254820e-09	-4.313314e+01	-6.073289e+02
4.800000e-07	-5.721822e-06	-9.206973e-09	-4.256553e+01	-6.043024e+02
4.900000e-07	-5.644099e-06	-9.133762e-09	-4.198733e+01	-6.011722e+02
5.000000e-07	-5.564814e-06	-9.070732e-09	-4.139752e+01	-5.979377e+02
5.100000e-07	-5.484051e-06	-9.026096e-09	-4.079671e+01	-5.946039e+02
5.200000e-07	-5.402101e-06	-8.982236e-09	-4.018707e+01	-5.911798e+02
5.300000e-07	-5.319124e-06	-8.929034e-09	-3.956980e+01	-5.876754e+02
5.400000e-07	-5.235098e-06	-8.876190e-09	-3.894471e+01	-5.840987e+02
5.500000e-07	-5.150011e-06	-8.826843e-09	-3.831173e+01	-5.804533e+02
5.600000e-07	-5.063915e-06	-8.783966e-09	-3.767126e+01	-5.767366e+02
5.700000e-07	-4.976895e-06	-8.725007e-09	-3.702390e+01	-5.729409e+02
5.800000e-07	-4.888915e-06	-8.648632e-09	-3.636941e+01	-5.690547e+02
5.900000e-07	-4.799748e-06	-8.577466e-09	-3.570608e+01	-5.650655e+02
6.000000e-07	-4.709390e-06	-8.523645e-09	-3.503389e+01	-5.609634e+02
6.100000e-07	-4.618042e-06	-8.470987e-09	-3.435433e+01	-5.567430e+02
6.200000e-07	-4.525729e-06	-8.403099e-09	-3.366761e+01	-5.524045e+02
6.300000e-07	-4.432423e-06	-8.326305e-09	-3.297349e+01	-5.479532e+02
6.400000e-07	-4.338072e-06	-8.258052e-09	-3.227160e+01	-5.433973e+02
6.500000e-07	-4.242835e-06	-8.198863e-09	-3.156311e+01	-5.387449e+02
6.600000e-07	-4.146826e-06	-8.131545e-09	-3.084889e+01	-5.340009e+02
6.700000e-07	-4.049778e-06	-8.053518e-09	-3.012693e+01	-5.291650e+02
6.800000e-07	-3.951620e-06	-7.975641e-09	-2.939672e+01	-5.242305e+02
6.900000e-07	-3.852569e-06	-7.905261e-09	-2.865986e+01	-5.191860e+02
7.000000e-07	-3.752695e-06	-7.831589e-09	-2.791688e+01	-5.140173e+02
7.100000e-07	-3.652032e-06	-7.745821e-09	-2.716804e+01	-5.087113e+02
7.200000e-07	-3.550547e-06	-7.653617e-09	-2.641307e+01	-5.032587e+02
7.300000e-07	-3.448161e-06	-7.570009e-09	-2.565141e+01	-4.976561e+02
7.400000e-07	-3.345076e-06	-7.496486e-09	-2.488454e+01	-4.919066e+02
7.500000e-07	-3.241411e-06	-7.417048e-09	-2.411336e+01	-4.860180e+02
7.600000e-07	-3.136957e-06	-7.322160e-09	-2.333631e+01	-4.799994e+02
7.700000e-07	-3.031591e-06	-7.223242e-09	-2.255248e+01	-4.738580e+02
7.800000e-07	-2.925430e-06	-7.132116e-09	-2.176273e+01	-4.675950e+02
7.900000e-07	-2.818615e-06	-7.040656e-09	-2.096812e+01	-4.612039e+02
8.000000e-07	-2.711235e-06	-6.938885e-09	-2.016930e+01	-4.546702e+02
8.100000e-07	-2.603265e-06	-6.828636e-09	-1.936609e+01	-4.479740e+02
8.200000e-07	-2.494656e-06	-6.722315e-09	-1.855814e+01	-4.410932e+02
8.300000e-07	-2.385469e-06	-6.621948e-09	-1.774588e+01	-4.340084e+02
8.400000e-07	-2.275782e-06	-6.516775e-09	-1.692990e+01	-4.267064e+02
8.500000e-07	-2.165595e-06	-6.399153e-09	-1.611020e+01	-4.191827e+02
8.600000e-07	-2.054944e-06	-6.274176e-09	-1.528705e+01	-4.114411e+02
8.700000e-07	-1.943945e-06	-6.153321e-09	-1.446131e+01	-4.034912e+02
8.800000e-07	-1.832655e-06	-6.035717e-09	-1.363341e+01	-3.953439e+02
8.900000e-07	-1.721010e-06	-5.911480e-09	-1.280286e+01	-3.870063e+02
9.000000e-07	-1.608922e-06	-5.775560e-09	-1.196902e+01	-3.784775e+02
9.100000e-07	-1.496404e-06	-5.635570e-09	-1.113198e+01	-3.697461e+02
9.200000e-07	-1.383514e-06	-5.499633e-09	-1.029218e+01	-3.607908e+02
9.300000e-07	-1.270258e-06	-5.362214e-09	-9.449646e+00	-3.515833e+02
9.400000e-07	-1.156683e-06	-5.212519e-09	-8.604743e+00	-3.420934e+02
9.500000e-07	-1.042826e-06	-5.054552e-09	-7.757748e+00	-3.322943e+02
9.600000e-07	-9.287398e-07	-4.900020e-09	-6.909040e+00	-3.221673e+02
9.700000e-07	-8.145012e-07	-4.749686e-09	-6.059202e+00	-3.117033e+02
9.800000e-07	-7.000545e-07	-4.593099e-09	-5.207815e+00	-3.009018e+02
9.900000e-07	-5.854309e-07	-4.424103e-09	-4.355112e+00	-2.897663e+02
1.000000e-06	-4.706994e-07	-4.245615e-09	-3.501606e+00	-2.782976e+02
1.010000e-06	-3.558093e-07	-4.062728e-09	-2.646921e+00	-2.664872e+02
1.020000e-06	-2.407990e-07	-3.878003e-09	-1.791341e+00	-2.543119e+02
1.030000e-06	-1.256484e-07	-3.685302e-09	-9.347179e-01	-2.417320e+02
1.040000e-06	-1.043838e-08	-3.482694e-09	-7.765274e-02	-2.286937e+02
1.050000e-06	1.046695e-07	-3.275572e-09	7.786530e-01	-2.151356e+02
1.060000e-06	2.196928e-07	-3.067328e-09	1.634329e+00	-2.009971e+02
1.070000e-06	3.346542e-07	-2.850531e-09	2.489545e+00	-1.862281e+02
1.080000e-06	4.495989e-07	-2.616203e-09	3.344636e+00	-1.707957e+02
1.090000e-06	5.644589e-07	-2.364630e-09	4.199098e+00	-1.546865e+02
1.100000e-06	6.791308e-07	-2.106241e-09	5.052160e+00	-1.379029e+02
1.110000e-06	7.936662e-07	-1.843823e-09	5.904207e+00	-1.204545e+02
1.120000e-06	9.080049e-07	-1.570527e-09	6.754790e+00	-1.023454e+02
1.130000e-06	1.022096e-06	-1.281713e-09	7.603529e+00	-8.356064e+01
1.140000e-06	1.135990e-06	-9.800250e-10	8.450806e+00	-6.405638e+01
1.150000e-06	1.249589e-06	-6.735446e-10	9.295886e+00	-4.375684e+01
1.160000e-06	1.362781e-06	-3.562215e-10	1.013794e+01	-2.256015e+01
1.170000e-06	1.475537e-06	-1.625542e-11	1.097675e+01	-3.541547e-01
1.180000e-06	1.587876e-06	3.476973e-10	1.181246e+01	2.295970e+01
1.190000e-06	1.699788e-06	7.250122e-10	1.264499e+01	4.743813e+01
1.200000e-06	1.811301e-06	1.112186e-09	1.347455e+01	7.306846e+01
1.210000e-06	1.922491e-06	1.513001e-09	1.430171e+01	9.974743e+01
1.220000e-06	2.033329e-06	1.931697e-09	1.512625e+01	1.272711e+02
1.230000e-06	2.143773e-06	2.360496e-09	1.594787e+01	1.553389e+02
1.240000e-06	2.253755e-06	2.788748e-09	1.676604e+01	1.835729e+02
1.250000e-06	2.363246e-06	3.214765e-09	1.758056e+01	2.115492e+02
1.260000e-06	2.472186e-06	3.633899e-09	1.839098e+01	2.388378e+02
1.270000e-06	2.580550e-06	4.035939e-09	1.919712e+01	2.650439e+02
1.280000e-06	2.688362e-06	4.408820e-09	1.999915e+01	2.898451e+02
1.290000e-06	2.795629e-06	4.749634e-09	2.079712e+01	3.130180e+02
1.300000e-06	2.902290e-06	5.067377e-09	2.159059e+01	3.344501e+02
1.310000e-06	3.008295e-06	5.365999e-09	2.237918e+01	3.541380e+02
1.320000e-06	3.113548e-06	5.638586e-09	2.316217e+01	3.721696e+02
1.330000e-06	3.217943e-06	5.885148e-09	2.393878e+01	3.886985e+02
1.340000e-06	3.321558e-06	6.112272e-09	2.470959e+01	4.039129e+02
1.350000e-06	3.424491e-06	6.327931e-09	2.547532e+01	4.180051e+02
1.360000e-06	3.526813e-06	6.531990e-09	2.623651e+01	4.311478e+02
1.370000e-06	3.628414e-06	6.719048e-09	2.699234e+01	4.434790e+02
1.380000e-06	3.729164e-06	6.889616e-09	2.774183e+01	4.550965e+02
1.390000e-06	3.829056e-06	7.052034e-09	2.848494e+01	4.660624e+02
1.400000e-06	3.928108e-06	7.209573e-09	2.922181e+01	4.764127e+02
1.410000e-06	4.026250e-06	7.358800e-09	2.995190e+01	4.861706e+02
1.420000e-06	4.123346e-06	7.496541e-09	3.067422e+01	4.953582e+02
1.430000e-06	4.219421e-06	7.624072e-09	3.138893e+01	5.040050e+02
1.440000e-06	4.314592e-06	7.749488e-09	3.209692e+01	5.121516e+02
1.450000e-06	4.408933e-06	7.874328e-09	3.279874e+01	5.198473e+02
1.460000e-06	4.502416e-06	7.989671e-09	3.349417e+01	5.271460e+02
1.470000e-06	4.594919e-06	8.092948e-09	3.418232e+01	5.340983e+02
1.480000e-06	4.686390e-06	8.189687e-09	3.486279e+01	5.407464e+02
1.490000e-06	4.776772e-06	8.285493e-09	3.553515e+01	5.471197e+02
1.500000e-06	4.865929e-06	8.378413e-09	3.619841e+01	5.532348e+02
1.510000e-06	4.953881e-06	8.463669e-09	3.685269e+01	5.590984e+02
1.520000e-06	5.040734e-06	8.543382e-09	3.749880e+01	5.647118e+02
1.530000e-06	5.126564e-06	8.624839e-09	3.813731e+01	5.700772e+02
1.540000e-06	5.211384e-06	8.711458e-09	3.876830e+01	5.752016e+02
1.550000e-06	5.295164e-06	8.792912e-09	3.939155e+01	5.800994e+02
1.560000e-06	5.377806e-06	8.864785e-09	4.000634e+01	5.847919e+02
1.570000e-06	5.459203e-06	8.930399e-09	4.061186e+01	5.893041e+02
1.580000e-06	5.539350e-06	8.994959e-09	4.120809e+01	5.936607e+02
1.590000e-06	5.618247e-06	9.057966e-09	4.179502e+01	5.978816e+02
1.600000e-06	5.695860e-06	9.115749e-09	4.237239e+01	6.019779e+02
1.610000e-06	5.772161e-06	9.171471e-09	4.294001e+01	6.059516e+02
1.620000e-06	5.847050e-06	9.234022e-09	4.349712e+01	6.097965e+02
1.630000e-06	5.920474e-06	9.302139e-09	4.404333e+01	6.135013e+02
1.640000e-06	5.992508e-06	9.366559e-09	4.457921e+01	6.170545e+02
1.650000e-06	6.063259e-06	9.421482e-09	4.510553e+01	6.204483e+02
1.660000e-06	6.132750e-06	9.466727e-09	4.562249e+01	6.236819e+02
1.670000e-06	6.200945e-06	9.508569e-09	4.612980e+01	6.267622e+02
1.680000e-06	6.267804e-06	9.550825e-09	4.662717e+01	6.297026e+02
1.690000e-06	6.333122e-06	9.594498e-09	4.711309e+01	6.325200e+02
1.700000e-06	6.396972e-06	9.637759e-09	4.758808e+01	6.352305e+02
1.710000e-06	6.459568e-06	9.683937e-09	4.805374e+01	6.378460e+02
1.720000e-06	6.520974e-06	9.733770e-09	4.851054e+01	6.403716e+02
1.730000e-06	6.581136e-06	9.780914e-09	4.895810e+01	6.428051e+02
1.740000e-06	6.639755e-06	9.817702e-09	4.939417e+01	6.451387e+02
1.750000e-06	6.696636e-06	9.844370e-09	4.981732e+01	6.473617e+02
1.760000e-06	6.751966e-06	9.869673e-09	5.022893e+01	6.494648e+02
1.770000e-06	6.805867e-06	9.900760e-09	5.062991e+01	6.514433e+02
1.780000e-06	6.858101e-06	9.933875e-09	5.101848e+01	6.532994e+02
1.790000e-06	6.908473e-06	9.965251e-09	5.139321e+01	6.550423e+02
1.800000e-06	6.957058e-06	9.996113e-09	5.175464e+01	6.566870e+02
1.810000e-06	7.004048e-06	1.002850e-08	5.210421e+01	6.582509e+02
1.820000e-06	7.049595e-06	1.005883e-08	5.244304e+01	6.597505e+02
1.830000e-06	7.093766e-06	1.008332e-08	5.277164e+01	6.611982e+02
1.840000e-06	7.136240e-06	1.010155e-08	5.308760e+01	6.626000e+02
1.850000e-06	7.176910e-06	1.011836e-08	5.339016e+01	6.639551e+02
1.860000e-06	7.216028e-06	1.013729e-08	5.368116e+01	6.652576e+02
1.870000e-06	7.253671e-06	1.015730e-08	5.396119e+01	6.664986e+02
1.880000e-06	7.289911e-06	1.017809e-08	5.423078e+01	6.676694e+02
1.890000e-06	7.324468e-06	1.020034e-08	5.448786e+01	6.687643e+02
1.900000e-06	7.357263e-06	1.022462e-08	5.473183e+01	6.697820e+02
1.910000e-06	7.388502e-06	1.024767e-08	5.496422e+01	6.707260e+02
1.920000e-06	7.418212e-06	1.026607e-08	5.518524e+01	6.716033e+02
1.930000e-06	7.446517e-06	1.027654e-08	5.539580e+01	6.724222e+02
1.940000e-06	7.473068e-06	1.028452e-08	5.559332e+01	6.731898e+02
1.950000e-06	7.497673e-06	1.029351e-08	5.577636e+01	6.739100e+02
1.960000e-06	7.520709e-06	1.030663e-08	5.594773e+01	6.745826e+02
1.970000e-06	7.542266e-06	1.032204e-08	5.610809e+01	6.752035e+02
1.980000e-06	7.562319e-06	1.033594e-08	5.625727e+01	6.757665e+02
1.990000e-06	7.580757e-06	1.034713e-08	5.639443e+01	6.762651e+02
2.000000e-06	7.597420e-06	1.035429e-08	5.651839e+01	6.766952e+02
2.010000e-06	7.612306e-06	1.035871e-08	5.662914e+01	6.770560e+02
2.020000e-06	7.625460e-06	1.036274e-08	5.672699e+01	6.773511e+02
2.030000e-06	7.636699e-06	1.036801e-08	5.681059e+01	6.775870e+02
2.040000e-06	7.645951e-06	1.037471e-08	5.687943e+01	6.777716e+02
2.050000e-06	7.653519e-06	1.038335e-08	5.693572e+01	6.779118e+02
2.060000e-06	7.659572e-06	1.039179e-08	5.698075e+01	6.780110e+02
2.070000e-06	7.664127e-06	1.039645e-08	5.701464e+01	6.780685e+02
2.080000e-06	7.666873e-06	1.039611e-08	5.703507e+01	6.780785e+02
2.090000e-06	7.667738e-06	1.039601e-08	5.704150e+01	6.780323e+02
2.100000e-06	7.666969e-06	1.039562e-08	5.703578e+01	6.779201e+02
2.110000e-06	7.664645e-06	1.039358e-08	5.701849e+01	6.777341e+02
2.120000e-06	7.660868e-06	1.039207e-08	5.699039e+01	6.774705e+02
2.130000e-06	7.655435e-06	1.038769e-08	5.694997e+01	6.771312e+02
2.140000e-06	7.648267e-06	1.038117e-08	5.689666e+01	6.767236e+02
2.150000e-06	7.639640e-06	1.037486e-08	5.683248e+01	6.762594e+02
2.160000e-06	7.629598e-06	1.037261e-08	5.675777e+01	6.757516e+02
2.170000e-06	7.617855e-06	1.037544e-08	5.667041e+01	6.752121e+02
2.180000e-06	7.604160e-06	1.032532e-08	5.656854e+01	6.746488e+02
2.190000e-06	7.588340e-06	1.027517e-08	5.645085e+01	6.740637e+02
2.200000e-06	7.570203e-06	1.026778e-08	5.631592e+01	6.734527e+02
2.210000e-06	7.549828e-06	1.026355e-08	5.616435e+01	6.728067e+02
2.220000e-06	7.527746e-06	1.035045e-08	5.600008e+01	6.721137e+02
2.230000e-06	7.504758e-06	1.033300e-08	5.582906e+01	6.713616e+02
2.240000e-06	7.480768e-06	1.023761e-08	5.565060e+01	6.705403e+02
2.250000e-06	7.455001e-06	1.029677e-08	5.545892e+01	6.696440e+02
2.260000e-06	7.427813e-06	1.023268e-08	5.525666e+01	6.686711e+02
2.270000e-06	7.399281e-06	1.018789e-08	5.504440e+01	6.676242e+02
2.280000e-06	7.368646e-06	1.027802e-08	5.481651e+01	6.665078e+02
2.290000e-06	7.336164e-06	1.018495e-08	5.457487e+01	6.653275e+02
2.300000e-06	7.302216e-06	1.016803e-08	5.432233e+01	6.640871e+02
2.310000e-06	7.266809e-06	1.024436e-08	5.405893e+01	6.627886e+02
2.320000e-06	7.229931e-06	1.015629e-08	5.378459e+01	6.614319e+02
2.330000e-06	7.191216e-06	1.011222e-08	5.349658e+01	6.600153e+02
2.340000e-06	7.150744e-06	1.006309e-08	5.319550e+01	6.585371e+02
2.350000e-06	7.108881e-06	1.004122e-08	5.288408e+01	6.569972e+02
2.360000e-06	7.065453e-06	1.009214e-08	5.256101e+01	6.553973e+02
2.370000e-06	7.020564e-06	1.004354e-08	5.222707e+01	6.537417e+02
2.380000e-06	6.974139e-06	1.002269e-08	5.188171e+01	6.520357e+02
2.390000e-06	6.925920e-06	9.969104e-09	5.152300e+01	6.502844e+02
2.400000e-06	6.876134e-06	9.935713e-09	5.115263e+01	6.484907e+02
2.410000e-06	6.824685e-06	9.915286e-09	5.076990e+01	6.466538e+02
2.420000e-06	6.771491e-06	9.829076e-09	5.037418e+01	6.447687e+02
2.430000e-06	6.716620e-06	9.845268e-09	4.996599e+01	6.428266e+02
2.440000e-06	6.660209e-06	9.823231e-09	4.954633e+01	6.408167e+02
2.450000e-06	6.602448e-06	9.804106e-09	4.911664e+01	6.387284e+02
2.460000e-06	6.543312e-06	9.787541e-09	4.867672e+01	6.365536e+02
2.470000e-06	6.482614e-06	9.700764e-09	4.822517e+01	6.342892e+02
2.480000e-06	6.420277e-06	9.666074e-09	4.776145e+01	6.319372e+02
2.490000e-06	6.356481e-06	9.619491e-09	4.728685e+01	6.295048e+02
2.500000e-06	6.291339e-06	9.598864e-09	4.680225e+01	6.270019e+02
2.510000e-06	6.224881e-06	9.558350e-09	4.630787e+01	6.244390e+02
2.520000e-06	6.156915e-06	9.510075e-09	4.580225e+01	6.218234e+02
2.530000e-06	6.087331e-06	9.487160e-09	4.528460e+01	6.191579e+02
2.540000e-06	6.016345e-06	9.445269e-09	4.475653e+01	6.164389e+02
2.550000e-06	5.944039e-06	9.409169e-09	4.421864e+01	6.136578e+02
2.560000e-06	5.870434e-06	9.324684e-09	4.367107e+01	6.108019e+02
2.570000e-06	5.795359e-06	9.278821e-09	4.311258e+01	6.078583e+02
2.580000e-06	5.718662e-06	9.246248e-09	4.254202e+01	6.048163e+02
2.590000e-06	5.640563e-06	9.204159e-09	4.196103e+01	6.016702e+02
2.600000e-06	5.561173e-06	9.152911e-09	4.137044e+01	5.984202e+02
2.610000e-06	5.480522e-06	9.082210e-09	4.077046e+01	5.950721e+02
2.620000e-06	5.398822e-06	9.034896e-09	4.016268e+01	5.916352e+02
2.630000e-06	5.316122e-06	8.984787e-09	3.954746e+01	5.881193e+02
2.640000e-06	5.232163e-06	8.937614e-09	3.892288e+01	5.845321e+02
2.650000e-06	5.146887e-06	8.867481e-09	3.828850e+01	5.808761e+02
2.660000e-06	5.060462e-06	8.805784e-09	3.764557e+01	5.771481e+02
2.670000e-06	4.972890e-06	8.757596e-09	3.699410e+01	5.733394e+02
2.680000e-06	4.884207e-06	8.703635e-09	3.633438e+01	5.694383e+02
2.690000e-06	4.794576e-06	8.632107e-09	3.566760e+01	5.654326e+02
2.700000e-06	4.704066e-06	8.549035e-09	3.499428e+01	5.613129e+02
2.710000e-06	4.612524e-06	8.487748e-09	3.431329e+01	5.570744e+02
2.720000e-06	4.519803e-06	8.437723e-09	3.362352e+01	5.527184e+02
2.730000e-06	4.426058e-06	8.379792e-09	3.292614e+01	5.482507e+02
2.740000e-06	4.331384e-06	8.300866e-09	3.222184e+01	5.436797e+02
2.750000e-06	4.235765e-06	8.222014e-09	3.151051e+01	5.390132e+02
2.760000e-06	4.139207e-06	8.149154e-09	3.079221e+01	5.342554e+02
2.770000e-06	4.041753e-06	8.076386e-09	3.006723e+01	5.294051e+02
2.780000e-06	3.943572e-06	7.992633e-09	2.933685e+01	5.244548e+02
2.790000e-06	3.844633e-06	7.906167e-09	2.860083e+01	5.193924e+02
2.800000e-06	3.744678e-06	7.828440e-09	2.785724e+01	5.142038e+02
2.810000e-06	3.643670e-06	7.758060e-09	2.710583e+01	5.088761e+02
2.820000e-06	3.541782e-06	7.683043e-09	2.634787e+01	5.034008e+02
2.830000e-06	3.439173e-06	7.588452e-09	2.558455e+01	4.977757e+02
2.840000e-06	3.335867e-06	7.489819e-09	2.481603e+01	4.920046e+02
2.850000e-06	3.231760e-06	7.397817e-09	2.404157e+01	4.860958e+02
2.860000e-06	3.126830e-06	7.314102e-09	2.326098e+01	4.800583e+02
2.870000e-06	3.021210e-06	7.221107e-09	2.247525e+01	4.738986e+02
2.880000e-06	2.915057e-06	7.118243e-09	2.168556e+01	4.676168e+02
2.890000e-06	2.808390e-06	7.020180e-09	2.089205e+01	4.612052e+02
2.900000e-06	2.701118e-06	6.926410e-09	2.009404e+01	4.546484e+02
2.910000e-06	2.593207e-06	6.825205e-09	1.929127e+01	4.479258e+02
2.920000e-06	2.484711e-06	6.706926e-09	1.848416e+01	4.410153e+02
2.930000e-06	2.375709e-06	6.587096e-09	1.767327e+01	4.338984e+02
2.940000e-06	2.266242e-06	6.479016e-09	1.685893e+01	4.265630e+02
2.950000e-06	2.156315e-06	6.378198e-09	1.604117e+01	4.190061e+02
2.960000e-06	2.045929e-06	6.270310e-09	1.521999e+01	4.112324e+02
2.970000e-06	1.935021e-06	6.148223e-09	1.439492e+01	4.032520e+02
2.980000e-06	1.823594e-06	6.022231e-09	1.356600e+01	3.950757e+02
2.990000e-06	1.711767e-06	5.895930e-09	1.273410e+01	3.867096e+02
3.000000e-06	1.599629e-06	5.762738e-09	1.189989e+01	3.781512e+02
3.010000e-06	1.487172e-06	5.620496e-09	1.106330e+01	3.693877e+02
3.020000e-06	1.374324e-06	5.476418e-09	1.022381e+01	3.603963e+02
3.030000e-06	1.261144e-06	5.342311e-09	9.381849e+00	3.511482e+02
3.040000e-06	1.147716e-06	5.211210e-09	8.538038e+00	3.416133e+02
3.050000e-06	1.033989e-06	5.069663e-09	7.692009e+00	3.317658e+02
3.060000e-06	9.200404e-07	4.912754e-09	6.844324e+00	3.215884e+02
3.070000e-06	8.059378e-07	4.746534e-09	5.995497e+00	3.110735e+02
3.080000e-06	6.916484e-07	4.578019e-09	5.145281e+00	3.002216e+02
3.090000e-06	5.771578e-07	4.403946e-09	4.293567e+00	2.890360e+02
3.100000e-06	4.624877e-07	4.222122e-09	3.440518e+00	2.775168e+02
3.110000e-06	3.476846e-07	4.035059e-09	2.586480e+00	2.656534e+02
3.120000e-06	2.327350e-07	3.850152e-09	1.731352e+00	2.534201e+02
3.130000e-06	1.177303e-07	3.663797e-09	8.758142e-01	2.407750e+02
3.140000e-06	2.726284e-09	3.466296e-09	2.028126e-02	2.276626e+02
3.150000e-06	-1.122709e-07	3.255211e-09	-8.352004e-01	2.140210e+02
3.160000e-06	-2.271817e-07	3.034387e-09	-1.690040e+00	1.997906e+02
3.170000e-06	-3.420044e-07	2.807775e-09	-2.544224e+00	1.849236e+02
3.180000e-06	-4.568017e-07	2.570979e-09	-3.398219e+00	1.693899e+02
3.190000e-06	-5.715110e-07	2.321302e-09	-4.251560e+00	1.531788e+02
3.200000e-06	-6.859954e-07	2.059651e-09	-5.103227e+00	1.362947e+02
3.210000e-06	-8.002594e-07	1.789664e-09	-5.953255e+00	1.187472e+02
3.220000e-06	-9.143259e-07	1.511365e-09	-6.801813e+00	1.005382e+02
3.230000e-06	-1.028147e-06	1.222207e-09	-7.648549e+00	8.164887e+01
3.240000e-06	-1.141727e-06	9.216900e-10	-8.493487e+00	6.203075e+01
3.250000e-06	-1.255030e-06	6.102174e-10	-9.336365e+00	4.160344e+01
3.260000e-06	-1.368037e-06	2.876574e-10	-1.017704e+01	2.026232e+01
3.270000e-06	-1.480730e-06	-5.098966e-11	-1.101538e+01	-2.104422e+00
3.280000e-06	-1.593044e-06	-4.097534e-10	-1.185091e+01	-2.559091e+01
3.290000e-06	-1.704916e-06	-7.897024e-10	-1.268314e+01	-5.024510e+01
3.300000e-06	-1.816306e-06	-1.186171e-09	-1.351178e+01	-7.604189e+01
3.310000e-06	-1.927205e-06	-1.593544e-09	-1.433678e+01	-1.028632e+02
3.320000e-06	-2.037546e-06	-2.011676e-09	-1.515762e+01	-1.304899e+02
3.330000e-06	-2.147319e-06	-2.439818e-09	-1.597424e+01	-1.586085e+02
3.340000e-06	-2.256603e-06	-2.873471e-09	-1.678722e+01	-1.868316e+02
3.350000e-06	-2.365384e-06	-3.301363e-09	-1.759646e+01	-2.147320e+02
3.360000e-06	-2.473669e-06	-3.715556e-09	-1.840201e+01	-2.418821e+02
3.370000e-06	-2.581497e-06	-4.116828e-09	-1.920416e+01	-2.678960e+02
3.380000e-06	-2.688776e-06	-4.501066e-09	-2.000222e+01	-2.924648e+02
3.390000e-06	-2.795540e-06	-4.859530e-09	-2.079646e+01	-3.153810e+02
3.400000e-06	-2.901812e-06	-5.185602e-09	-2.158703e+01	-3.365495e+02
3.410000e-06	-3.007540e-06	-5.481501e-09	-2.237356e+01	-3.559815e+02
3.420000e-06	-3.112754e-06	-5.752585e-09	-2.315626e+01	-3.737768e+02
3.430000e-06	-3.217336e-06	-6.003202e-09	-2.393427e+01	-3.900964e+02
3.440000e-06	-3.321127e-06	-6.236770e-09	-2.470639e+01	-4.051305e+02
3.450000e-06	-3.424091e-06	-6.451639e-09	-2.547235e+01	-4.190702e+02
3.460000e-06	-3.526244e-06	-6.651433e-09	-2.623228e+01	-4.320835e+02
3.470000e-06	-3.627624e-06	-6.842267e-09	-2.698646e+01	-4.443025e+02
3.480000e-06	-3.728165e-06	-7.024804e-09	-2.773440e+01	-4.558192e+02
3.490000e-06	-3.827715e-06	-7.193281e-09	-2.847497e+01	-4.666911e+02
3.500000e-06	-3.926353e-06	-7.344769e-09	-2.920875e+01	-4.769514e+02
3.510000e-06	-4.024232e-06	-7.486609e-09	-2.993689e+01	-4.866224e+02
3.520000e-06	-4.121381e-06	-7.623559e-09	-3.065960e+01	-4.957269e+02
3.530000e-06	-4.217689e-06	-7.755248e-09	-3.137604e+01	-5.042960e+02
3.540000e-06	-4.313081e-06	-7.875724e-09	-3.208568e+01	-5.123718e+02
3.550000e-06	-4.407523e-06	-7.987114e-09	-3.278825e+01	-5.200047e+02
3.560000e-06	-4.501015e-06	-8.099169e-09	-3.348375e+01	-5.272484e+02
3.570000e-06	-4.593429e-06	-8.212037e-09	-3.417123e+01	-5.341529e+02
3.580000e-06	-4.684624e-06	-8.319990e-09	-3.484965e+01	-5.407584e+02
3.590000e-06	-4.774695e-06	-8.415030e-09	-3.551970e+01	-5.470924e+02
3.600000e-06	-4.863780e-06	-8.500102e-09	-3.618242e+01	-5.531697e+02
3.610000e-06	-4.951860e-06	-8.582994e-09	-3.683766e+01	-5.589958e+02
3.620000e-06	-5.038804e-06	-8.665256e-09	-3.748445e+01	-5.645720e+02
3.630000e-06	-5.124637e-06	-8.745703e-09	-3.812298e+01	-5.699008e+02
3.640000e-06	-5.209291e-06	-8.821844e-09	-3.875273e+01	-5.749903e+02
3.650000e-06	-5.292722e-06	-8.896898e-09	-3.937339e+01	-5.798559e+02
3.660000e-06	-5.375048e-06	-8.973491e-09	-3.998582e+01	-5.845198e+02
3.670000e-06	-5.456341e-06	-9.045321e-09	-4.059058e+01	-5.890074e+02
3.680000e-06	-5.536504e-06	-9.109337e-09	-4.118692e+01	-5.933427e+02
3.690000e-06	-5.615450e-06	-9.169187e-09	-4.177421e+01	-5.975446e+02
3.700000e-06	-5.693080e-06	-9.231354e-09	-4.235171e+01	-6.016228e+02
3.710000e-06	-5.769202e-06	-9.295210e-09	-4.291799e+01	-6.055779e+02
3.720000e-06	-5.843846e-06	-9.352824e-09	-4.347329e+01	-6.094027e+02
3.730000e-06	-5.917173e-06	-9.401637e-09	-4.401877e+01	-6.130856e+02
3.740000e-06	-5.989226e-06	-9.448349e-09	-4.455479e+01	-6.166154e+02
3.750000e-06	-6.059983e-06	-9.500521e-09	-4.508116e+01	-6.199852e+02
3.760000e-06	-6.129306e-06	-9.552309e-09	-4.559686e+01	-6.231953e+02
3.770000e-06	-6.197088e-06	-9.597627e-09	-4.610110e+01	-6.262538e+02
3.780000e-06	-6.263532e-06	-9.637208e-09	-4.659539e+01	-6.291749e+02
3.790000e-06	-6.328716e-06	-9.677644e-09	-4.708031e+01	-6.319754e+02
3.800000e-06	-6.392606e-06	-9.720928e-09	-4.755560e+01	-6.346712e+02
3.810000e-06	-6.455121e-06	-9.761720e-09	-4.802065e+01	-6.372732e+02
3.820000e-06	-6.516051e-06	-9.797105e-09	-4.847392e+01	-6.397855e+02
3.830000e-06	-6.575427e-06	-9.831464e-09	-4.891563e+01	-6.422047e+02
3.840000e-06	-6.633445e-06	-9.867616e-09	-4.934724e+01	-6.445226e+02
3.850000e-06	-6.690178e-06	-9.901608e-09	-4.976928e+01	-6.467283e+02
3.860000e-06	-6.745503e-06	-9.929071e-09	-5.018085e+01	-6.488130e+02
3.870000e-06	-6.799146e-06	-9.950674e-09	-5.057991e+01	-6.507730e+02
3.880000e-06	-6.850921e-06	-9.972875e-09	-5.096507e+01	-6.526115e+02
3.890000e-06	-6.900970e-06	-9.997051e-09	-5.133740e+01	-6.543388e+02
3.900000e-06	-6.949196e-06	-1.002194e-08	-5.169616e+01	-6.559704e+02
3.910000e-06	-6.995572e-06	-1.004736e-08	-5.204115e+01	-6.575238e+02
3.920000e-06	-7.040488e-06	-1.007325e-08	-5.237529e+01	-6.590151e+02
3.930000e-06	-7.084122e-06	-1.009793e-08	-5.269989e+01	-6.604559e+02
3.940000e-06	-7.126451e-06	-1.011688e-08	-5.301478e+01	-6.618510e+02
3.950000e-06	-7.167378e-06	-1.012878e-08	-5.331924e+01	-6.631989e+02
3.960000e-06	-7.206856e-06	-1.013754e-08	-5.361293e+01	-6.644930e+02
3.970000e-06	-7.244683e-06	-1.015123e-08	-5.389433e+01	-6.657241e+02
3.980000e-06	-7.280706e-06	-1.017063e-08	-5.416231e+01	-6.668839e+02
3.990000e-06	-7.315157e-06	-1.019000e-08	-5.441860e+01	-6.679673e+02
4.000000e-06	-7.348155e-06	-1.020741e-08	-5.466407e+01	-6.689738e+02
4.010000e-06	-7.379606e-06	-1.022256e-08	-5.489804e+01	-6.699075e+02
4.020000e-06	-7.409259e-06	-1.023528e-08	-5.511864e+01	-6.707757e+02
4.030000e-06	-7.437092e-06	-1.024295e-08	-5.532569e+01	-6.715867e+02
4.040000e-06	-7.463373e-06	-1.024634e-08	-5.552120e+01	-6.723471e+02
4.050000e-06	-7.488097e-06	-1.024940e-08	-5.570512e+01	-6.730605e+02
4.060000e-06	-7.511218e-06	-1.025624e-08	-5.587712e+01	-6.737258e+02
4.070000e-06	-7.532580e-06	-1.026680e-08	-5.603604e+01	-6.743386e+02
4.080000e-06	-7.552157e-06	-1.027621e-08	-5.618168e+01	-6.748924e+02
4.090000e-06	-7.570234e-06	-1.028397e-08	-5.631616e+01	-6.753811e+02
4.100000e-06	-7.586829e-06	-1.028963e-08	-5.643961e+01	-6.758009e+02
4.110000e-06	-7.601696e-06	-1.029324e-08	-5.655020e+01	-6.761517e+02
4.120000e-06	-7.614556e-06	-1.029345e-08	-5.664587e+01	-6.764376e+02
4.130000e-06	-7.625487e-06	-1.028940e-08	-5.672719e+01	-6.766655e+02
4.140000e-06	-7.634759e-06	-1.028246e-08	-5.679616e+01	-6.768432e+02
4.150000e-06	-7.642500e-06	-1.027713e-08	-5.685375e+01	-6.769773e+02
4.160000e-06	-7.648543e-06	-1.027879e-08	-5.689871e+01	-6.770706e+02
4.170000e-06	-7.652741e-06	-1.028097e-08	-5.692993e+01	-6.771215e+02
4.180000e-06	-7.655296e-06	-1.027841e-08	-5.694895e+01	-6.771239e+02
4.190000e-06	-7.656307e-06	-1.027316e-08	-5.695647e+01	-6.770685e+02
