# Temperatura_=_50.34
# Concentracion g/m^3_=_18600.0
# C_Vs_to_Am_M_A/Vsm_=_65563218390.804596
# pendiente_HvsI_1/m_=_3716.3
# ordenada_HvsI_A/m_=_1297.0
# frecuencia_Hz_=_238261.98608457606

Tiempo_(s)	Campo_(V.s)	Magnetizacion_(V.s)	Campo_(kA/m)	Magnetizacion_(A/m)
0.000000e+00	-7.554669e-06	-1.141712e-08	-5.695211e+01	-7.493830e+02
1.000000e-08	-7.552981e-06	-1.141800e-08	-5.693938e+01	-7.492663e+02
2.000000e-08	-7.549540e-06	-1.141443e-08	-5.691344e+01	-7.490884e+02
3.000000e-08	-7.544555e-06	-1.140704e-08	-5.687586e+01	-7.488463e+02
4.000000e-08	-7.538135e-06	-1.139935e-08	-5.682746e+01	-7.485372e+02
5.000000e-08	-7.530294e-06	-1.139308e-08	-5.676835e+01	-7.481600e+02
6.000000e-08	-7.520861e-06	-1.138627e-08	-5.669724e+01	-7.477164e+02
7.000000e-08	-7.509490e-06	-1.137654e-08	-5.661151e+01	-7.472109e+02
8.000000e-08	-7.496276e-06	-1.136323e-08	-5.651190e+01	-7.466505e+02
9.000000e-08	-7.480982e-06	-1.140121e-08	-5.639660e+01	-7.460437e+02
1.000000e-07	-7.463296e-06	-1.143430e-08	-5.626327e+01	-7.453986e+02
1.100000e-07	-7.443728e-06	-1.140703e-08	-5.611576e+01	-7.447209e+02
1.200000e-07	-7.422838e-06	-1.137806e-08	-5.595827e+01	-7.440130e+02
1.300000e-07	-7.400760e-06	-1.128317e-08	-5.579184e+01	-7.432726e+02
1.400000e-07	-7.377428e-06	-1.127230e-08	-5.561594e+01	-7.424933e+02
1.500000e-07	-7.352451e-06	-1.137776e-08	-5.542765e+01	-7.416656e+02
1.600000e-07	-7.325647e-06	-1.125403e-08	-5.522559e+01	-7.407787e+02
1.700000e-07	-7.297297e-06	-1.123086e-08	-5.501186e+01	-7.398226e+02
1.800000e-07	-7.267372e-06	-1.131608e-08	-5.478627e+01	-7.387896e+02
1.900000e-07	-7.235959e-06	-1.117719e-08	-5.454945e+01	-7.376760e+02
2.000000e-07	-7.203194e-06	-1.118858e-08	-5.430245e+01	-7.364819e+02
2.100000e-07	-7.168645e-06	-1.121241e-08	-5.404200e+01	-7.352109e+02
2.200000e-07	-7.132385e-06	-1.108077e-08	-5.376865e+01	-7.338691e+02
2.300000e-07	-7.094656e-06	-1.110668e-08	-5.348422e+01	-7.324630e+02
2.400000e-07	-7.055316e-06	-1.114069e-08	-5.318765e+01	-7.309983e+02
2.500000e-07	-7.014485e-06	-1.109984e-08	-5.287984e+01	-7.294787e+02
2.600000e-07	-6.971948e-06	-1.108861e-08	-5.255917e+01	-7.279059e+02
2.700000e-07	-6.927673e-06	-1.102067e-08	-5.222539e+01	-7.262792e+02
2.800000e-07	-6.881938e-06	-1.099783e-08	-5.188061e+01	-7.245965e+02
2.900000e-07	-6.834649e-06	-1.099162e-08	-5.152411e+01	-7.228555e+02
3.000000e-07	-6.785768e-06	-1.096401e-08	-5.115562e+01	-7.210544e+02
3.100000e-07	-6.735005e-06	-1.092802e-08	-5.077294e+01	-7.191924e+02
3.200000e-07	-6.682303e-06	-1.089265e-08	-5.037563e+01	-7.172695e+02
3.300000e-07	-6.628089e-06	-1.089831e-08	-4.996693e+01	-7.152869e+02
3.400000e-07	-6.572565e-06	-1.084747e-08	-4.954835e+01	-7.132453e+02
3.500000e-07	-6.515699e-06	-1.080449e-08	-4.911966e+01	-7.111448e+02
3.600000e-07	-6.457216e-06	-1.076109e-08	-4.867877e+01	-7.089840e+02
3.700000e-07	-6.397121e-06	-1.071375e-08	-4.822574e+01	-7.067602e+02
3.800000e-07	-6.335647e-06	-1.072647e-08	-4.776230e+01	-7.044691e+02
3.900000e-07	-6.272851e-06	-1.070025e-08	-4.728891e+01	-7.021064e+02
4.000000e-07	-6.208767e-06	-1.064509e-08	-4.680580e+01	-6.996674e+02
4.100000e-07	-6.143283e-06	-1.059436e-08	-4.631214e+01	-6.971488e+02
4.200000e-07	-6.076210e-06	-1.055122e-08	-4.580650e+01	-6.945484e+02
4.300000e-07	-6.007639e-06	-1.051790e-08	-4.528957e+01	-6.918652e+02
4.400000e-07	-5.937766e-06	-1.046827e-08	-4.476282e+01	-6.890993e+02
4.500000e-07	-5.866679e-06	-1.042411e-08	-4.422692e+01	-6.862508e+02
4.600000e-07	-5.794388e-06	-1.039024e-08	-4.368194e+01	-6.833197e+02
4.700000e-07	-5.720807e-06	-1.037159e-08	-4.312724e+01	-6.803047e+02
4.800000e-07	-5.645652e-06	-1.033000e-08	-4.256067e+01	-6.772038e+02
4.900000e-07	-5.568899e-06	-1.025292e-08	-4.198205e+01	-6.740145e+02
5.000000e-07	-5.490718e-06	-1.018787e-08	-4.139267e+01	-6.707345e+02
5.100000e-07	-5.411073e-06	-1.013573e-08	-4.079225e+01	-6.673621e+02
5.200000e-07	-5.330162e-06	-1.009524e-08	-4.018230e+01	-6.638974e+02
5.300000e-07	-5.248114e-06	-1.004700e-08	-3.956376e+01	-6.603418e+02
5.400000e-07	-5.164955e-06	-9.990904e-09	-3.893686e+01	-6.566982e+02
5.500000e-07	-5.080756e-06	-9.939706e-09	-3.830211e+01	-6.529693e+02
5.600000e-07	-4.995654e-06	-9.892585e-09	-3.766056e+01	-6.491571e+02
5.700000e-07	-4.909650e-06	-9.834978e-09	-3.701220e+01	-6.452612e+02
5.800000e-07	-4.822697e-06	-9.755154e-09	-3.635669e+01	-6.412783e+02
5.900000e-07	-4.734756e-06	-9.682278e-09	-3.569373e+01	-6.372022e+02
6.000000e-07	-4.645680e-06	-9.626549e-09	-3.502221e+01	-6.330240e+02
6.100000e-07	-4.555508e-06	-9.576871e-09	-3.434244e+01	-6.287342e+02
6.200000e-07	-4.464212e-06	-9.512578e-09	-3.365419e+01	-6.243238e+02
6.300000e-07	-4.371850e-06	-9.433164e-09	-3.295791e+01	-6.197865e+02
6.400000e-07	-4.278622e-06	-9.360082e-09	-3.225509e+01	-6.151195e+02
6.500000e-07	-4.184521e-06	-9.293478e-09	-3.154570e+01	-6.103240e+02
6.600000e-07	-4.089562e-06	-9.222922e-09	-3.082983e+01	-6.054044e+02
6.700000e-07	-3.993830e-06	-9.140574e-09	-3.010814e+01	-6.003669e+02
6.800000e-07	-3.897259e-06	-9.058607e-09	-2.938012e+01	-5.952173e+02
6.900000e-07	-3.799737e-06	-8.987333e-09	-2.864494e+01	-5.899590e+02
7.000000e-07	-3.701234e-06	-8.915461e-09	-2.790236e+01	-5.845918e+02
7.100000e-07	-3.601763e-06	-8.829105e-09	-2.715248e+01	-5.791110e+02
7.200000e-07	-3.501418e-06	-8.730755e-09	-2.639601e+01	-5.735081e+02
7.300000e-07	-3.400344e-06	-8.639460e-09	-2.563405e+01	-5.677721e+02
7.400000e-07	-3.298564e-06	-8.559072e-09	-2.486676e+01	-5.618919e+02
7.500000e-07	-3.196064e-06	-8.475305e-09	-2.409405e+01	-5.558576e+02
7.600000e-07	-3.092837e-06	-8.376530e-09	-2.331586e+01	-5.496627e+02
7.700000e-07	-2.988884e-06	-8.273848e-09	-2.253219e+01	-5.433040e+02
7.800000e-07	-2.884273e-06	-8.180073e-09	-2.174356e+01	-5.367812e+02
7.900000e-07	-2.779066e-06	-8.087837e-09	-2.095044e+01	-5.300953e+02
8.000000e-07	-2.673199e-06	-7.985674e-09	-2.015234e+01	-5.232467e+02
8.100000e-07	-2.566549e-06	-7.871954e-09	-1.934835e+01	-5.162333e+02
8.200000e-07	-2.459200e-06	-7.759363e-09	-1.853908e+01	-5.090494e+02
8.300000e-07	-2.351278e-06	-7.653379e-09	-1.772549e+01	-5.016855e+02
8.400000e-07	-2.242848e-06	-7.543265e-09	-1.690807e+01	-4.941292e+02
8.500000e-07	-2.134042e-06	-7.418812e-09	-1.608782e+01	-4.863677e+02
8.600000e-07	-2.024912e-06	-7.287341e-09	-1.526513e+01	-4.783891e+02
8.700000e-07	-1.915339e-06	-7.159672e-09	-1.443909e+01	-4.701849e+02
8.800000e-07	-1.805334e-06	-7.037960e-09	-1.360980e+01	-4.617504e+02
8.900000e-07	-1.694972e-06	-6.910245e-09	-1.277782e+01	-4.530846e+02
9.000000e-07	-1.584287e-06	-6.770535e-09	-1.194340e+01	-4.441881e+02
9.100000e-07	-1.473316e-06	-6.627463e-09	-1.110683e+01	-4.350606e+02
9.200000e-07	-1.362036e-06	-6.487163e-09	-1.026793e+01	-4.256981e+02
9.300000e-07	-1.250476e-06	-6.343492e-09	-9.426921e+00	-4.160909e+02
9.400000e-07	-1.138672e-06	-6.187205e-09	-8.584065e+00	-4.062225e+02
9.500000e-07	-1.026625e-06	-6.025100e-09	-7.739377e+00	-3.960710e+02
9.600000e-07	-9.143135e-07	-5.865343e-09	-6.892701e+00	-3.856114e+02
9.700000e-07	-8.017855e-07	-5.707359e-09	-6.044391e+00	-3.748189e+02
9.800000e-07	-6.891251e-07	-5.542240e-09	-5.195082e+00	-3.636726e+02
9.900000e-07	-5.763757e-07	-5.366593e-09	-4.345102e+00	-3.521575e+02
1.000000e-06	-4.635348e-07	-5.183895e-09	-3.494432e+00	-3.402653e+02
1.010000e-06	-3.505496e-07	-4.997233e-09	-2.642675e+00	-3.279920e+02
1.020000e-06	-2.375035e-07	-4.806653e-09	-1.790459e+00	-3.153349e+02
1.030000e-06	-1.244567e-07	-4.606992e-09	-9.382370e-01	-3.022870e+02
1.040000e-06	-1.134052e-08	-4.398040e-09	-8.549238e-02	-2.888324e+02
1.050000e-06	1.018667e-07	-4.184888e-09	7.679387e-01	-2.749441e+02
1.060000e-06	2.150750e-07	-3.970006e-09	1.621378e+00	-2.605828e+02
1.070000e-06	3.281956e-07	-3.747510e-09	2.474156e+00	-2.457008e+02
1.080000e-06	4.412314e-07	-3.511853e-09	3.326295e+00	-2.302478e+02
1.090000e-06	5.542051e-07	-3.264109e-09	4.177965e+00	-2.141785e+02
1.100000e-06	6.670355e-07	-3.008895e-09	5.028556e+00	-1.974603e+02
1.110000e-06	7.796719e-07	-2.746414e-09	5.877684e+00	-1.800776e+02
1.120000e-06	8.921982e-07	-2.473918e-09	6.725982e+00	-1.620331e+02
1.130000e-06	1.004560e-06	-2.188485e-09	7.573037e+00	-1.433431e+02
1.140000e-06	1.116622e-06	-1.892029e-09	8.417840e+00	-1.240282e+02
1.150000e-06	1.228418e-06	-1.590660e-09	9.260628e+00	-1.041007e+02
1.160000e-06	1.340007e-06	-1.279994e-09	1.010186e+01	-8.355230e+01
1.170000e-06	1.451336e-06	-9.535995e-10	1.094114e+01	-6.234324e+01
1.180000e-06	1.562319e-06	-6.120209e-10	1.177780e+01	-4.039907e+01
1.190000e-06	1.672920e-06	-2.607489e-10	1.261158e+01	-1.761497e+01
1.200000e-06	1.783208e-06	9.918826e-11	1.344301e+01	6.130479e+00
1.210000e-06	1.893189e-06	4.755878e-10	1.427211e+01	3.095342e+01
1.220000e-06	2.002766e-06	8.725589e-10	1.509818e+01	5.693786e+01
1.230000e-06	2.111909e-06	1.286751e-09	1.592097e+01	8.410801e+01
1.240000e-06	2.220644e-06	1.713825e-09	1.674069e+01	1.124051e+02
1.250000e-06	2.329003e-06	2.157961e-09	1.755757e+01	1.416734e+02
1.260000e-06	2.436904e-06	2.617809e-09	1.837100e+01	1.716580e+02
1.270000e-06	2.544185e-06	3.084196e-09	1.917975e+01	2.020177e+02
1.280000e-06	2.650733e-06	3.547370e-09	1.998298e+01	2.323497e+02
1.290000e-06	2.756488e-06	3.998281e-09	2.078024e+01	2.622239e+02
1.300000e-06	2.861461e-06	4.435693e-09	2.157159e+01	2.912226e+02
1.310000e-06	2.965746e-06	4.856443e-09	2.235776e+01	3.189774e+02
1.320000e-06	3.069406e-06	5.254218e-09	2.313921e+01	3.452008e+02
1.330000e-06	3.172441e-06	5.621874e-09	2.391596e+01	3.697052e+02
1.340000e-06	3.274856e-06	5.959448e-09	2.468804e+01	3.924089e+02
1.350000e-06	3.376583e-06	6.273740e-09	2.545492e+01	4.133292e+02
1.360000e-06	3.477573e-06	6.566017e-09	2.621625e+01	4.325631e+02
1.370000e-06	3.577887e-06	6.833646e-09	2.697248e+01	4.502622e+02
1.380000e-06	3.677467e-06	7.078643e-09	2.772318e+01	4.666043e+02
1.390000e-06	3.776164e-06	7.307313e-09	2.846723e+01	4.817677e+02
1.400000e-06	3.873828e-06	7.523514e-09	2.920348e+01	4.959117e+02
1.410000e-06	3.970452e-06	7.725071e-09	2.993190e+01	5.091650e+02
1.420000e-06	4.066214e-06	7.909734e-09	3.065382e+01	5.216230e+02
1.430000e-06	4.161111e-06	8.081197e-09	3.136921e+01	5.333515e+02
1.440000e-06	4.255119e-06	8.245744e-09	3.207791e+01	5.443960e+02
1.450000e-06	4.348338e-06	8.404307e-09	3.278066e+01	5.547917e+02
1.460000e-06	4.440742e-06	8.553729e-09	3.347726e+01	5.645728e+02
1.470000e-06	4.532230e-06	8.693350e-09	3.416695e+01	5.737784e+02
1.480000e-06	4.622535e-06	8.826038e-09	3.484773e+01	5.824550e+02
1.490000e-06	4.711561e-06	8.953582e-09	3.551887e+01	5.906540e+02
1.500000e-06	4.799485e-06	9.075746e-09	3.618170e+01	5.984281e+02
1.510000e-06	4.886371e-06	9.189388e-09	3.683671e+01	6.058261e+02
1.520000e-06	4.972257e-06	9.293844e-09	3.748417e+01	6.128884e+02
1.530000e-06	5.057208e-06	9.394549e-09	3.812459e+01	6.196449e+02
1.540000e-06	5.141212e-06	9.493813e-09	3.875786e+01	6.261150e+02
1.550000e-06	5.224105e-06	9.588672e-09	3.938277e+01	6.323105e+02
1.560000e-06	5.305764e-06	9.676758e-09	3.999837e+01	6.382389e+02
1.570000e-06	5.386147e-06	9.758440e-09	4.060435e+01	6.439081e+02
1.580000e-06	5.465192e-06	9.838227e-09	4.120024e+01	6.493286e+02
1.590000e-06	5.542986e-06	9.918600e-09	4.178670e+01	6.545154e+02
1.600000e-06	5.619718e-06	9.995867e-09	4.236516e+01	6.594869e+02
1.610000e-06	5.695162e-06	1.006909e-08	4.293391e+01	6.642631e+02
1.620000e-06	5.768985e-06	1.014009e-08	4.349043e+01	6.688618e+02
1.630000e-06	5.841350e-06	1.021049e-08	4.403597e+01	6.732964e+02
1.640000e-06	5.912466e-06	1.028013e-08	4.457209e+01	6.775739e+02
1.650000e-06	5.982298e-06	1.034387e-08	4.509853e+01	6.816944e+02
1.660000e-06	6.050943e-06	1.040013e-08	4.561602e+01	6.856534e+02
1.670000e-06	6.118364e-06	1.045364e-08	4.612428e+01	6.894439e+02
1.680000e-06	6.184237e-06	1.050879e-08	4.662088e+01	6.930602e+02
1.690000e-06	6.248624e-06	1.056542e-08	4.710627e+01	6.965009e+02
1.700000e-06	6.311789e-06	1.061693e-08	4.758245e+01	6.997700e+02
1.710000e-06	6.373660e-06	1.066594e-08	4.804887e+01	7.028776e+02
1.720000e-06	6.434293e-06	1.071583e-08	4.850597e+01	7.058379e+02
1.730000e-06	6.493700e-06	1.076264e-08	4.895381e+01	7.086664e+02
1.740000e-06	6.551501e-06	1.080421e-08	4.938956e+01	7.113772e+02
1.750000e-06	6.607659e-06	1.083821e-08	4.981291e+01	7.139799e+02
1.760000e-06	6.662370e-06	1.087273e-08	5.022536e+01	7.164781e+02
1.770000e-06	6.715580e-06	1.091092e-08	5.062649e+01	7.188699e+02
1.780000e-06	6.767048e-06	1.094943e-08	5.101449e+01	7.211490e+02
1.790000e-06	6.816582e-06	1.098383e-08	5.138792e+01	7.233080e+02
1.800000e-06	6.864484e-06	1.101482e-08	5.174903e+01	7.253410e+02
1.810000e-06	6.910945e-06	1.104817e-08	5.209929e+01	7.272464e+02
1.820000e-06	6.955939e-06	1.108012e-08	5.243848e+01	7.290283e+02
1.830000e-06	6.999472e-06	1.110724e-08	5.276666e+01	7.306966e+02
1.840000e-06	7.041306e-06	1.112918e-08	5.308203e+01	7.322656e+02
1.850000e-06	7.081487e-06	1.114887e-08	5.338495e+01	7.337513e+02
1.860000e-06	7.120188e-06	1.116959e-08	5.367670e+01	7.351685e+02
1.870000e-06	7.157459e-06	1.119129e-08	5.395767e+01	7.365283e+02
1.880000e-06	7.193309e-06	1.121174e-08	5.422793e+01	7.378363e+02
1.890000e-06	7.227415e-06	1.123516e-08	5.448505e+01	7.390926e+02
1.900000e-06	7.259753e-06	1.126007e-08	5.472883e+01	7.402925e+02
1.910000e-06	7.290565e-06	1.128246e-08	5.496111e+01	7.414286e+02
1.920000e-06	7.319933e-06	1.130041e-08	5.518251e+01	7.424934e+02
1.930000e-06	7.347929e-06	1.131134e-08	5.539356e+01	7.434811e+02
1.940000e-06	7.374162e-06	1.132068e-08	5.559132e+01	7.443896e+02
1.950000e-06	7.398523e-06	1.133310e-08	5.577497e+01	7.452205e+02
1.960000e-06	7.421325e-06	1.134848e-08	5.594687e+01	7.459785e+02
1.970000e-06	7.442634e-06	1.136473e-08	5.610751e+01	7.466704e+02
1.980000e-06	7.462431e-06	1.137885e-08	5.625675e+01	7.473027e+02
1.990000e-06	7.480577e-06	1.139072e-08	5.639355e+01	7.478804e+02
2.000000e-06	7.496979e-06	1.139972e-08	5.651720e+01	7.484060e+02
2.010000e-06	7.511658e-06	1.140495e-08	5.662786e+01	7.488793e+02
2.020000e-06	7.524604e-06	1.140931e-08	5.672545e+01	7.492978e+02
2.030000e-06	7.535661e-06	1.141429e-08	5.680881e+01	7.496583e+02
2.040000e-06	7.544834e-06	1.142191e-08	5.687796e+01	7.499574e+02
2.050000e-06	7.552395e-06	1.143063e-08	5.693496e+01	7.501933e+02
2.060000e-06	7.558416e-06	1.143814e-08	5.698035e+01	7.503658e+02
2.070000e-06	7.562881e-06	1.144165e-08	5.701401e+01	7.504760e+02
2.080000e-06	7.565627e-06	1.144241e-08	5.703471e+01	7.505260e+02
2.090000e-06	7.566527e-06	1.144493e-08	5.704150e+01	7.505173e+02
2.100000e-06	7.565761e-06	1.144681e-08	5.703572e+01	7.504506e+02
2.110000e-06	7.563489e-06	1.144501e-08	5.701860e+01	7.503248e+02
2.120000e-06	7.559812e-06	1.144107e-08	5.699087e+01	7.501374e+02
2.130000e-06	7.554471e-06	1.143719e-08	5.695061e+01	7.498852e+02
2.140000e-06	7.547366e-06	1.143193e-08	5.689705e+01	7.495659e+02
2.150000e-06	7.538787e-06	1.142290e-08	5.683237e+01	7.491785e+02
2.160000e-06	7.528838e-06	1.141724e-08	5.675737e+01	7.487251e+02
2.170000e-06	7.517347e-06	1.143004e-08	5.667075e+01	7.482107e+02
2.180000e-06	7.503958e-06	1.139697e-08	5.656981e+01	7.476427e+02
2.190000e-06	7.488378e-06	1.133075e-08	5.645236e+01	7.470296e+02
2.200000e-06	7.470482e-06	1.132314e-08	5.631745e+01	7.463792e+02
2.210000e-06	7.450421e-06	1.132162e-08	5.616621e+01	7.456969e+02
2.220000e-06	7.428631e-06	1.141036e-08	5.600195e+01	7.449843e+02
2.230000e-06	7.405849e-06	1.139289e-08	5.583020e+01	7.442384e+02
2.240000e-06	7.382099e-06	1.124208e-08	5.565116e+01	7.434524e+02
2.250000e-06	7.356550e-06	1.135165e-08	5.545855e+01	7.426165e+02
2.260000e-06	7.329470e-06	1.134902e-08	5.525441e+01	7.417197e+02
2.270000e-06	7.301156e-06	1.125623e-08	5.504096e+01	7.407523e+02
2.280000e-06	7.270878e-06	1.140983e-08	5.481270e+01	7.397073e+02
2.290000e-06	7.238867e-06	1.134400e-08	5.457138e+01	7.385814e+02
2.300000e-06	7.205404e-06	1.124971e-08	5.431911e+01	7.373754e+02
2.310000e-06	7.170407e-06	1.138504e-08	5.405528e+01	7.360933e+02
2.320000e-06	7.134103e-06	1.128488e-08	5.378160e+01	7.347414e+02
2.330000e-06	7.095973e-06	1.121982e-08	5.349415e+01	7.333260e+02
2.340000e-06	7.055903e-06	1.122849e-08	5.319208e+01	7.318528e+02
2.350000e-06	7.014416e-06	1.113044e-08	5.287932e+01	7.303251e+02
2.360000e-06	6.971514e-06	1.121734e-08	5.255589e+01	7.287442e+02
2.370000e-06	6.927263e-06	1.117846e-08	5.222230e+01	7.271091e+02
2.380000e-06	6.881476e-06	1.111646e-08	5.187713e+01	7.254177e+02
2.390000e-06	6.833922e-06	1.113702e-08	5.151864e+01	7.236678e+02
2.400000e-06	6.784856e-06	1.105084e-08	5.114874e+01	7.218574e+02
2.410000e-06	6.734294e-06	1.105167e-08	5.076757e+01	7.199861e+02
2.420000e-06	6.682104e-06	1.097927e-08	5.037413e+01	7.180542e+02
2.430000e-06	6.628058e-06	1.094971e-08	4.996669e+01	7.160626e+02
2.440000e-06	6.572304e-06	1.095854e-08	4.954638e+01	7.140121e+02
2.450000e-06	6.515158e-06	1.090364e-08	4.911558e+01	7.119026e+02
2.460000e-06	6.456667e-06	1.093524e-08	4.867464e+01	7.097324e+02
2.470000e-06	6.396928e-06	1.083475e-08	4.822429e+01	7.074987e+02
2.480000e-06	6.335659e-06	1.078568e-08	4.776240e+01	7.051971e+02
2.490000e-06	6.272684e-06	1.077715e-08	4.728765e+01	7.028231e+02
2.500000e-06	6.208267e-06	1.071645e-08	4.680204e+01	7.003723e+02
2.510000e-06	6.142512e-06	1.071587e-08	4.630633e+01	6.978414e+02
2.520000e-06	6.075425e-06	1.062767e-08	4.580058e+01	6.952285e+02
2.530000e-06	6.006975e-06	1.060573e-08	4.528456e+01	6.925328e+02
2.540000e-06	5.936982e-06	1.057152e-08	4.475691e+01	6.897544e+02
2.550000e-06	5.865453e-06	1.052046e-08	4.421768e+01	6.868935e+02
2.560000e-06	5.792650e-06	1.047689e-08	4.366883e+01	6.839497e+02
2.570000e-06	5.718643e-06	1.040064e-08	4.311093e+01	6.809219e+02
2.580000e-06	5.643168e-06	1.039042e-08	4.254194e+01	6.778078e+02
2.590000e-06	5.566213e-06	1.032990e-08	4.196180e+01	6.746050e+02
2.600000e-06	5.487819e-06	1.028168e-08	4.137082e+01	6.713111e+02
2.610000e-06	5.408102e-06	1.020984e-08	4.076986e+01	6.679247e+02
2.620000e-06	5.327297e-06	1.014652e-08	4.016070e+01	6.644461e+02
2.630000e-06	5.245474e-06	1.011977e-08	3.954386e+01	6.608771e+02
2.640000e-06	5.162620e-06	1.006137e-08	3.891925e+01	6.572204e+02
2.650000e-06	5.078630e-06	1.000768e-08	3.828608e+01	6.534788e+02
2.660000e-06	4.993442e-06	9.927766e-09	3.764388e+01	6.496540e+02
2.670000e-06	4.906900e-06	9.879585e-09	3.699147e+01	6.457453e+02
2.680000e-06	4.819199e-06	9.821680e-09	3.633032e+01	6.417488e+02
2.690000e-06	4.730647e-06	9.750122e-09	3.566275e+01	6.376578e+02
2.700000e-06	4.641198e-06	9.676305e-09	3.498843e+01	6.334635e+02
2.710000e-06	4.550832e-06	9.607599e-09	3.430719e+01	6.291560e+02
2.720000e-06	4.459549e-06	9.561190e-09	3.361904e+01	6.247268e+02
2.730000e-06	4.367321e-06	9.492990e-09	3.292376e+01	6.201700e+02
2.740000e-06	4.274055e-06	9.417212e-09	3.222066e+01	6.154835e+02
2.750000e-06	4.179646e-06	9.330239e-09	3.150894e+01	6.106690e+02
2.760000e-06	4.084177e-06	9.256499e-09	3.078923e+01	6.057312e+02
2.770000e-06	3.987862e-06	9.183102e-09	3.006315e+01	6.006764e+02
2.780000e-06	3.890756e-06	9.103070e-09	2.933110e+01	5.955102e+02
2.790000e-06	3.792847e-06	9.016861e-09	2.859299e+01	5.902357e+02
2.800000e-06	3.694168e-06	8.934591e-09	2.784909e+01	5.848518e+02
2.810000e-06	3.594743e-06	8.862100e-09	2.709956e+01	5.793532e+02
2.820000e-06	3.494558e-06	8.782030e-09	2.634430e+01	5.737309e+02
2.830000e-06	3.393536e-06	8.687639e-09	2.558272e+01	5.679739e+02
2.840000e-06	3.291621e-06	8.582093e-09	2.481442e+01	5.620710e+02
2.850000e-06	3.188750e-06	8.490162e-09	2.403891e+01	5.560129e+02
2.860000e-06	3.085072e-06	8.403513e-09	2.325732e+01	5.497935e+02
2.870000e-06	2.980800e-06	8.311519e-09	2.247125e+01	5.434100e+02
2.880000e-06	2.875952e-06	8.205961e-09	2.168083e+01	5.368625e+02
2.890000e-06	2.770494e-06	8.102824e-09	2.088582e+01	5.301522e+02
2.900000e-06	2.664438e-06	8.003506e-09	2.008630e+01	5.232790e+02
2.910000e-06	2.557808e-06	7.897939e-09	1.928246e+01	5.162404e+02
2.920000e-06	2.450678e-06	7.778976e-09	1.847483e+01	5.090301e+02
2.930000e-06	2.343136e-06	7.655115e-09	1.766412e+01	5.016380e+02
2.940000e-06	2.235123e-06	7.542580e-09	1.684984e+01	4.940517e+02
2.950000e-06	2.126647e-06	7.434139e-09	1.603207e+01	4.862582e+02
2.960000e-06	2.017746e-06	7.320078e-09	1.521111e+01	4.782461e+02
2.970000e-06	1.908381e-06	7.190919e-09	1.438664e+01	4.700074e+02
2.980000e-06	1.798536e-06	7.060898e-09	1.355855e+01	4.615382e+02
2.990000e-06	1.688299e-06	6.933307e-09	1.272752e+01	4.528376e+02
3.000000e-06	1.577752e-06	6.800085e-09	1.189414e+01	4.439065e+02
3.010000e-06	1.466818e-06	6.655923e-09	1.105785e+01	4.347440e+02
3.020000e-06	1.355547e-06	6.506808e-09	1.021901e+01	4.253455e+02
3.030000e-06	1.244025e-06	6.363098e-09	9.378283e+00	4.157002e+02
3.040000e-06	1.132282e-06	6.219346e-09	8.535893e+00	4.057907e+02
3.050000e-06	1.020288e-06	6.067087e-09	7.691605e+00	3.955946e+02
3.060000e-06	9.079966e-07	5.902793e-09	6.845081e+00	3.850864e+02
3.070000e-06	7.953987e-07	5.734343e-09	5.996243e+00	3.742420e+02
3.080000e-06	6.825870e-07	5.564238e-09	5.145794e+00	3.630411e+02
3.090000e-06	5.696800e-07	5.387173e-09	4.294625e+00	3.514697e+02
3.100000e-06	4.566026e-07	5.199926e-09	3.442173e+00	3.395204e+02
3.110000e-06	3.433245e-07	5.007821e-09	2.588208e+00	3.271897e+02
3.120000e-06	2.299450e-07	4.816813e-09	1.733478e+00	3.144745e+02
3.130000e-06	1.166199e-07	4.621990e-09	8.791581e-01	3.013667e+02
3.140000e-06	3.229935e-09	4.416455e-09	2.434939e-02	2.878491e+02
3.150000e-06	-1.102749e-07	4.200271e-09	-8.313251e-01	2.738924e+02
3.160000e-06	-2.237521e-07	3.976529e-09	-1.686792e+00	2.594561e+02
3.170000e-06	-3.371670e-07	3.746118e-09	-2.541788e+00	2.444915e+02
3.180000e-06	-4.504625e-07	3.508591e-09	-3.395885e+00	2.289487e+02
3.190000e-06	-5.636279e-07	3.261673e-09	-4.249001e+00	2.127837e+02
3.200000e-06	-6.766214e-07	3.003506e-09	-5.100821e+00	1.959662e+02
3.210000e-06	-7.894180e-07	2.735150e-09	-5.951156e+00	1.784836e+02
3.220000e-06	-9.019772e-07	2.457173e-09	-6.799702e+00	1.603409e+02
3.230000e-06	-1.014244e-06	2.170503e-09	-7.646041e+00	1.415558e+02
3.240000e-06	-1.126168e-06	1.874394e-09	-8.489800e+00	1.221485e+02
3.250000e-06	-1.237727e-06	1.570310e-09	-9.330808e+00	1.021290e+02
3.260000e-06	-1.348873e-06	1.258691e-09	-1.016870e+01	8.148475e+01
3.270000e-06	-1.459662e-06	9.372243e-10	-1.100390e+01	6.017092e+01
3.280000e-06	-1.570110e-06	6.018389e-10	-1.183653e+01	3.810795e+01
3.290000e-06	-1.680219e-06	2.458818e-10	-1.266660e+01	1.518744e+01
3.300000e-06	-1.790004e-06	-1.272734e-10	-1.349424e+01	-8.712787e+00
3.310000e-06	-1.899343e-06	-5.110640e-10	-1.431851e+01	-3.370585e+01
3.320000e-06	-2.008234e-06	-9.050382e-10	-1.513940e+01	-5.986849e+01
3.330000e-06	-2.116683e-06	-1.313400e-09	-1.595696e+01	-8.721380e+01
3.340000e-06	-2.224667e-06	-1.741180e-09	-1.677102e+01	-1.156691e+02
3.350000e-06	-2.332215e-06	-2.186581e-09	-1.758179e+01	-1.450634e+02
3.360000e-06	-2.439398e-06	-2.645548e-09	-1.838980e+01	-1.751280e+02
3.370000e-06	-2.546135e-06	-3.115999e-09	-1.919446e+01	-2.055105e+02
3.380000e-06	-2.652311e-06	-3.587940e-09	-1.999488e+01	-2.358014e+02
3.390000e-06	-2.757924e-06	-4.052281e-09	-2.079106e+01	-2.655703e+02
3.400000e-06	-2.862935e-06	-4.497675e-09	-2.158270e+01	-2.944042e+02
3.410000e-06	-2.967353e-06	-4.916335e-09	-2.236987e+01	-3.219455e+02
3.420000e-06	-3.071194e-06	-5.309893e-09	-2.315270e+01	-3.479205e+02
3.430000e-06	-3.174382e-06	-5.678943e-09	-2.393059e+01	-3.721575e+02
3.440000e-06	-3.276818e-06	-6.023123e-09	-2.470283e+01	-3.945905e+02
3.450000e-06	-3.378343e-06	-6.341396e-09	-2.546819e+01	-4.152501e+02
3.460000e-06	-3.478889e-06	-6.636084e-09	-2.622617e+01	-4.342433e+02
3.470000e-06	-3.578648e-06	-6.910148e-09	-2.697822e+01	-4.517273e+02
3.480000e-06	-3.677746e-06	-7.163802e-09	-2.772529e+01	-4.678816e+02
3.490000e-06	-3.776091e-06	-7.397289e-09	-2.846668e+01	-4.828827e+02
3.500000e-06	-3.873639e-06	-7.610730e-09	-2.920206e+01	-4.968858e+02
3.510000e-06	-3.970384e-06	-7.809253e-09	-2.993139e+01	-5.100146e+02
3.520000e-06	-4.066339e-06	-7.998208e-09	-3.065476e+01	-5.223596e+02
3.530000e-06	-4.161615e-06	-8.177589e-09	-3.137301e+01	-5.339831e+02
3.540000e-06	-4.256039e-06	-8.344896e-09	-3.208484e+01	-5.449283e+02
3.550000e-06	-4.349298e-06	-8.502247e-09	-3.278789e+01	-5.552296e+02
3.560000e-06	-4.441328e-06	-8.651700e-09	-3.348168e+01	-5.649218e+02
3.570000e-06	-4.532283e-06	-8.793432e-09	-3.416736e+01	-5.740451e+02
3.580000e-06	-4.622260e-06	-8.926501e-09	-3.484566e+01	-5.826467e+02
3.590000e-06	-4.711239e-06	-9.048112e-09	-3.551644e+01	-5.907788e+02
3.600000e-06	-4.799249e-06	-9.162001e-09	-3.617992e+01	-5.984937e+02
3.610000e-06	-4.886318e-06	-9.272576e-09	-3.683631e+01	-6.058391e+02
3.620000e-06	-4.972251e-06	-9.380360e-09	-3.748412e+01	-6.128540e+02
3.630000e-06	-5.056839e-06	-9.484185e-09	-3.812180e+01	-6.195665e+02
3.640000e-06	-5.140239e-06	-9.583342e-09	-3.875053e+01	-6.259949e+02
3.650000e-06	-5.222639e-06	-9.677858e-09	-3.937171e+01	-6.321500e+02
3.660000e-06	-5.303992e-06	-9.769051e-09	-3.998501e+01	-6.380392e+02
3.670000e-06	-5.384272e-06	-9.854965e-09	-4.059021e+01	-6.436703e+02
3.680000e-06	-5.463446e-06	-9.933954e-09	-4.118708e+01	-6.490548e+02
3.690000e-06	-5.541244e-06	-1.000993e-08	-4.177357e+01	-6.542082e+02
3.700000e-06	-5.617547e-06	-1.008744e-08	-4.234879e+01	-6.591492e+02
3.710000e-06	-5.692470e-06	-1.016469e-08	-4.291361e+01	-6.638978e+02
3.720000e-06	-5.766072e-06	-1.023635e-08	-4.346847e+01	-6.684713e+02
3.730000e-06	-5.838467e-06	-1.030152e-08	-4.401423e+01	-6.728822e+02
3.740000e-06	-5.909681e-06	-1.036427e-08	-4.455109e+01	-6.771363e+02
3.750000e-06	-5.979425e-06	-1.042675e-08	-4.507687e+01	-6.812331e+02
3.760000e-06	-6.047619e-06	-1.048680e-08	-4.559096e+01	-6.851673e+02
3.770000e-06	-6.114553e-06	-1.054292e-08	-4.609555e+01	-6.889321e+02
3.780000e-06	-6.180303e-06	-1.059609e-08	-4.659122e+01	-6.925222e+02
3.790000e-06	-6.244760e-06	-1.064900e-08	-4.707714e+01	-6.959368e+02
3.800000e-06	-6.307955e-06	-1.069998e-08	-4.755354e+01	-6.991810e+02
3.810000e-06	-6.369694e-06	-1.074662e-08	-4.801898e+01	-7.022656e+02
3.820000e-06	-6.429793e-06	-1.078837e-08	-4.847204e+01	-7.052052e+02
3.830000e-06	-6.488496e-06	-1.082953e-08	-4.891458e+01	-7.080154e+02
3.840000e-06	-6.545882e-06	-1.087285e-08	-4.934720e+01	-7.107096e+02
3.850000e-06	-6.601867e-06	-1.091683e-08	-4.976925e+01	-7.132966e+02
3.860000e-06	-6.656449e-06	-1.095646e-08	-5.018072e+01	-7.157792e+02
3.870000e-06	-6.709293e-06	-1.098926e-08	-5.057910e+01	-7.181546e+02
3.880000e-06	-6.760268e-06	-1.101934e-08	-5.096338e+01	-7.204163e+02
3.890000e-06	-6.809576e-06	-1.104767e-08	-5.133510e+01	-7.225568e+02
3.900000e-06	-6.857034e-06	-1.107471e-08	-5.169287e+01	-7.245707e+02
3.910000e-06	-6.902813e-06	-1.110220e-08	-5.203798e+01	-7.264573e+02
3.920000e-06	-6.947255e-06	-1.113148e-08	-5.237301e+01	-7.282214e+02
3.930000e-06	-6.990355e-06	-1.116177e-08	-5.269793e+01	-7.298740e+02
3.940000e-06	-7.032116e-06	-1.118856e-08	-5.301275e+01	-7.314296e+02
3.950000e-06	-7.072485e-06	-1.120956e-08	-5.331708e+01	-7.329042e+02
3.960000e-06	-7.111408e-06	-1.122700e-08	-5.361051e+01	-7.343123e+02
3.970000e-06	-7.148623e-06	-1.124355e-08	-5.389106e+01	-7.356642e+02
3.980000e-06	-7.184140e-06	-1.126183e-08	-5.415881e+01	-7.369647e+02
3.990000e-06	-7.218140e-06	-1.127976e-08	-5.441513e+01	-7.382131e+02
4.000000e-06	-7.250594e-06	-1.129782e-08	-5.465978e+01	-7.394040e+02
4.010000e-06	-7.281498e-06	-1.131571e-08	-5.489276e+01	-7.405299e+02
4.020000e-06	-7.310599e-06	-1.133043e-08	-5.511214e+01	-7.415835e+02
4.030000e-06	-7.338012e-06	-1.134218e-08	-5.531880e+01	-7.425595e+02
4.040000e-06	-7.363977e-06	-1.135302e-08	-5.551454e+01	-7.434562e+02
4.050000e-06	-7.388429e-06	-1.136645e-08	-5.569888e+01	-7.442759e+02
4.060000e-06	-7.411296e-06	-1.138024e-08	-5.587126e+01	-7.450237e+02
4.070000e-06	-7.432350e-06	-1.139166e-08	-5.602998e+01	-7.457063e+02
4.080000e-06	-7.451772e-06	-1.139960e-08	-5.617640e+01	-7.463302e+02
4.090000e-06	-7.469716e-06	-1.140555e-08	-5.631167e+01	-7.469001e+02
4.100000e-06	-7.486077e-06	-1.140881e-08	-5.643501e+01	-7.474181e+02
4.110000e-06	-7.500732e-06	-1.141041e-08	-5.654549e+01	-7.478834e+02
4.120000e-06	-7.513411e-06	-1.141313e-08	-5.664107e+01	-7.482936e+02
4.130000e-06	-7.524275e-06	-1.141923e-08	-5.672297e+01	-7.486451e+02
4.140000e-06	-7.533505e-06	-1.142556e-08	-5.679255e+01	-7.489349e+02
4.150000e-06	-7.541213e-06	-1.142857e-08	-5.685066e+01	-7.491614e+02
4.160000e-06	-7.547269e-06	-1.142885e-08	-5.689632e+01	-7.493245e+02
4.170000e-06	-7.551440e-06	-1.142483e-08	-5.692776e+01	-7.494257e+02
4.180000e-06	-7.553984e-06	-1.142084e-08	-5.694694e+01	-7.494668e+02
4.190000e-06	-7.554981e-06	-1.141714e-08	-5.695446e+01	-7.494496e+02
