# Temperatura_=_47.75
# Concentracion g/m^3_=_18600.0
# C_Vs_to_Am_M_A/Vsm_=_65563218390.804596
# pendiente_HvsI_1/m_=_3716.3
# ordenada_HvsI_A/m_=_1297.0
# frecuencia_Hz_=_238267.27674041755

Tiempo_(s)	Campo_(V.s)	Magnetizacion_(V.s)	Campo_(kA/m)	Magnetizacion_(A/m)
0.000000e+00	-7.601863e-06	-1.035527e-08	-5.695719e+01	-6.817940e+02
1.000000e-08	-7.601410e-06	-1.035198e-08	-5.695380e+01	-6.816827e+02
2.000000e-08	-7.599313e-06	-1.035430e-08	-5.693809e+01	-6.814999e+02
3.000000e-08	-7.595488e-06	-1.035246e-08	-5.690943e+01	-6.812422e+02
4.000000e-08	-7.590067e-06	-1.034459e-08	-5.686881e+01	-6.809102e+02
5.000000e-08	-7.583157e-06	-1.033820e-08	-5.681704e+01	-6.805087e+02
6.000000e-08	-7.574779e-06	-1.033255e-08	-5.675427e+01	-6.800452e+02
7.000000e-08	-7.564776e-06	-1.032147e-08	-5.667931e+01	-6.795289e+02
8.000000e-08	-7.552895e-06	-1.029810e-08	-5.659030e+01	-6.789683e+02
9.000000e-08	-7.539077e-06	-1.029958e-08	-5.648677e+01	-6.783699e+02
1.000000e-07	-7.523040e-06	-1.036592e-08	-5.636661e+01	-6.777370e+02
1.100000e-07	-7.504760e-06	-1.038239e-08	-5.622965e+01	-6.770692e+02
1.200000e-07	-7.484736e-06	-1.034613e-08	-5.607962e+01	-6.763633e+02
1.300000e-07	-7.463322e-06	-1.029376e-08	-5.591917e+01	-6.756138e+02
1.400000e-07	-7.440677e-06	-1.017385e-08	-5.574950e+01	-6.748146e+02
1.500000e-07	-7.416692e-06	-1.023600e-08	-5.556979e+01	-6.739596e+02
1.600000e-07	-7.391005e-06	-1.030630e-08	-5.537733e+01	-6.730437e+02
1.700000e-07	-7.363600e-06	-1.014527e-08	-5.517200e+01	-6.720628e+02
1.800000e-07	-7.334728e-06	-1.022156e-08	-5.495568e+01	-6.710138e+02
1.900000e-07	-7.304351e-06	-1.025945e-08	-5.472807e+01	-6.698937e+02
2.000000e-07	-7.272512e-06	-1.010155e-08	-5.448952e+01	-6.686998e+02
2.100000e-07	-7.239176e-06	-1.016446e-08	-5.423975e+01	-6.674293e+02
2.200000e-07	-7.204027e-06	-1.011912e-08	-5.397640e+01	-6.660799e+02
2.300000e-07	-7.167183e-06	-1.001087e-08	-5.370034e+01	-6.646507e+02
2.400000e-07	-7.128829e-06	-1.008407e-08	-5.341297e+01	-6.631425e+02
2.500000e-07	-7.088902e-06	-1.008473e-08	-5.311382e+01	-6.615592e+02
2.600000e-07	-7.047405e-06	-1.007108e-08	-5.280290e+01	-6.599072e+02
2.700000e-07	-7.004188e-06	-1.003712e-08	-5.247909e+01	-6.581951e+02
2.800000e-07	-6.959272e-06	-9.947615e-09	-5.214256e+01	-6.564323e+02
2.900000e-07	-6.912847e-06	-9.952702e-09	-5.179472e+01	-6.546273e+02
3.000000e-07	-6.864825e-06	-9.937566e-09	-5.143491e+01	-6.527856e+02
3.100000e-07	-6.815092e-06	-9.904976e-09	-5.106229e+01	-6.509086e+02
3.200000e-07	-6.763583e-06	-9.878910e-09	-5.067636e+01	-6.489924e+02
3.300000e-07	-6.710307e-06	-9.869546e-09	-5.027718e+01	-6.470292e+02
3.400000e-07	-6.655513e-06	-9.858324e-09	-4.986664e+01	-6.450080e+02
3.500000e-07	-6.599349e-06	-9.792359e-09	-4.944582e+01	-6.429176e+02
3.600000e-07	-6.541714e-06	-9.746656e-09	-4.901400e+01	-6.407484e+02
3.700000e-07	-6.482447e-06	-9.679789e-09	-4.856994e+01	-6.384952e+02
3.800000e-07	-6.421627e-06	-9.656062e-09	-4.811424e+01	-6.361575e+02
3.900000e-07	-6.359527e-06	-9.677460e-09	-4.764896e+01	-6.337401e+02
4.000000e-07	-6.296148e-06	-9.638807e-09	-4.717408e+01	-6.312512e+02
4.100000e-07	-6.231373e-06	-9.588887e-09	-4.668875e+01	-6.287002e+02
4.200000e-07	-6.165176e-06	-9.535793e-09	-4.619277e+01	-6.260949e+02
4.300000e-07	-6.097446e-06	-9.497759e-09	-4.568530e+01	-6.234392e+02
4.400000e-07	-6.028212e-06	-9.452802e-09	-4.516657e+01	-6.207315e+02
4.500000e-07	-5.957639e-06	-9.392628e-09	-4.463779e+01	-6.179649e+02
4.600000e-07	-5.885762e-06	-9.352507e-09	-4.409925e+01	-6.151282e+02
4.700000e-07	-5.812578e-06	-9.327356e-09	-4.355092e+01	-6.122086e+02
4.800000e-07	-5.738012e-06	-9.313304e-09	-4.299223e+01	-6.091941e+02
4.900000e-07	-5.661940e-06	-9.258508e-09	-4.242226e+01	-6.060766e+02
5.000000e-07	-5.584308e-06	-9.178248e-09	-4.184060e+01	-6.028529e+02
5.100000e-07	-5.505254e-06	-9.113711e-09	-4.124828e+01	-5.995254e+02
5.200000e-07	-5.424919e-06	-9.070552e-09	-4.064637e+01	-5.961009e+02
5.300000e-07	-5.343315e-06	-9.032614e-09	-4.003495e+01	-5.925882e+02
5.400000e-07	-5.260535e-06	-8.976878e-09	-3.941472e+01	-5.889956e+02
5.500000e-07	-5.176666e-06	-8.919881e-09	-3.878633e+01	-5.853282e+02
5.600000e-07	-5.091719e-06	-8.867364e-09	-3.814986e+01	-5.815866e+02
5.700000e-07	-5.005837e-06	-8.817085e-09	-3.750639e+01	-5.777665e+02
5.800000e-07	-4.919075e-06	-8.753184e-09	-3.685632e+01	-5.738594e+02
5.900000e-07	-4.831351e-06	-8.672019e-09	-3.619905e+01	-5.698555e+02
6.000000e-07	-4.742561e-06	-8.602964e-09	-3.553378e+01	-5.657454e+02
6.100000e-07	-4.652727e-06	-8.554995e-09	-3.486070e+01	-5.615228e+02
6.200000e-07	-4.561836e-06	-8.504529e-09	-3.417970e+01	-5.571856e+02
6.300000e-07	-4.469808e-06	-8.430696e-09	-3.349017e+01	-5.527360e+02
6.400000e-07	-4.376748e-06	-8.345753e-09	-3.279292e+01	-5.481791e+02
6.500000e-07	-4.282776e-06	-8.274124e-09	-3.208883e+01	-5.435209e+02
6.600000e-07	-4.187939e-06	-8.214149e-09	-3.137826e+01	-5.387658e+02
6.700000e-07	-4.092219e-06	-8.145695e-09	-3.066108e+01	-5.339144e+02
6.800000e-07	-3.995555e-06	-8.064569e-09	-2.993682e+01	-5.289627e+02
6.900000e-07	-3.898042e-06	-7.985043e-09	-2.920620e+01	-5.239026e+02
7.000000e-07	-3.799784e-06	-7.912539e-09	-2.847000e+01	-5.187234e+02
7.100000e-07	-3.700596e-06	-7.834702e-09	-2.772683e+01	-5.134141e+02
7.200000e-07	-3.600366e-06	-7.743021e-09	-2.697585e+01	-5.079660e+02
7.300000e-07	-3.499211e-06	-7.647804e-09	-2.621795e+01	-5.023745e+02
7.400000e-07	-3.397335e-06	-7.566227e-09	-2.545464e+01	-4.966395e+02
7.500000e-07	-3.294838e-06	-7.494423e-09	-2.468668e+01	-4.907649e+02
7.600000e-07	-3.191623e-06	-7.411410e-09	-2.391333e+01	-4.847562e+02
7.700000e-07	-3.087576e-06	-7.309669e-09	-2.313376e+01	-4.786176e+02
7.800000e-07	-2.982724e-06	-7.205134e-09	-2.234815e+01	-4.723497e+02
7.900000e-07	-2.877234e-06	-7.108225e-09	-2.155776e+01	-4.659474e+02
8.000000e-07	-2.771254e-06	-7.011421e-09	-2.076370e+01	-4.594000e+02
8.100000e-07	-2.664668e-06	-6.907456e-09	-1.996511e+01	-4.526927e+02
8.200000e-07	-2.557260e-06	-6.799531e-09	-1.916035e+01	-4.458095e+02
8.300000e-07	-2.449133e-06	-6.696623e-09	-1.835020e+01	-4.387360e+02
8.400000e-07	-2.340431e-06	-6.595248e-09	-1.753575e+01	-4.314631e+02
8.500000e-07	-2.231242e-06	-6.483830e-09	-1.671765e+01	-4.239884e+02
8.600000e-07	-2.121665e-06	-6.358301e-09	-1.589664e+01	-4.163155e+02
8.700000e-07	-2.011723e-06	-6.226945e-09	-1.507290e+01	-4.084524e+02
8.800000e-07	-1.901434e-06	-6.102520e-09	-1.424655e+01	-4.004072e+02
8.900000e-07	-1.790781e-06	-5.984573e-09	-1.341748e+01	-3.921838e+02
9.000000e-07	-1.679770e-06	-5.860653e-09	-1.258573e+01	-3.837786e+02
9.100000e-07	-1.568329e-06	-5.727489e-09	-1.175076e+01	-3.751777e+02
9.200000e-07	-1.456411e-06	-5.590616e-09	-1.091220e+01	-3.663582e+02
9.300000e-07	-1.344125e-06	-5.452677e-09	-1.007090e+01	-3.572904e+02
9.400000e-07	-1.231582e-06	-5.308282e-09	-9.227668e+00	-3.479428e+02
9.500000e-07	-1.118821e-06	-5.151312e-09	-8.382804e+00	-3.382870e+02
9.600000e-07	-1.005841e-06	-4.990610e-09	-7.536297e+00	-3.283024e+02
9.700000e-07	-8.926185e-07	-4.835322e-09	-6.687971e+00	-3.179784e+02
9.800000e-07	-7.791850e-07	-4.683053e-09	-5.838068e+00	-3.073135e+02
9.900000e-07	-6.656571e-07	-4.522330e-09	-4.987456e+00	-2.963113e+02
1.000000e-06	-5.520432e-07	-4.348734e-09	-4.136201e+00	-2.849752e+02
1.010000e-06	-4.383236e-07	-4.168414e-09	-3.284153e+00	-2.733010e+02
1.020000e-06	-3.245016e-07	-3.983765e-09	-2.431338e+00	-2.612719e+02
1.030000e-06	-2.105726e-07	-3.792766e-09	-1.577722e+00	-2.488554e+02
1.040000e-06	-9.659410e-08	-3.592962e-09	-7.237343e-01	-2.360045e+02
1.050000e-06	1.744041e-08	-3.387468e-09	1.306728e-01	-2.226623e+02
1.060000e-06	1.314847e-07	-3.179593e-09	9.851532e-01	-2.087700e+02
1.070000e-06	2.454712e-07	-2.966060e-09	1.839201e+00	-1.942754e+02
1.080000e-06	3.594356e-07	-2.739600e-09	2.693082e+00	-1.791396e+02
1.090000e-06	4.733281e-07	-2.497247e-09	3.546425e+00	-1.633412e+02
1.100000e-06	5.871320e-07	-2.243227e-09	4.399105e+00	-1.468741e+02
1.110000e-06	7.008739e-07	-1.982813e-09	5.251319e+00	-1.297407e+02
1.120000e-06	8.144406e-07	-1.712966e-09	6.102221e+00	-1.119416e+02
1.130000e-06	9.278517e-07	-1.430573e-09	6.951957e+00	-9.346288e+01
1.140000e-06	1.041132e-06	-1.135467e-09	7.800717e+00	-7.426631e+01
1.150000e-06	1.154168e-06	-8.294757e-10	8.647639e+00	-5.428445e+01
1.160000e-06	1.266843e-06	-5.122031e-10	9.491864e+00	-3.342392e+01
1.170000e-06	1.379135e-06	-1.757018e-10	1.033321e+01	-1.157775e+01
1.180000e-06	1.491106e-06	1.801803e-10	1.117216e+01	1.135412e+01
1.190000e-06	1.602708e-06	5.502710e-10	1.200834e+01	3.543910e+01
1.200000e-06	1.713894e-06	9.324837e-10	1.284140e+01	6.068523e+01
1.210000e-06	1.824664e-06	1.329421e-09	1.367135e+01	8.701887e+01
1.220000e-06	1.935008e-06	1.741542e-09	1.449810e+01	1.142714e+02
1.230000e-06	2.044984e-06	2.167519e-09	1.532211e+01	1.421784e+02
1.240000e-06	2.154653e-06	2.599216e-09	1.614381e+01	1.703937e+02
1.250000e-06	2.263958e-06	3.027864e-09	1.696278e+01	1.985147e+02
1.260000e-06	2.372817e-06	3.450348e-09	1.777841e+01	2.261190e+02
1.270000e-06	2.481125e-06	3.858920e-09	1.858991e+01	2.528032e+02
1.280000e-06	2.588701e-06	4.244380e-09	1.939592e+01	2.782211e+02
1.290000e-06	2.695515e-06	4.599891e-09	2.019623e+01	3.021130e+02
1.300000e-06	2.801688e-06	4.926713e-09	2.099173e+01	3.243234e+02
1.310000e-06	2.907331e-06	5.232130e-09	2.178326e+01	3.448043e+02
1.320000e-06	3.012391e-06	5.516082e-09	2.257043e+01	3.636041e+02
1.330000e-06	3.116689e-06	5.774763e-09	2.335189e+01	3.808464e+02
1.340000e-06	3.220204e-06	6.012126e-09	2.412748e+01	3.967015e+02
1.350000e-06	3.322980e-06	6.233876e-09	2.489753e+01	4.113569e+02
1.360000e-06	3.425089e-06	6.442892e-09	2.566258e+01	4.249912e+02
1.370000e-06	3.526620e-06	6.638945e-09	2.642331e+01	4.377557e+02
1.380000e-06	3.627492e-06	6.819662e-09	2.717910e+01	4.497651e+02
1.390000e-06	3.727391e-06	6.987097e-09	2.792759e+01	4.610972e+02
1.400000e-06	3.826228e-06	7.147013e-09	2.866813e+01	4.718001e+02
1.410000e-06	3.924204e-06	7.300199e-09	2.940222e+01	4.819032e+02
1.420000e-06	4.021334e-06	7.444902e-09	3.012997e+01	4.914294e+02
1.430000e-06	4.117491e-06	7.579517e-09	3.085043e+01	5.004049e+02
1.440000e-06	4.212727e-06	7.705936e-09	3.156399e+01	5.088648e+02
1.450000e-06	4.307101e-06	7.829473e-09	3.227109e+01	5.168539e+02
1.460000e-06	4.400653e-06	7.950434e-09	3.297203e+01	5.244233e+02
1.470000e-06	4.493379e-06	8.064084e-09	3.366678e+01	5.316246e+02
1.480000e-06	4.585028e-06	8.167373e-09	3.435347e+01	5.385037e+02
1.490000e-06	4.675495e-06	8.264225e-09	3.503129e+01	5.450957e+02
1.500000e-06	4.764871e-06	8.359147e-09	3.570094e+01	5.514234e+02
1.510000e-06	4.853169e-06	8.451665e-09	3.636252e+01	5.574976e+02
1.520000e-06	4.940404e-06	8.538850e-09	3.701613e+01	5.633217e+02
1.530000e-06	5.026571e-06	8.621918e-09	3.766174e+01	5.688962e+02
1.540000e-06	5.111753e-06	8.704608e-09	3.829997e+01	5.742244e+02
1.550000e-06	5.195869e-06	8.786208e-09	3.893021e+01	5.793152e+02
1.560000e-06	5.278734e-06	8.862528e-09	3.955108e+01	5.841852e+02
1.570000e-06	5.360345e-06	8.932249e-09	4.016255e+01	5.888566e+02
1.580000e-06	5.440763e-06	8.998936e-09	4.076509e+01	5.933543e+02
1.590000e-06	5.520015e-06	9.064604e-09	4.135888e+01	5.977015e+02
1.600000e-06	5.598026e-06	9.128959e-09	4.194338e+01	6.019157e+02
1.610000e-06	5.674776e-06	9.190169e-09	4.251843e+01	6.060062e+02
1.620000e-06	5.750144e-06	9.249046e-09	4.308313e+01	6.099737e+02
1.630000e-06	5.824060e-06	9.307502e-09	4.363695e+01	6.138118e+02
1.640000e-06	5.896624e-06	9.364608e-09	4.418064e+01	6.175105e+02
1.650000e-06	5.967847e-06	9.420499e-09	4.471428e+01	6.210603e+02
1.660000e-06	6.037769e-06	9.474326e-09	4.523817e+01	6.244558e+02
1.670000e-06	6.106496e-06	9.526263e-09	4.575311e+01	6.276978e+02
1.680000e-06	6.173893e-06	9.575595e-09	4.625809e+01	6.307940e+02
1.690000e-06	6.239808e-06	9.622236e-09	4.675195e+01	6.337572e+02
1.700000e-06	6.304311e-06	9.665724e-09	4.723525e+01	6.366027e+02
1.710000e-06	6.367505e-06	9.707152e-09	4.770873e+01	6.393443e+02
1.720000e-06	6.429462e-06	9.750133e-09	4.817294e+01	6.419920e+02
1.730000e-06	6.490191e-06	9.792694e-09	4.862795e+01	6.445495e+02
1.740000e-06	6.549465e-06	9.833167e-09	4.907207e+01	6.470147e+02
1.750000e-06	6.607097e-06	9.870480e-09	4.950388e+01	6.493809e+02
1.760000e-06	6.663189e-06	9.905138e-09	4.992415e+01	6.516396e+02
1.770000e-06	6.717819e-06	9.938654e-09	5.033347e+01	6.537836e+02
1.780000e-06	6.770930e-06	9.971389e-09	5.073141e+01	6.558097e+02
1.790000e-06	6.822299e-06	1.000230e-08	5.111629e+01	6.577202e+02
1.800000e-06	6.871791e-06	1.003141e-08	5.148710e+01	6.595232e+02
1.810000e-06	6.919624e-06	1.006048e-08	5.184550e+01	6.612306e+02
1.820000e-06	6.965968e-06	1.009072e-08	5.219273e+01	6.628562e+02
1.830000e-06	7.010862e-06	1.011822e-08	5.252910e+01	6.644128e+02
1.840000e-06	7.054237e-06	1.014111e-08	5.285409e+01	6.659094e+02
1.850000e-06	7.095886e-06	1.016293e-08	5.316615e+01	6.673504e+02
1.860000e-06	7.135931e-06	1.018423e-08	5.346618e+01	6.687352e+02
1.870000e-06	7.174496e-06	1.020541e-08	5.375514e+01	6.700593e+02
1.880000e-06	7.211584e-06	1.022568e-08	5.403301e+01	6.713165e+02
1.890000e-06	7.247113e-06	1.024444e-08	5.429922e+01	6.725010e+02
1.900000e-06	7.280892e-06	1.026429e-08	5.455231e+01	6.736093e+02
1.910000e-06	7.313030e-06	1.028344e-08	5.479310e+01	6.746409e+02
1.920000e-06	7.343650e-06	1.029958e-08	5.502252e+01	6.755989e+02
1.930000e-06	7.372823e-06	1.031359e-08	5.524111e+01	6.764883e+02
1.940000e-06	7.400457e-06	1.032491e-08	5.544816e+01	6.773149e+02
1.950000e-06	7.426279e-06	1.033677e-08	5.564162e+01	6.780834e+02
1.960000e-06	7.450333e-06	1.035008e-08	5.582185e+01	6.787962e+02
1.970000e-06	7.472807e-06	1.036329e-08	5.599023e+01	6.794534e+02
1.980000e-06	7.493811e-06	1.037513e-08	5.614761e+01	6.800525e+02
1.990000e-06	7.513320e-06	1.038455e-08	5.629379e+01	6.805903e+02
2.000000e-06	7.531126e-06	1.039336e-08	5.642720e+01	6.810641e+02
2.010000e-06	7.547193e-06	1.040027e-08	5.654758e+01	6.814730e+02
2.020000e-06	7.561546e-06	1.040576e-08	5.665511e+01	6.818185e+02
2.030000e-06	7.574188e-06	1.041007e-08	5.674984e+01	6.821050e+02
2.040000e-06	7.584942e-06	1.041525e-08	5.683041e+01	6.823379e+02
2.050000e-06	7.593733e-06	1.042322e-08	5.689628e+01	6.825231e+02
2.060000e-06	7.600846e-06	1.043298e-08	5.694957e+01	6.826646e+02
2.070000e-06	7.606429e-06	1.044083e-08	5.699140e+01	6.827634e+02
2.080000e-06	7.610421e-06	1.044161e-08	5.702131e+01	6.828171e+02
2.090000e-06	7.612639e-06	1.043887e-08	5.703794e+01	6.828200e+02
2.100000e-06	7.613115e-06	1.043763e-08	5.704150e+01	6.827645e+02
2.110000e-06	7.611960e-06	1.043512e-08	5.703285e+01	6.826427e+02
2.120000e-06	7.609286e-06	1.042791e-08	5.701281e+01	6.824487e+02
2.130000e-06	7.605142e-06	1.042570e-08	5.698176e+01	6.821796e+02
2.140000e-06	7.599254e-06	1.042585e-08	5.693765e+01	6.818368e+02
2.150000e-06	7.591653e-06	1.042458e-08	5.688069e+01	6.814253e+02
2.160000e-06	7.582655e-06	1.042175e-08	5.681328e+01	6.809533e+02
2.170000e-06	7.572242e-06	1.042606e-08	5.673526e+01	6.804297e+02
2.180000e-06	7.560164e-06	1.042708e-08	5.664476e+01	6.798630e+02
2.190000e-06	7.546102e-06	1.034191e-08	5.653940e+01	6.792593e+02
2.200000e-06	7.529817e-06	1.028142e-08	5.641739e+01	6.786211e+02
2.210000e-06	7.511282e-06	1.029086e-08	5.627851e+01	6.779478e+02
2.220000e-06	7.490674e-06	1.032368e-08	5.612411e+01	6.772356e+02
2.230000e-06	7.468488e-06	1.044078e-08	5.595788e+01	6.764790e+02
2.240000e-06	7.445351e-06	1.033326e-08	5.578453e+01	6.756717e+02
2.250000e-06	7.421043e-06	1.024068e-08	5.560239e+01	6.748078e+02
2.260000e-06	7.394977e-06	1.038358e-08	5.540709e+01	6.738824e+02
2.270000e-06	7.367539e-06	1.025033e-08	5.520152e+01	6.728914e+02
2.280000e-06	7.338626e-06	1.023714e-08	5.498489e+01	6.718318e+02
2.290000e-06	7.307671e-06	1.039120e-08	5.475295e+01	6.707007e+02
2.300000e-06	7.275046e-06	1.022569e-08	5.450851e+01	6.694954e+02
2.310000e-06	7.240940e-06	1.024674e-08	5.425297e+01	6.682131e+02
2.320000e-06	7.205353e-06	1.033477e-08	5.398633e+01	6.668517e+02
2.330000e-06	7.168334e-06	1.018836e-08	5.370896e+01	6.654104e+02
2.340000e-06	7.129483e-06	1.019656e-08	5.341787e+01	6.638906e+02
2.350000e-06	7.088849e-06	1.011104e-08	5.311342e+01	6.622965e+02
2.360000e-06	7.046753e-06	1.008414e-08	5.279801e+01	6.606348e+02
2.370000e-06	7.003193e-06	1.018728e-08	5.247164e+01	6.589144e+02
2.380000e-06	6.958188e-06	1.005092e-08	5.213444e+01	6.571447e+02
2.390000e-06	6.911517e-06	1.005714e-08	5.178475e+01	6.553339e+02
2.400000e-06	6.863212e-06	1.004121e-08	5.142283e+01	6.534869e+02
2.410000e-06	6.813421e-06	9.955976e-09	5.104976e+01	6.516042e+02
2.420000e-06	6.761946e-06	9.962929e-09	5.066409e+01	6.496815e+02
2.430000e-06	6.708809e-06	9.875433e-09	5.026596e+01	6.477102e+02
2.440000e-06	6.653987e-06	9.892538e-09	4.985521e+01	6.456793e+02
2.450000e-06	6.597655e-06	9.862560e-09	4.943314e+01	6.435775e+02
2.460000e-06	6.539992e-06	9.835731e-09	4.900109e+01	6.413959e+02
2.470000e-06	6.480849e-06	9.836276e-09	4.855796e+01	6.391298e+02
2.480000e-06	6.420236e-06	9.717917e-09	4.810382e+01	6.367796e+02
2.490000e-06	6.358011e-06	9.708053e-09	4.763760e+01	6.343509e+02
2.500000e-06	6.294260e-06	9.658740e-09	4.715994e+01	6.318520e+02
2.510000e-06	6.229254e-06	9.629845e-09	4.667288e+01	6.292924e+02
2.520000e-06	6.162887e-06	9.612414e-09	4.617562e+01	6.266793e+02
2.530000e-06	6.095035e-06	9.536880e-09	4.566724e+01	6.240160e+02
2.540000e-06	6.025733e-06	9.529784e-09	4.514799e+01	6.213000e+02
2.550000e-06	5.954985e-06	9.464145e-09	4.461791e+01	6.185235e+02
2.560000e-06	5.882805e-06	9.420391e-09	4.407710e+01	6.156751e+02
2.570000e-06	5.809321e-06	9.356369e-09	4.352652e+01	6.127419e+02
2.580000e-06	5.734441e-06	9.303767e-09	4.296548e+01	6.097123e+02
2.590000e-06	5.658058e-06	9.292541e-09	4.239317e+01	6.065788e+02
2.600000e-06	5.580313e-06	9.237036e-09	4.181067e+01	6.033392e+02
2.610000e-06	5.501217e-06	9.188916e-09	4.121804e+01	5.999966e+02
2.620000e-06	5.420842e-06	9.107909e-09	4.061582e+01	5.965582e+02
2.630000e-06	5.339392e-06	9.055291e-09	4.000556e+01	5.930330e+02
2.640000e-06	5.256867e-06	9.012335e-09	3.938724e+01	5.894288e+02
2.650000e-06	5.173142e-06	8.959317e-09	3.875993e+01	5.857503e+02
2.660000e-06	5.088260e-06	8.900477e-09	3.812395e+01	5.819973e+02
2.670000e-06	5.002214e-06	8.831655e-09	3.747924e+01	5.781646e+02
2.680000e-06	4.914928e-06	8.786348e-09	3.682525e+01	5.742436e+02
2.690000e-06	4.826600e-06	8.724902e-09	3.616345e+01	5.702242e+02
2.700000e-06	4.737378e-06	8.650225e-09	3.549495e+01	5.660975e+02
2.710000e-06	4.647200e-06	8.568540e-09	3.481929e+01	5.618576e+02
2.720000e-06	4.555971e-06	8.507647e-09	3.413575e+01	5.575032e+02
2.730000e-06	4.463783e-06	8.458490e-09	3.344503e+01	5.530371e+02
2.740000e-06	4.370718e-06	8.395305e-09	3.274774e+01	5.484646e+02
2.750000e-06	4.276637e-06	8.316168e-09	3.204283e+01	5.437916e+02
2.760000e-06	4.181438e-06	8.231570e-09	3.132956e+01	5.390220e+02
2.770000e-06	4.085223e-06	8.158381e-09	3.060866e+01	5.341558e+02
2.780000e-06	3.988230e-06	8.084675e-09	2.988194e+01	5.291884e+02
2.790000e-06	3.890521e-06	8.005240e-09	2.914985e+01	5.241111e+02
2.800000e-06	3.791895e-06	7.918124e-09	2.841089e+01	5.189130e+02
2.810000e-06	3.692332e-06	7.840149e-09	2.766491e+01	5.135833e+02
2.820000e-06	3.592011e-06	7.766225e-09	2.691325e+01	5.081137e+02
2.830000e-06	3.490933e-06	7.683633e-09	2.615592e+01	5.025005e+02
2.840000e-06	3.389042e-06	7.584023e-09	2.539250e+01	4.967442e+02
2.850000e-06	3.286240e-06	7.483242e-09	2.462225e+01	4.908491e+02
2.860000e-06	3.182538e-06	7.397800e-09	2.384527e+01	4.848206e+02
2.870000e-06	3.078124e-06	7.315074e-09	2.306294e+01	4.786626e+02
2.880000e-06	2.973148e-06	7.220919e-09	2.227640e+01	4.723749e+02
2.890000e-06	2.867634e-06	7.113389e-09	2.148584e+01	4.659515e+02
2.900000e-06	2.761502e-06	7.010211e-09	2.069064e+01	4.593811e+02
2.910000e-06	2.654704e-06	6.912025e-09	1.989046e+01	4.526484e+02
2.920000e-06	2.547337e-06	6.809177e-09	1.908600e+01	4.457373e+02
2.930000e-06	2.439512e-06	6.693982e-09	1.827812e+01	4.386343e+02
2.940000e-06	2.331233e-06	6.577478e-09	1.746683e+01	4.313311e+02
2.950000e-06	2.222497e-06	6.468620e-09	1.665213e+01	4.238261e+02
2.960000e-06	2.113206e-06	6.362873e-09	1.583326e+01	4.161241e+02
2.970000e-06	2.003332e-06	6.249136e-09	1.501002e+01	4.082332e+02
2.980000e-06	1.893002e-06	6.120199e-09	1.418338e+01	4.001610e+02
2.990000e-06	1.782283e-06	5.990185e-09	1.335381e+01	3.919108e+02
3.000000e-06	1.671194e-06	5.864107e-09	1.252148e+01	3.834772e+02
3.010000e-06	1.559768e-06	5.735445e-09	1.168661e+01	3.748452e+02
3.020000e-06	1.447995e-06	5.595625e-09	1.084915e+01	3.659903e+02
3.030000e-06	1.335885e-06	5.450446e-09	1.000916e+01	3.568825e+02
3.040000e-06	1.223521e-06	5.312238e-09	9.167269e+00	3.474902e+02
3.050000e-06	1.110959e-06	5.175934e-09	8.323892e+00	3.377861e+02
3.060000e-06	9.981785e-07	5.028368e-09	7.478883e+00	3.277510e+02
3.070000e-06	8.851895e-07	4.864833e-09	6.632310e+00	3.173757e+02
3.080000e-06	7.719312e-07	4.696248e-09	5.783719e+00	3.066598e+02
3.090000e-06	6.583683e-07	4.527724e-09	4.932845e+00	2.956073e+02
3.100000e-06	5.446554e-07	4.354735e-09	4.080848e+00	2.842209e+02
3.110000e-06	4.307914e-07	4.171264e-09	3.227718e+00	2.724949e+02
3.120000e-06	3.167711e-07	3.982281e-09	2.373417e+00	2.604101e+02
3.130000e-06	2.026660e-07	3.795996e-09	1.518481e+00	2.479316e+02
3.140000e-06	8.845747e-08	3.606763e-09	6.627703e-01	2.350107e+02
3.150000e-06	-2.576181e-08	3.401734e-09	-1.930212e-01	2.215896e+02
3.160000e-06	-1.399263e-07	3.177568e-09	-1.048402e+00	2.076100e+02
3.170000e-06	-2.540905e-07	2.944294e-09	-1.903781e+00	1.930211e+02
3.180000e-06	-3.682250e-07	2.709197e-09	-2.758937e+00	1.777869e+02
3.190000e-06	-4.822342e-07	2.471744e-09	-3.613154e+00	1.618882e+02
3.200000e-06	-5.960818e-07	2.224311e-09	-4.466161e+00	1.453207e+02
3.210000e-06	-7.097592e-07	1.963411e-09	-5.317893e+00	1.280876e+02
3.220000e-06	-8.232664e-07	1.691364e-09	-6.168349e+00	1.101879e+02
3.230000e-06	-9.364844e-07	1.407043e-09	-7.016639e+00	9.160454e+01
3.240000e-06	-1.049323e-06	1.107490e-09	-7.862086e+00	7.229512e+01
3.250000e-06	-1.161836e-06	7.927858e-10	-8.705092e+00	5.218785e+01
3.260000e-06	-1.274047e-06	4.675166e-10	-9.545833e+00	3.118631e+01
3.270000e-06	-1.385972e-06	1.357292e-10	-1.038444e+01	9.183099e+00
3.280000e-06	-1.497630e-06	-2.070588e-10	-1.122104e+01	-1.391868e+01
3.290000e-06	-1.608980e-06	-5.704470e-10	-1.205533e+01	-3.817917e+01
3.300000e-06	-1.719918e-06	-9.586347e-10	-1.288654e+01	-6.359543e+01
3.310000e-06	-1.830446e-06	-1.366299e-09	-1.371467e+01	-9.008012e+01
3.320000e-06	-1.940491e-06	-1.784950e-09	-1.453919e+01	-1.174499e+02
3.330000e-06	-2.049964e-06	-2.213330e-09	-1.535942e+01	-1.454271e+02
3.340000e-06	-2.158906e-06	-2.649358e-09	-1.617567e+01	-1.736549e+02
3.350000e-06	-2.267394e-06	-3.084464e-09	-1.698852e+01	-2.017255e+02
3.360000e-06	-2.375465e-06	-3.505410e-09	-1.779825e+01	-2.292165e+02
3.370000e-06	-2.483100e-06	-3.907369e-09	-1.860470e+01	-2.557311e+02
3.380000e-06	-2.590211e-06	-4.292469e-09	-1.940724e+01	-2.809343e+02
3.390000e-06	-2.696730e-06	-4.658103e-09	-2.020533e+01	-3.045813e+02
3.400000e-06	-2.802701e-06	-4.999807e-09	-2.099932e+01	-3.265329e+02
3.410000e-06	-2.908142e-06	-5.313939e-09	-2.178934e+01	-3.467564e+02
3.420000e-06	-3.013005e-06	-5.601272e-09	-2.257503e+01	-3.653133e+02
3.430000e-06	-3.117278e-06	-5.863623e-09	-2.335630e+01	-3.823361e+02
3.440000e-06	-3.220886e-06	-6.105337e-09	-2.413259e+01	-3.979993e+02
3.450000e-06	-3.323630e-06	-6.329770e-09	-2.490240e+01	-4.124907e+02
3.460000e-06	-3.425459e-06	-6.538325e-09	-2.566535e+01	-4.259858e+02
3.470000e-06	-3.526445e-06	-6.734493e-09	-2.642200e+01	-4.386307e+02
3.480000e-06	-3.626734e-06	-6.919005e-09	-2.717342e+01	-4.505345e+02
3.490000e-06	-3.726327e-06	-7.091563e-09	-2.791962e+01	-4.617698e+02
3.500000e-06	-3.825038e-06	-7.253885e-09	-2.865922e+01	-4.723812e+02
3.510000e-06	-3.922819e-06	-7.405909e-09	-2.939184e+01	-4.823964e+02
3.520000e-06	-4.019787e-06	-7.547797e-09	-3.011838e+01	-4.918383e+02
3.530000e-06	-4.116053e-06	-7.679903e-09	-3.083966e+01	-5.007340e+02
3.540000e-06	-4.211569e-06	-7.806128e-09	-3.155531e+01	-5.091204e+02
3.550000e-06	-4.306068e-06	-7.926097e-09	-3.226334e+01	-5.170432e+02
3.560000e-06	-4.399440e-06	-8.040189e-09	-3.296294e+01	-5.245543e+02
3.570000e-06	-4.491853e-06	-8.151204e-09	-3.365535e+01	-5.317046e+02
3.580000e-06	-4.583266e-06	-8.259657e-09	-3.434026e+01	-5.385387e+02
3.590000e-06	-4.673574e-06	-8.364122e-09	-3.501689e+01	-5.450901e+02
3.600000e-06	-4.762778e-06	-8.459848e-09	-3.568526e+01	-5.513793e+02
3.610000e-06	-4.851013e-06	-8.546360e-09	-3.634636e+01	-5.574160e+02
3.620000e-06	-4.938274e-06	-8.627251e-09	-3.700017e+01	-5.632027e+02
3.630000e-06	-5.024317e-06	-8.707348e-09	-3.764485e+01	-5.687400e+02
3.640000e-06	-5.109160e-06	-8.789745e-09	-3.828054e+01	-5.740319e+02
3.650000e-06	-5.192885e-06	-8.870448e-09	-3.890786e+01	-5.790885e+02
3.660000e-06	-5.275458e-06	-8.946548e-09	-3.952653e+01	-5.839272e+02
3.670000e-06	-5.356917e-06	-9.020961e-09	-4.013687e+01	-5.885710e+02
3.680000e-06	-5.437304e-06	-9.092294e-09	-4.073917e+01	-5.930448e+02
3.690000e-06	-5.516599e-06	-9.156940e-09	-4.133329e+01	-5.973712e+02
3.700000e-06	-5.594642e-06	-9.215361e-09	-4.191803e+01	-6.015666e+02
3.710000e-06	-5.671237e-06	-9.273130e-09	-4.249192e+01	-6.056389e+02
3.720000e-06	-5.746361e-06	-9.334865e-09	-4.305478e+01	-6.095876e+02
3.730000e-06	-5.820066e-06	-9.396249e-09	-4.360702e+01	-6.134055e+02
3.740000e-06	-5.892497e-06	-9.451128e-09	-4.414972e+01	-6.170825e+02
3.750000e-06	-5.963744e-06	-9.502454e-09	-4.468353e+01	-6.206095e+02
3.760000e-06	-6.033595e-06	-9.554043e-09	-4.520690e+01	-6.239817e+02
3.770000e-06	-6.101969e-06	-9.604823e-09	-4.571919e+01	-6.272013e+02
3.780000e-06	-6.169016e-06	-9.651504e-09	-4.622155e+01	-6.302768e+02
3.790000e-06	-6.234779e-06	-9.692329e-09	-4.671428e+01	-6.332215e+02
3.800000e-06	-6.299242e-06	-9.730559e-09	-4.719727e+01	-6.360506e+02
3.810000e-06	-6.362369e-06	-9.770261e-09	-4.767025e+01	-6.387777e+02
3.820000e-06	-6.424034e-06	-9.810480e-09	-4.813227e+01	-6.414118e+02
3.830000e-06	-6.484176e-06	-9.849222e-09	-4.858289e+01	-6.439559e+02
3.840000e-06	-6.542918e-06	-9.886732e-09	-4.902301e+01	-6.464068e+02
3.850000e-06	-6.600248e-06	-9.923608e-09	-4.945256e+01	-6.487575e+02
3.860000e-06	-6.656176e-06	-9.959003e-09	-4.987161e+01	-6.509995e+02
3.870000e-06	-6.710597e-06	-9.989568e-09	-5.027935e+01	-6.531259e+02
3.880000e-06	-6.763236e-06	-1.001369e-08	-5.067376e+01	-6.551344e+02
3.890000e-06	-6.814114e-06	-1.003481e-08	-5.105496e+01	-6.570283e+02
3.900000e-06	-6.863343e-06	-1.005707e-08	-5.142381e+01	-6.588161e+02
3.910000e-06	-6.910816e-06	-1.008248e-08	-5.177950e+01	-6.605105e+02
3.920000e-06	-6.956541e-06	-1.011138e-08	-5.212210e+01	-6.621251e+02
3.930000e-06	-7.000837e-06	-1.014055e-08	-5.245399e+01	-6.636723e+02
3.940000e-06	-7.043837e-06	-1.016547e-08	-5.277616e+01	-6.651605e+02
3.950000e-06	-7.085486e-06	-1.018369e-08	-5.308822e+01	-6.665933e+02
3.960000e-06	-7.125752e-06	-1.019795e-08	-5.338992e+01	-6.679694e+02
3.970000e-06	-7.164574e-06	-1.021209e-08	-5.368079e+01	-6.692840e+02
3.980000e-06	-7.201714e-06	-1.022752e-08	-5.395906e+01	-6.705307e+02
3.990000e-06	-7.237079e-06	-1.024485e-08	-5.422404e+01	-6.717040e+02
4.000000e-06	-7.270900e-06	-1.026316e-08	-5.447745e+01	-6.728007e+02
4.010000e-06	-7.303222e-06	-1.028073e-08	-5.471962e+01	-6.738211e+02
4.020000e-06	-7.333908e-06	-1.029708e-08	-5.494953e+01	-6.747685e+02
4.030000e-06	-7.362783e-06	-1.031002e-08	-5.516588e+01	-6.756483e+02
4.040000e-06	-7.390025e-06	-1.031982e-08	-5.536999e+01	-6.764660e+02
4.050000e-06	-7.415788e-06	-1.032798e-08	-5.556302e+01	-6.772261e+02
4.060000e-06	-7.439943e-06	-1.033514e-08	-5.574401e+01	-6.779307e+02
4.070000e-06	-7.462507e-06	-1.034091e-08	-5.591306e+01	-6.785794e+02
4.080000e-06	-7.483332e-06	-1.034658e-08	-5.606910e+01	-6.791696e+02
4.090000e-06	-7.502471e-06	-1.035368e-08	-5.621250e+01	-6.796981e+02
4.100000e-06	-7.520066e-06	-1.036156e-08	-5.634433e+01	-6.801622e+02
4.110000e-06	-7.536119e-06	-1.036864e-08	-5.646461e+01	-6.805615e+02
4.120000e-06	-7.550473e-06	-1.037279e-08	-5.657215e+01	-6.808980e+02
4.130000e-06	-7.562807e-06	-1.037426e-08	-5.666456e+01	-6.811761e+02
4.140000e-06	-7.573272e-06	-1.037275e-08	-5.674297e+01	-6.814016e+02
4.150000e-06	-7.582182e-06	-1.036720e-08	-5.680973e+01	-6.815801e+02
4.160000e-06	-7.589496e-06	-1.036294e-08	-5.686453e+01	-6.817153e+02
4.170000e-06	-7.595002e-06	-1.036289e-08	-5.690579e+01	-6.818076e+02
4.180000e-06	-7.598772e-06	-1.036315e-08	-5.693403e+01	-6.818542e+02
4.190000e-06	-7.600981e-06	-1.036112e-08	-5.695059e+01	-6.818489e+02
