# Temperatura_=_23.14
# Concentracion g/m^3_=_18600.0
# C_Vs_to_Am_M_A/Vsm_=_65563218390.804596
# pendiente_HvsI_1/m_=_3716.3
# ordenada_HvsI_A/m_=_1297.0
# frecuencia_Hz_=_310002.65293139266

Tiempo_(s)	Campo_(V.s)	Magnetizacion_(V.s)	Campo_(kA/m)	Magnetizacion_(A/m)
0.000000e+00	-5.296251e-06	-9.906734e-09	-3.834341e+01	-6.514638e+02
1.000000e-08	-5.294653e-06	-9.913373e-09	-3.833184e+01	-6.517317e+02
2.000000e-08	-5.291003e-06	-9.916585e-09	-3.830541e+01	-6.518098e+02
3.000000e-08	-5.285564e-06	-9.917105e-09	-3.826604e+01	-6.516943e+02
4.000000e-08	-5.278451e-06	-9.914104e-09	-3.821454e+01	-6.513960e+02
5.000000e-08	-5.269650e-06	-9.904170e-09	-3.815083e+01	-6.509398e+02
6.000000e-08	-5.258904e-06	-9.886696e-09	-3.807302e+01	-6.503593e+02
7.000000e-08	-5.246005e-06	-9.862849e-09	-3.797964e+01	-6.496877e+02
8.000000e-08	-5.230916e-06	-9.871060e-09	-3.787040e+01	-6.489493e+02
9.000000e-08	-5.213339e-06	-9.901321e-09	-3.774314e+01	-6.481527e+02
1.000000e-07	-5.193462e-06	-9.895010e-09	-3.759924e+01	-6.472903e+02
1.100000e-07	-5.171707e-06	-9.876869e-09	-3.744174e+01	-6.463418e+02
1.200000e-07	-5.148250e-06	-9.823640e-09	-3.727192e+01	-6.452824e+02
1.300000e-07	-5.123433e-06	-9.754053e-09	-3.709225e+01	-6.440913e+02
1.400000e-07	-5.097049e-06	-9.800396e-09	-3.690124e+01	-6.427579e+02
1.500000e-07	-5.068655e-06	-9.769769e-09	-3.669567e+01	-6.412838e+02
1.600000e-07	-5.038546e-06	-9.708214e-09	-3.647769e+01	-6.396803e+02
1.700000e-07	-5.006684e-06	-9.756951e-09	-3.624703e+01	-6.379624e+02
1.800000e-07	-4.972714e-06	-9.699662e-09	-3.600109e+01	-6.361424e+02
1.900000e-07	-4.936912e-06	-9.665014e-09	-3.574189e+01	-6.342257e+02
2.000000e-07	-4.899546e-06	-9.674449e-09	-3.547137e+01	-6.322095e+02
2.100000e-07	-4.860345e-06	-9.588879e-09	-3.518757e+01	-6.300859e+02
2.200000e-07	-4.819230e-06	-9.554785e-09	-3.488991e+01	-6.278459e+02
2.300000e-07	-4.776075e-06	-9.545626e-09	-3.457747e+01	-6.254843e+02
2.400000e-07	-4.730993e-06	-9.502446e-09	-3.425110e+01	-6.230024e+02
2.500000e-07	-4.684193e-06	-9.491309e-09	-3.391227e+01	-6.204071e+02
2.600000e-07	-4.635441e-06	-9.433049e-09	-3.355932e+01	-6.177086e+02
2.700000e-07	-4.584510e-06	-9.377122e-09	-3.319060e+01	-6.149158e+02
2.800000e-07	-4.531412e-06	-9.348094e-09	-3.280618e+01	-6.120331e+02
2.900000e-07	-4.476511e-06	-9.303002e-09	-3.240871e+01	-6.090589e+02
3.000000e-07	-4.420005e-06	-9.244903e-09	-3.199963e+01	-6.059867e+02
3.100000e-07	-4.361696e-06	-9.196063e-09	-3.157749e+01	-6.028078e+02
3.200000e-07	-4.301569e-06	-9.180402e-09	-3.114218e+01	-5.995145e+02
3.300000e-07	-4.239895e-06	-9.128015e-09	-3.069568e+01	-5.961026e+02
3.400000e-07	-4.176728e-06	-9.072875e-09	-3.023837e+01	-5.925720e+02
3.500000e-07	-4.112025e-06	-9.010826e-09	-2.976993e+01	-5.889262e+02
3.600000e-07	-4.045700e-06	-8.929878e-09	-2.928976e+01	-5.851704e+02
3.700000e-07	-3.977692e-06	-8.882955e-09	-2.879740e+01	-5.813097e+02
3.800000e-07	-3.908162e-06	-8.833064e-09	-2.829403e+01	-5.773478e+02
3.900000e-07	-3.837291e-06	-8.772865e-09	-2.778094e+01	-5.732873e+02
4.000000e-07	-3.765106e-06	-8.709139e-09	-2.725834e+01	-5.691291e+02
4.100000e-07	-3.691496e-06	-8.641235e-09	-2.672542e+01	-5.648728e+02
4.200000e-07	-3.616266e-06	-8.581249e-09	-2.618078e+01	-5.605159e+02
4.300000e-07	-3.539422e-06	-8.511839e-09	-2.562444e+01	-5.560530e+02
4.400000e-07	-3.461097e-06	-8.441057e-09	-2.505739e+01	-5.514750e+02
4.500000e-07	-3.381236e-06	-8.370310e-09	-2.447923e+01	-5.467690e+02
4.600000e-07	-3.299900e-06	-8.301488e-09	-2.389038e+01	-5.419204e+02
4.700000e-07	-3.217371e-06	-8.231205e-09	-2.329289e+01	-5.369157e+02
4.800000e-07	-3.133747e-06	-8.145441e-09	-2.268747e+01	-5.317458e+02
4.900000e-07	-3.049055e-06	-8.057525e-09	-2.207432e+01	-5.264088e+02
5.000000e-07	-2.963312e-06	-7.969595e-09	-2.145357e+01	-5.209099e+02
5.100000e-07	-2.876591e-06	-7.889448e-09	-2.082573e+01	-5.152600e+02
5.200000e-07	-2.789027e-06	-7.809097e-09	-2.019179e+01	-5.094710e+02
5.300000e-07	-2.700563e-06	-7.720422e-09	-1.955133e+01	-5.035517e+02
5.400000e-07	-2.610944e-06	-7.628436e-09	-1.890252e+01	-4.975038e+02
5.500000e-07	-2.520016e-06	-7.531428e-09	-1.824423e+01	-4.913218e+02
5.600000e-07	-2.428012e-06	-7.433844e-09	-1.757814e+01	-4.849942e+02
5.700000e-07	-2.335236e-06	-7.330241e-09	-1.690647e+01	-4.785077e+02
5.800000e-07	-2.241713e-06	-7.222456e-09	-1.622939e+01	-4.718512e+02
5.900000e-07	-2.147323e-06	-7.116290e-09	-1.554603e+01	-4.650183e+02
6.000000e-07	-2.052085e-06	-7.014986e-09	-1.485653e+01	-4.580072e+02
6.100000e-07	-1.956128e-06	-6.909829e-09	-1.416183e+01	-4.508182e+02
6.200000e-07	-1.859525e-06	-6.793897e-09	-1.346245e+01	-4.434501e+02
6.300000e-07	-1.762179e-06	-6.674804e-09	-1.275770e+01	-4.358977e+02
6.400000e-07	-1.663980e-06	-6.557562e-09	-1.204676e+01	-4.281516e+02
6.500000e-07	-1.564981e-06	-6.441633e-09	-1.133004e+01	-4.202005e+02
6.600000e-07	-1.465266e-06	-6.317845e-09	-1.060813e+01	-4.120362e+02
6.700000e-07	-1.364983e-06	-6.183742e-09	-9.882100e+00	-4.036576e+02
6.800000e-07	-1.264300e-06	-6.043624e-09	-9.153188e+00	-3.950726e+02
6.900000e-07	-1.163259e-06	-5.904444e-09	-8.421675e+00	-3.862961e+02
7.000000e-07	-1.061849e-06	-5.767722e-09	-7.687493e+00	-3.773440e+02
7.100000e-07	-9.600292e-07	-5.631498e-09	-6.950349e+00	-3.682261e+02
7.200000e-07	-8.578619e-07	-5.493891e-09	-6.210685e+00	-3.589401e+02
7.300000e-07	-7.553854e-07	-5.353795e-09	-5.468783e+00	-3.494687e+02
7.400000e-07	-6.526211e-07	-5.208649e-09	-4.724798e+00	-3.397829e+02
7.500000e-07	-5.496489e-07	-5.053028e-09	-3.979308e+00	-3.298495e+02
7.600000e-07	-4.464864e-07	-4.888857e-09	-3.232439e+00	-3.196398e+02
7.700000e-07	-3.431488e-07	-4.722112e-09	-2.484303e+00	-3.091372e+02
7.800000e-07	-2.397199e-07	-4.556000e-09	-1.735506e+00	-2.983399e+02
7.900000e-07	-1.362468e-07	-4.390657e-09	-9.863895e-01	-2.872572e+02
8.000000e-07	-3.266436e-08	-4.224721e-09	-2.364810e-01	-2.759021e+02
8.100000e-07	7.099359e-08	-4.051358e-09	5.139741e-01	-2.642811e+02
8.200000e-07	1.745757e-07	-3.871437e-09	1.263880e+00	-2.523876e+02
8.300000e-07	2.780594e-07	-3.685051e-09	2.013074e+00	-2.402000e+02
8.400000e-07	3.814839e-07	-3.488995e-09	2.761839e+00	-2.276867e+02
8.500000e-07	4.848145e-07	-3.286302e-09	3.509924e+00	-2.148150e+02
8.600000e-07	5.879550e-07	-3.081588e-09	4.256633e+00	-2.015620e+02
8.700000e-07	6.908624e-07	-2.875426e-09	5.001655e+00	-1.879214e+02
8.800000e-07	7.935260e-07	-2.665850e-09	5.744911e+00	-1.739057e+02
8.900000e-07	8.959167e-07	-2.451372e-09	6.486192e+00	-1.595401e+02
9.000000e-07	9.979805e-07	-2.229899e-09	7.225106e+00	-1.448530e+02
9.100000e-07	1.099615e-06	-2.001125e-09	7.960909e+00	-1.298655e+02
9.200000e-07	1.200830e-06	-1.766255e-09	8.693682e+00	-1.145840e+02
9.300000e-07	1.301664e-06	-1.527794e-09	9.423695e+00	-9.899855e+01
9.400000e-07	1.402092e-06	-1.284345e-09	1.015076e+01	-8.308789e+01
9.500000e-07	1.502089e-06	-1.033362e-09	1.087471e+01	-6.682792e+01
9.600000e-07	1.601473e-06	-7.782815e-10	1.159423e+01	-5.020044e+01
9.700000e-07	1.700033e-06	-5.222544e-10	1.230777e+01	-3.319819e+01
9.800000e-07	1.797752e-06	-2.600339e-10	1.301523e+01	-1.582434e+01
9.900000e-07	1.894670e-06	1.234606e-11	1.371690e+01	1.913449e+00
1.000000e-06	1.990833e-06	2.927798e-10	1.441309e+01	2.001142e+01
1.010000e-06	2.086301e-06	5.752699e-10	1.510425e+01	3.847683e+01
1.020000e-06	2.181041e-06	8.614698e-10	1.579014e+01	5.733035e+01
1.030000e-06	2.275003e-06	1.157710e-09	1.647040e+01	7.660198e+01
1.040000e-06	2.368233e-06	1.462829e-09	1.714536e+01	9.632130e+01
1.050000e-06	2.460761e-06	1.773827e-09	1.781524e+01	1.165050e+02
1.060000e-06	2.552447e-06	2.089503e-09	1.847902e+01	1.371453e+02
1.070000e-06	2.642928e-06	2.411466e-09	1.913408e+01	1.582028e+02
1.080000e-06	2.732104e-06	2.741804e-09	1.977968e+01	1.796052e+02
1.090000e-06	2.820252e-06	3.077032e-09	2.041785e+01	2.012518e+02
1.100000e-06	2.907477e-06	3.410187e-09	2.104934e+01	2.230204e+02
1.110000e-06	2.993725e-06	3.739020e-09	2.167375e+01	2.447764e+02
1.120000e-06	3.078956e-06	4.068044e-09	2.229080e+01	2.663794e+02
1.130000e-06	3.163194e-06	4.396327e-09	2.290066e+01	2.876883e+02
1.140000e-06	3.246266e-06	4.716347e-09	2.350208e+01	3.085652e+02
1.150000e-06	3.327956e-06	5.022258e-09	2.409349e+01	3.288788e+02
1.160000e-06	3.408368e-06	5.316470e-09	2.467565e+01	3.485097e+02
1.170000e-06	3.487529e-06	5.602756e-09	2.524876e+01	3.673574e+02
1.180000e-06	3.565371e-06	5.879608e-09	2.581231e+01	3.853473e+02
1.190000e-06	3.641882e-06	6.139759e-09	2.636623e+01	4.024359e+02
1.200000e-06	3.716921e-06	6.382049e-09	2.690949e+01	4.186129e+02
1.210000e-06	3.790285e-06	6.612000e-09	2.744062e+01	4.338970e+02
1.220000e-06	3.862106e-06	6.829420e-09	2.796059e+01	4.483284e+02
1.230000e-06	3.932519e-06	7.032381e-09	2.847036e+01	4.619573e+02
1.240000e-06	4.001517e-06	7.221991e-09	2.896989e+01	4.748336e+02
1.250000e-06	4.069007e-06	7.401736e-09	2.945849e+01	4.869994e+02
1.260000e-06	4.134747e-06	7.575951e-09	2.993444e+01	4.984866e+02
1.270000e-06	4.198892e-06	7.745356e-09	3.039883e+01	5.093185e+02
1.280000e-06	4.261629e-06	7.905111e-09	3.085303e+01	5.195150e+02
1.290000e-06	4.322929e-06	8.054872e-09	3.129682e+01	5.290982e+02
1.300000e-06	4.382762e-06	8.192316e-09	3.173000e+01	5.380959e+02
1.310000e-06	4.440814e-06	8.319652e-09	3.215028e+01	5.465421e+02
1.320000e-06	4.497001e-06	8.438645e-09	3.255706e+01	5.544747e+02
1.330000e-06	4.551480e-06	8.547577e-09	3.295147e+01	5.619321e+02
1.340000e-06	4.604130e-06	8.651255e-09	3.333264e+01	5.689495e+02
1.350000e-06	4.654705e-06	8.755298e-09	3.369879e+01	5.755576e+02
1.360000e-06	4.703238e-06	8.860237e-09	3.405016e+01	5.817826e+02
1.370000e-06	4.749964e-06	8.958425e-09	3.438844e+01	5.876490e+02
1.380000e-06	4.795087e-06	9.042631e-09	3.471512e+01	5.931804e+02
1.390000e-06	4.838549e-06	9.115501e-09	3.502977e+01	5.984012e+02
1.400000e-06	4.880037e-06	9.184910e-09	3.533014e+01	6.033351e+02
1.410000e-06	4.919607e-06	9.254112e-09	3.561661e+01	6.080026e+02
1.420000e-06	4.957508e-06	9.321645e-09	3.589100e+01	6.124183e+02
1.430000e-06	4.993776e-06	9.385711e-09	3.615357e+01	6.165899e+02
1.440000e-06	5.028062e-06	9.448906e-09	3.640179e+01	6.205180e+02
1.450000e-06	5.060336e-06	9.510471e-09	3.663545e+01	6.241991e+02
1.460000e-06	5.090855e-06	9.565668e-09	3.685640e+01	6.276291e+02
1.470000e-06	5.119675e-06	9.612264e-09	3.706504e+01	6.308060e+02
1.480000e-06	5.146515e-06	9.652203e-09	3.725936e+01	6.337324e+02
1.490000e-06	5.171166e-06	9.691559e-09	3.743783e+01	6.364144e+02
1.500000e-06	5.193858e-06	9.731948e-09	3.760211e+01	6.388607e+02
1.510000e-06	5.214799e-06	9.769658e-09	3.775372e+01	6.410802e+02
1.520000e-06	5.233880e-06	9.800874e-09	3.789186e+01	6.430813e+02
1.530000e-06	5.250852e-06	9.828591e-09	3.801473e+01	6.448720e+02
1.540000e-06	5.265781e-06	9.855249e-09	3.812282e+01	6.464614e+02
1.550000e-06	5.278695e-06	9.879101e-09	3.821631e+01	6.478615e+02
1.560000e-06	5.289353e-06	9.897299e-09	3.829347e+01	6.490872e+02
1.570000e-06	5.297823e-06	9.910186e-09	3.835479e+01	6.501546e+02
1.580000e-06	5.304366e-06	9.922944e-09	3.840216e+01	6.510772e+02
1.590000e-06	5.309086e-06	9.938085e-09	3.843633e+01	6.518618e+02
1.600000e-06	5.311763e-06	9.953199e-09	3.845571e+01	6.525058e+02
1.610000e-06	5.312355e-06	9.963753e-09	3.846000e+01	6.529969e+02
1.620000e-06	5.311136e-06	9.966145e-09	3.845117e+01	6.533178e+02
1.630000e-06	5.308222e-06	9.966900e-09	3.843008e+01	6.534521e+02
1.640000e-06	5.303415e-06	9.965430e-09	3.839527e+01	6.533926e+02
1.650000e-06	5.296586e-06	9.958440e-09	3.834584e+01	6.531457e+02
1.660000e-06	5.287994e-06	9.950967e-09	3.828363e+01	6.527325e+02
1.670000e-06	5.277698e-06	9.948853e-09	3.820909e+01	6.521850e+02
1.680000e-06	5.265432e-06	9.958105e-09	3.812029e+01	6.515375e+02
1.690000e-06	5.251080e-06	9.916943e-09	3.801638e+01	6.508176e+02
1.700000e-06	5.234620e-06	9.863940e-09	3.789722e+01	6.500389e+02
1.710000e-06	5.215547e-06	9.847518e-09	3.775913e+01	6.491980e+02
1.720000e-06	5.193702e-06	9.837996e-09	3.760098e+01	6.482777e+02
1.730000e-06	5.169908e-06	9.898424e-09	3.742872e+01	6.472535e+02
1.740000e-06	5.145222e-06	9.870035e-09	3.725000e+01	6.461027e+02
1.750000e-06	5.119566e-06	9.793487e-09	3.706425e+01	6.448114e+02
1.760000e-06	5.091648e-06	9.842369e-09	3.686214e+01	6.433778e+02
1.770000e-06	5.061473e-06	9.800340e-09	3.664368e+01	6.418109e+02
1.780000e-06	5.029796e-06	9.772048e-09	3.641435e+01	6.401252e+02
1.790000e-06	4.996238e-06	9.809884e-09	3.617140e+01	6.383346e+02
1.800000e-06	4.960990e-06	9.718900e-09	3.591621e+01	6.364466e+02
1.810000e-06	4.923943e-06	9.707722e-09	3.564800e+01	6.344606e+02
1.820000e-06	4.884666e-06	9.721696e-09	3.536365e+01	6.323698e+02
1.830000e-06	4.843694e-06	9.636905e-09	3.506702e+01	6.301648e+02
1.840000e-06	4.800947e-06	9.624646e-09	3.475754e+01	6.278393e+02
1.850000e-06	4.756260e-06	9.542456e-09	3.443402e+01	6.253923e+02
1.860000e-06	4.709837e-06	9.496542e-09	3.409793e+01	6.228295e+02
1.870000e-06	4.661447e-06	9.514396e-09	3.374760e+01	6.201606e+02
1.880000e-06	4.611216e-06	9.408402e-09	3.338394e+01	6.173951e+02
1.890000e-06	4.559039e-06	9.387661e-09	3.300620e+01	6.145391e+02
1.900000e-06	4.504710e-06	9.360933e-09	3.261287e+01	6.115926e+02
1.910000e-06	4.448708e-06	9.300182e-09	3.220743e+01	6.085503e+02
1.920000e-06	4.391112e-06	9.258703e-09	3.179045e+01	6.054039e+02
1.930000e-06	4.331957e-06	9.162942e-09	3.136218e+01	6.021450e+02
1.940000e-06	4.271056e-06	9.132935e-09	3.092127e+01	5.987682e+02
1.950000e-06	4.208321e-06	9.078398e-09	3.046709e+01	5.952724e+02
1.960000e-06	4.144062e-06	9.035976e-09	3.000188e+01	5.916601e+02
1.970000e-06	4.078297e-06	8.999076e-09	2.952576e+01	5.879363e+02
1.980000e-06	4.011131e-06	8.906097e-09	2.903949e+01	5.841062e+02
1.990000e-06	3.942257e-06	8.863768e-09	2.854086e+01	5.801740e+02
2.000000e-06	3.871578e-06	8.782673e-09	2.802917e+01	5.761426e+02
2.010000e-06	3.799547e-06	8.721345e-09	2.750768e+01	5.720134e+02
2.020000e-06	3.726205e-06	8.665862e-09	2.697670e+01	5.677864e+02
2.030000e-06	3.651457e-06	8.587853e-09	2.643555e+01	5.634597e+02
2.040000e-06	3.575069e-06	8.541829e-09	2.588252e+01	5.590290e+02
2.050000e-06	3.496996e-06	8.462732e-09	2.531730e+01	5.544861e+02
2.060000e-06	3.417574e-06	8.393943e-09	2.474230e+01	5.498191e+02
2.070000e-06	3.336976e-06	8.305887e-09	2.415880e+01	5.450139e+02
2.080000e-06	3.255225e-06	8.220779e-09	2.356694e+01	5.400561e+02
2.090000e-06	3.172365e-06	8.155474e-09	2.296705e+01	5.349350e+02
2.100000e-06	3.088447e-06	8.075737e-09	2.235951e+01	5.296466e+02
2.110000e-06	3.003188e-06	8.003015e-09	2.174226e+01	5.241941e+02
2.120000e-06	2.916518e-06	7.910849e-09	2.111479e+01	5.185872e+02
2.130000e-06	2.828753e-06	7.822241e-09	2.047939e+01	5.128379e+02
2.140000e-06	2.740030e-06	7.731774e-09	1.983706e+01	5.069564e+02
2.150000e-06	2.650340e-06	7.633869e-09	1.918774e+01	5.009466e+02
2.160000e-06	2.559690e-06	7.537852e-09	1.853145e+01	4.948050e+02
2.170000e-06	2.468132e-06	7.440496e-09	1.786860e+01	4.885214e+02
2.180000e-06	2.375604e-06	7.354474e-09	1.719873e+01	4.820827e+02
2.190000e-06	2.282077e-06	7.263259e-09	1.652161e+01	4.754768e+02
2.200000e-06	2.187552e-06	7.156243e-09	1.583728e+01	4.686957e+02
2.210000e-06	2.092162e-06	7.042426e-09	1.514668e+01	4.617366e+02
2.220000e-06	1.996030e-06	6.929444e-09	1.445071e+01	4.545995e+02
2.230000e-06	1.899227e-06	6.820825e-09	1.374988e+01	4.472840e+02
2.240000e-06	1.801829e-06	6.710321e-09	1.304475e+01	4.397862e+02
2.250000e-06	1.703792e-06	6.591985e-09	1.233499e+01	4.320976e+02
2.260000e-06	1.605185e-06	6.470996e-09	1.162110e+01	4.242072e+02
2.270000e-06	1.506040e-06	6.346948e-09	1.090332e+01	4.161054e+02
2.280000e-06	1.406434e-06	6.225061e-09	1.018219e+01	4.077887e+02
2.290000e-06	1.306414e-06	6.097129e-09	9.458076e+00	3.992625e+02
2.300000e-06	1.205942e-06	5.963140e-09	8.730687e+00	3.905401e+02
2.310000e-06	1.104891e-06	5.829719e-09	7.999108e+00	3.816378e+02
2.320000e-06	1.003239e-06	5.691582e-09	7.263177e+00	3.725681e+02
2.330000e-06	9.010570e-07	5.551882e-09	6.523406e+00	3.633323e+02
2.340000e-06	7.984239e-07	5.403814e-09	5.780371e+00	3.539175e+02
2.350000e-06	6.955255e-07	5.252953e-09	5.035414e+00	3.442974e+02
2.360000e-06	5.924167e-07	5.103285e-09	4.288935e+00	3.344391e+02
2.370000e-06	4.891086e-07	4.953796e-09	3.541012e+00	3.243118e+02
2.380000e-06	3.855871e-07	4.800997e-09	2.791545e+00	3.138948e+02
2.390000e-06	2.819903e-07	4.636925e-09	2.041533e+00	3.031822e+02
2.400000e-06	1.783692e-07	4.466033e-09	1.291344e+00	2.921808e+02
2.410000e-06	7.464821e-08	4.292383e-09	5.404326e-01	2.809035e+02
2.420000e-06	-2.913908e-08	4.117812e-09	-2.109590e-01	2.693595e+02
2.430000e-06	-1.329542e-07	3.934818e-09	-9.625520e-01	2.575466e+02
2.440000e-06	-2.366706e-07	3.747909e-09	-1.713430e+00	2.454471e+02
2.450000e-06	-3.402867e-07	3.560693e-09	-2.463582e+00	2.330314e+02
2.460000e-06	-4.438411e-07	3.366628e-09	-3.213288e+00	2.202662e+02
2.470000e-06	-5.471984e-07	3.168612e-09	-3.961567e+00	2.071246e+02
2.480000e-06	-6.503431e-07	2.963892e-09	-4.708306e+00	1.935954e+02
2.490000e-06	-7.532670e-07	2.753614e-09	-5.453447e+00	1.796858e+02
2.500000e-06	-8.558683e-07	2.535749e-09	-6.196252e+00	1.654182e+02
2.510000e-06	-9.580494e-07	2.309224e-09	-6.936016e+00	1.508214e+02
2.520000e-06	-1.059766e-06	2.078016e-09	-7.672419e+00	1.359195e+02
2.530000e-06	-1.160898e-06	1.841899e-09	-8.404582e+00	1.207234e+02
2.540000e-06	-1.261393e-06	1.606004e-09	-9.132141e+00	1.052277e+02
2.550000e-06	-1.361287e-06	1.368946e-09	-9.855346e+00	8.941356e+01
2.560000e-06	-1.460640e-06	1.127324e-09	-1.057463e+01	7.325674e+01
2.570000e-06	-1.559574e-06	8.782958e-10	-1.129089e+01	5.673661e+01
2.580000e-06	-1.658032e-06	6.198906e-10	-1.200370e+01	3.984259e+01
2.590000e-06	-1.755898e-06	3.539923e-10	-1.271222e+01	2.257527e+01
2.600000e-06	-1.853159e-06	8.298696e-11	-1.341636e+01	4.941834e+00
2.610000e-06	-1.949735e-06	-1.904341e-10	-1.411555e+01	-1.305197e+01
2.620000e-06	-2.045575e-06	-4.696601e-10	-1.480940e+01	-3.140977e+01
2.630000e-06	-2.140801e-06	-7.544570e-10	-1.549881e+01	-5.014852e+01
2.640000e-06	-2.235414e-06	-1.041527e-09	-1.618379e+01	-6.929633e+01
2.650000e-06	-2.329101e-06	-1.333954e-09	-1.686205e+01	-8.888415e+01
2.660000e-06	-2.421596e-06	-1.635857e-09	-1.753170e+01	-1.089336e+02
2.670000e-06	-2.513059e-06	-1.949365e-09	-1.819386e+01	-1.294449e+02
2.680000e-06	-2.603623e-06	-2.270147e-09	-1.884952e+01	-1.503881e+02
2.690000e-06	-2.693219e-06	-2.592210e-09	-1.949817e+01	-1.717001e+02
2.700000e-06	-2.781813e-06	-2.915430e-09	-2.013957e+01	-1.932875e+02
2.710000e-06	-2.869452e-06	-3.244160e-09	-2.077404e+01	-2.150334e+02
2.720000e-06	-2.956137e-06	-3.578263e-09	-2.140162e+01	-2.368061e+02
2.730000e-06	-3.041605e-06	-3.909244e-09	-2.202039e+01	-2.584662e+02
2.740000e-06	-3.125694e-06	-4.234633e-09	-2.262917e+01	-2.798724e+02
2.750000e-06	-3.208632e-06	-4.553547e-09	-2.322962e+01	-3.008854e+02
2.760000e-06	-3.290531e-06	-4.866731e-09	-2.382255e+01	-3.213716e+02
2.770000e-06	-3.371293e-06	-5.173192e-09	-2.440724e+01	-3.412077e+02
2.780000e-06	-3.450903e-06	-5.465083e-09	-2.498360e+01	-3.602870e+02
2.790000e-06	-3.529167e-06	-5.740084e-09	-2.555020e+01	-3.785267e+02
2.800000e-06	-3.605777e-06	-6.003043e-09	-2.610484e+01	-3.958742e+02
2.810000e-06	-3.680875e-06	-6.258114e-09	-2.664853e+01	-4.123098e+02
2.820000e-06	-3.754571e-06	-6.501659e-09	-2.718207e+01	-4.278446e+02
2.830000e-06	-3.826830e-06	-6.728871e-09	-2.770520e+01	-4.425137e+02
2.840000e-06	-3.897769e-06	-6.941079e-09	-2.821878e+01	-4.563655e+02
2.850000e-06	-3.967113e-06	-7.144876e-09	-2.872082e+01	-4.694509e+02
2.860000e-06	-4.034772e-06	-7.338678e-09	-2.921065e+01	-4.818150e+02
2.870000e-06	-4.100985e-06	-7.517567e-09	-2.969001e+01	-4.934923e+02
2.880000e-06	-4.165691e-06	-7.682831e-09	-3.015847e+01	-5.045082e+02
2.890000e-06	-4.228932e-06	-7.838617e-09	-3.061631e+01	-5.148831e+02
2.900000e-06	-4.290579e-06	-7.989543e-09	-3.106262e+01	-5.246380e+02
2.910000e-06	-4.350396e-06	-8.131664e-09	-3.149568e+01	-5.337986e+02
2.920000e-06	-4.408529e-06	-8.261387e-09	-3.191654e+01	-5.423975e+02
2.930000e-06	-4.465135e-06	-8.382423e-09	-3.232636e+01	-5.504718e+02
2.940000e-06	-4.520174e-06	-8.498601e-09	-3.272482e+01	-5.580601e+02
2.950000e-06	-4.573320e-06	-8.609761e-09	-3.310959e+01	-5.651988e+02
2.960000e-06	-4.624391e-06	-8.711259e-09	-3.347932e+01	-5.719199e+02
2.970000e-06	-4.673523e-06	-8.802970e-09	-3.383503e+01	-5.782508e+02
2.980000e-06	-4.720582e-06	-8.889769e-09	-3.417572e+01	-5.842161e+02
2.990000e-06	-4.765712e-06	-8.976766e-09	-3.450245e+01	-5.898396e+02
3.000000e-06	-4.809315e-06	-9.061028e-09	-3.481812e+01	-5.951457e+02
3.010000e-06	-4.851381e-06	-9.137760e-09	-3.512267e+01	-6.001582e+02
3.020000e-06	-4.891828e-06	-9.209445e-09	-3.541549e+01	-6.048988e+02
3.030000e-06	-4.930545e-06	-9.280186e-09	-3.569580e+01	-6.093843e+02
3.040000e-06	-4.967280e-06	-9.347256e-09	-3.596175e+01	-6.136242e+02
3.050000e-06	-5.002021e-06	-9.406615e-09	-3.621326e+01	-6.176210e+02
3.060000e-06	-5.034995e-06	-9.459407e-09	-3.645199e+01	-6.213721e+02
3.070000e-06	-5.066219e-06	-9.511275e-09	-3.667804e+01	-6.248731e+02
3.080000e-06	-5.095368e-06	-9.565183e-09	-3.688907e+01	-6.281212e+02
3.090000e-06	-5.122480e-06	-9.614955e-09	-3.708535e+01	-6.311175e+02
3.100000e-06	-5.147786e-06	-9.655423e-09	-3.726856e+01	-6.338674e+02
3.110000e-06	-5.171230e-06	-9.689103e-09	-3.743829e+01	-6.363791e+02
3.120000e-06	-5.192610e-06	-9.720679e-09	-3.759308e+01	-6.386614e+02
3.130000e-06	-5.211960e-06	-9.750812e-09	-3.773316e+01	-6.407231e+02
3.140000e-06	-5.229531e-06	-9.778591e-09	-3.786037e+01	-6.425719e+02
3.150000e-06	-5.245280e-06	-9.803253e-09	-3.797439e+01	-6.442166e+02
3.160000e-06	-5.258820e-06	-9.827148e-09	-3.807242e+01	-6.456683e+02
3.170000e-06	-5.270045e-06	-9.849624e-09	-3.815369e+01	-6.469411e+02
3.180000e-06	-5.279281e-06	-9.867085e-09	-3.822055e+01	-6.480511e+02
3.190000e-06	-5.286613e-06	-9.877156e-09	-3.827363e+01	-6.490129e+02
3.200000e-06	-5.291849e-06	-9.882716e-09	-3.831154e+01	-6.498357e+02
3.210000e-06	-5.295019e-06	-9.889513e-09	-3.833449e+01	-6.505196e+02
3.220000e-06	-5.296337e-06	-9.898226e-09	-3.834403e+01	-6.510550e+02
