# Temperatura_=_57.05
# Concentracion g/m^3_=_18600.0
# C_Vs_to_Am_M_A/Vsm_=_65563218390.804596
# pendiente_HvsI_1/m_=_3716.3
# ordenada_HvsI_A/m_=_1297.0
# frecuencia_Hz_=_310004.9029420966

Tiempo_(s)	Campo_(V.s)	Magnetizacion_(V.s)	Campo_(kA/m)	Magnetizacion_(A/m)
0.000000e+00	-5.305578e-06	-1.154090e-08	-3.834703e+01	-7.576922e+02
1.000000e-08	-5.304011e-06	-1.154128e-08	-3.833571e+01	-7.576430e+02
2.000000e-08	-5.300446e-06	-1.154007e-08	-3.830994e+01	-7.574019e+02
3.000000e-08	-5.295088e-06	-1.153404e-08	-3.827122e+01	-7.569806e+02
4.000000e-08	-5.288058e-06	-1.152246e-08	-3.822041e+01	-7.564013e+02
5.000000e-08	-5.279357e-06	-1.150869e-08	-3.815752e+01	-7.556958e+02
6.000000e-08	-5.268630e-06	-1.149410e-08	-3.807998e+01	-7.549004e+02
7.000000e-08	-5.255749e-06	-1.147957e-08	-3.798688e+01	-7.540476e+02
8.000000e-08	-5.240800e-06	-1.146352e-08	-3.787884e+01	-7.531569e+02
9.000000e-08	-5.223420e-06	-1.144850e-08	-3.775322e+01	-7.522293e+02
1.000000e-07	-5.203690e-06	-1.147364e-08	-3.761062e+01	-7.512458e+02
1.100000e-07	-5.181983e-06	-1.148822e-08	-3.745373e+01	-7.501743e+02
1.200000e-07	-5.158560e-06	-1.145544e-08	-3.728444e+01	-7.489804e+02
1.300000e-07	-5.133787e-06	-1.142148e-08	-3.710538e+01	-7.476387e+02
1.400000e-07	-5.107415e-06	-1.130298e-08	-3.691477e+01	-7.461423e+02
1.500000e-07	-5.079032e-06	-1.130685e-08	-3.670963e+01	-7.445033e+02
1.600000e-07	-5.048952e-06	-1.137241e-08	-3.649223e+01	-7.427470e+02
1.700000e-07	-5.017204e-06	-1.123104e-08	-3.626276e+01	-7.408999e+02
1.800000e-07	-4.983306e-06	-1.123430e-08	-3.601775e+01	-7.389771e+02
1.900000e-07	-4.947461e-06	-1.127318e-08	-3.575868e+01	-7.369743e+02
2.000000e-07	-4.910113e-06	-1.116975e-08	-3.548874e+01	-7.348668e+02
2.100000e-07	-4.871010e-06	-1.116939e-08	-3.520612e+01	-7.326183e+02
2.200000e-07	-4.829969e-06	-1.112154e-08	-3.490948e+01	-7.301936e+02
2.300000e-07	-4.786809e-06	-1.103935e-08	-3.459754e+01	-7.275721e+02
2.400000e-07	-4.741679e-06	-1.103919e-08	-3.427135e+01	-7.247554e+02
2.500000e-07	-4.694842e-06	-1.098809e-08	-3.393283e+01	-7.217660e+02
2.600000e-07	-4.646086e-06	-1.095058e-08	-3.358044e+01	-7.186373e+02
2.700000e-07	-4.595107e-06	-1.090428e-08	-3.321198e+01	-7.153990e+02
2.800000e-07	-4.541919e-06	-1.083880e-08	-3.282755e+01	-7.120643e+02
2.900000e-07	-4.486967e-06	-1.079829e-08	-3.243037e+01	-7.086237e+02
3.000000e-07	-4.430476e-06	-1.072839e-08	-3.202208e+01	-7.050487e+02
3.100000e-07	-4.372161e-06	-1.066888e-08	-3.160059e+01	-7.013045e+02
3.200000e-07	-4.312019e-06	-1.061408e-08	-3.116591e+01	-6.973660e+02
3.300000e-07	-4.250327e-06	-1.057961e-08	-3.072001e+01	-6.932311e+02
3.400000e-07	-4.187095e-06	-1.051610e-08	-3.026299e+01	-6.889254e+02
3.500000e-07	-4.122400e-06	-1.042198e-08	-2.979540e+01	-6.844956e+02
3.600000e-07	-4.056041e-06	-1.036565e-08	-2.931577e+01	-6.799939e+02
3.700000e-07	-3.987946e-06	-1.028653e-08	-2.882361e+01	-6.754594e+02
3.800000e-07	-3.918389e-06	-1.021379e-08	-2.832088e+01	-6.709030e+02
3.900000e-07	-3.847465e-06	-1.016262e-08	-2.780826e+01	-6.663024e+02
4.000000e-07	-3.775262e-06	-1.009021e-08	-2.728639e+01	-6.616080e+02
4.100000e-07	-3.701601e-06	-1.001838e-08	-2.675400e+01	-6.567592e+02
4.200000e-07	-3.626222e-06	-9.939563e-09	-2.620918e+01	-6.517029e+02
4.300000e-07	-3.549273e-06	-9.858736e-09	-2.565302e+01	-6.464091e+02
4.400000e-07	-3.470908e-06	-9.770490e-09	-2.508662e+01	-6.408768e+02
4.500000e-07	-3.390982e-06	-9.691023e-09	-2.450895e+01	-6.351293e+02
4.600000e-07	-3.309512e-06	-9.607579e-09	-2.392010e+01	-6.292017e+02
4.700000e-07	-3.226843e-06	-9.513226e-09	-2.332260e+01	-6.231254e+02
4.800000e-07	-3.143132e-06	-9.425033e-09	-2.271756e+01	-6.169166e+02
4.900000e-07	-3.058439e-06	-9.323534e-09	-2.210543e+01	-6.105729e+02
5.000000e-07	-2.972719e-06	-9.220835e-09	-2.148587e+01	-6.040782e+02
5.100000e-07	-2.885945e-06	-9.114990e-09	-2.085870e+01	-5.974133e+02
5.200000e-07	-2.798237e-06	-9.011481e-09	-2.022477e+01	-5.905670e+02
5.300000e-07	-2.709660e-06	-8.910325e-09	-1.958456e+01	-5.835416e+02
5.400000e-07	-2.619963e-06	-8.808036e-09	-1.893626e+01	-5.763510e+02
5.500000e-07	-2.528867e-06	-8.697298e-09	-1.827785e+01	-5.690118e+02
5.600000e-07	-2.436673e-06	-8.575919e-09	-1.761150e+01	-5.615317e+02
5.700000e-07	-2.343744e-06	-8.456354e-09	-1.693984e+01	-5.538995e+02
5.800000e-07	-2.250025e-06	-8.336762e-09	-1.626247e+01	-5.460832e+02
5.900000e-07	-2.155418e-06	-8.215935e-09	-1.557868e+01	-5.380365e+02
6.000000e-07	-2.060017e-06	-8.088780e-09	-1.488915e+01	-5.297114e+02
6.100000e-07	-1.963934e-06	-7.956933e-09	-1.419469e+01	-5.210735e+02
6.200000e-07	-1.867172e-06	-7.820399e-09	-1.349533e+01	-5.121130e+02
6.300000e-07	-1.769653e-06	-7.677600e-09	-1.279049e+01	-5.028478e+02
6.400000e-07	-1.671316e-06	-7.532062e-09	-1.207974e+01	-4.933169e+02
6.500000e-07	-1.572142e-06	-7.385647e-09	-1.136294e+01	-4.835669e+02
6.600000e-07	-1.472287e-06	-7.236878e-09	-1.064122e+01	-4.736360e+02
6.700000e-07	-1.371890e-06	-7.082516e-09	-9.915583e+00	-4.635418e+02
6.800000e-07	-1.271066e-06	-6.921750e-09	-9.186861e+00	-4.532759e+02
6.900000e-07	-1.169909e-06	-6.753620e-09	-8.455729e+00	-4.428071e+02
7.000000e-07	-1.068363e-06	-6.585646e-09	-7.721789e+00	-4.320909e+02
7.100000e-07	-9.663940e-07	-6.421567e-09	-6.984790e+00	-4.210817e+02
7.200000e-07	-8.640433e-07	-6.254513e-09	-6.245031e+00	-4.097428e+02
7.300000e-07	-7.613516e-07	-6.080109e-09	-5.502808e+00	-3.980517e+02
7.400000e-07	-6.584054e-07	-5.895749e-09	-4.758746e+00	-3.859991e+02
7.500000e-07	-5.552361e-07	-5.703474e-09	-4.013071e+00	-3.735844e+02
7.600000e-07	-4.518836e-07	-5.506808e-09	-3.266071e+00	-3.608090e+02
7.700000e-07	-3.484039e-07	-5.303017e-09	-2.518153e+00	-3.476717e+02
7.800000e-07	-2.447949e-07	-5.091534e-09	-1.769300e+00	-3.341664e+02
7.900000e-07	-1.411142e-07	-4.881822e-09	-1.019929e+00	-3.202830e+02
8.000000e-07	-3.740211e-08	-4.670529e-09	-2.703306e-01	-3.060096e+02
8.100000e-07	6.630773e-08	-4.450142e-09	4.792513e-01	-2.913336e+02
8.200000e-07	1.700098e-07	-4.221445e-09	1.228777e+00	-2.762426e+02
8.300000e-07	2.736940e-07	-3.980869e-09	1.978173e+00	-2.607218e+02
8.400000e-07	3.772879e-07	-3.733357e-09	2.726917e+00	-2.447519e+02
8.500000e-07	4.807659e-07	-3.482560e-09	3.474823e+00	-2.283079e+02
8.600000e-07	5.841036e-07	-3.224402e-09	4.221715e+00	-2.113599e+02
8.700000e-07	6.872511e-07	-2.953821e-09	4.967233e+00	-1.938762e+02
8.800000e-07	7.901243e-07	-2.677972e-09	5.710768e+00	-1.758288e+02
8.900000e-07	8.927078e-07	-2.398907e-09	6.452209e+00	-1.571971e+02
9.000000e-07	9.949743e-07	-2.108642e-09	7.191359e+00	-1.379706e+02
9.100000e-07	1.096835e-06	-1.804954e-09	7.927576e+00	-1.181473e+02
9.200000e-07	1.198313e-06	-1.490912e-09	8.661026e+00	-9.772987e+01
9.300000e-07	1.299385e-06	-1.169524e-09	9.391540e+00	-7.671908e+01
9.400000e-07	1.400043e-06	-8.403755e-10	1.011907e+01	-5.510819e+01
9.500000e-07	1.500186e-06	-4.983496e-10	1.084287e+01	-3.287890e+01
9.600000e-07	1.599658e-06	-1.432688e-10	1.156182e+01	-1.000039e+01
9.700000e-07	1.698424e-06	2.182037e-10	1.227567e+01	1.356835e+01
9.800000e-07	1.796481e-06	5.883679e-10	1.298440e+01	3.787325e+01
9.900000e-07	1.893749e-06	9.696168e-10	1.368742e+01	6.295775e+01
1.000000e-06	1.990171e-06	1.363966e-09	1.438433e+01	8.885333e+01
1.010000e-06	2.085839e-06	1.770533e-09	1.507578e+01	1.155684e+02
1.020000e-06	2.180772e-06	2.189727e-09	1.576193e+01	1.430760e+02
1.030000e-06	2.274919e-06	2.620567e-09	1.644239e+01	1.713012e+02
1.040000e-06	2.368298e-06	3.061492e-09	1.711730e+01	2.001103e+02
1.050000e-06	2.460918e-06	3.510710e-09	1.778674e+01	2.293057e+02
1.060000e-06	2.552590e-06	3.961259e-09	1.844931e+01	2.586288e+02
1.070000e-06	2.643178e-06	4.404960e-09	1.910406e+01	2.877723e+02
1.080000e-06	2.732666e-06	4.836520e-09	1.975085e+01	3.164042e+02
1.090000e-06	2.821059e-06	5.257922e-09	2.038972e+01	3.441976e+02
1.100000e-06	2.908401e-06	5.662846e-09	2.102100e+01	3.708628e+02
1.110000e-06	2.994744e-06	6.048193e-09	2.164506e+01	3.961754e+02
1.120000e-06	3.080136e-06	6.408778e-09	2.226225e+01	4.199924e+02
1.130000e-06	3.164513e-06	6.747124e-09	2.287210e+01	4.422563e+02
1.140000e-06	3.247723e-06	7.061437e-09	2.347351e+01	4.629850e+02
1.150000e-06	3.329696e-06	7.351963e-09	2.406599e+01	4.822525e+02
1.160000e-06	3.410380e-06	7.620918e-09	2.464914e+01	5.001651e+02
1.170000e-06	3.489758e-06	7.870339e-09	2.522286e+01	5.168410e+02
1.180000e-06	3.567846e-06	8.104351e-09	2.578726e+01	5.323951e+02
1.190000e-06	3.644544e-06	8.323468e-09	2.634161e+01	5.469320e+02
1.200000e-06	3.719699e-06	8.530897e-09	2.688481e+01	5.605461e+02
1.210000e-06	3.793256e-06	8.725008e-09	2.741645e+01	5.733231e+02
1.220000e-06	3.865308e-06	8.905429e-09	2.793722e+01	5.853429e+02
1.230000e-06	3.935919e-06	9.075151e-09	2.844758e+01	5.966783e+02
1.240000e-06	4.005151e-06	9.240191e-09	2.894796e+01	6.073919e+02
1.250000e-06	4.072859e-06	9.396588e-09	2.943734e+01	6.175319e+02
1.260000e-06	4.138886e-06	9.543591e-09	2.991456e+01	6.271297e+02
1.270000e-06	4.203286e-06	9.682092e-09	3.038002e+01	6.362015e+02
1.280000e-06	4.266174e-06	9.813970e-09	3.083455e+01	6.447542e+02
1.290000e-06	4.327633e-06	9.937955e-09	3.127876e+01	6.527938e+02
1.300000e-06	4.387576e-06	1.005326e-08	3.171201e+01	6.603347e+02
1.310000e-06	4.445831e-06	1.016097e-08	3.213305e+01	6.674049e+02
1.320000e-06	4.502287e-06	1.026435e-08	3.254110e+01	6.740465e+02
1.330000e-06	4.556992e-06	1.036278e-08	3.293649e+01	6.803113e+02
1.340000e-06	4.609879e-06	1.045461e-08	3.331874e+01	6.862521e+02
1.350000e-06	4.660672e-06	1.054044e-08	3.368586e+01	6.919144e+02
1.360000e-06	4.709412e-06	1.062348e-08	3.403814e+01	6.973304e+02
1.370000e-06	4.756382e-06	1.070522e-08	3.437762e+01	7.025163e+02
1.380000e-06	4.801725e-06	1.078315e-08	3.470534e+01	7.074753e+02
1.390000e-06	4.845312e-06	1.085552e-08	3.502038e+01	7.122018e+02
1.400000e-06	4.886961e-06	1.092339e-08	3.532141e+01	7.166869e+02
1.410000e-06	4.926713e-06	1.098926e-08	3.560872e+01	7.209228e+02
1.420000e-06	4.964780e-06	1.105268e-08	3.588385e+01	7.249039e+02
1.430000e-06	5.001136e-06	1.111188e-08	3.614663e+01	7.286275e+02
1.440000e-06	5.035478e-06	1.116569e-08	3.639484e+01	7.320924e+02
1.450000e-06	5.067858e-06	1.121492e-08	3.662887e+01	7.352991e+02
1.460000e-06	5.098466e-06	1.126044e-08	3.685010e+01	7.382504e+02
1.470000e-06	5.127341e-06	1.130268e-08	3.705879e+01	7.409534e+02
1.480000e-06	5.154300e-06	1.134064e-08	3.725364e+01	7.434211e+02
1.490000e-06	5.179108e-06	1.137641e-08	3.743295e+01	7.456718e+02
1.500000e-06	5.201907e-06	1.140967e-08	3.759774e+01	7.477276e+02
1.510000e-06	5.222970e-06	1.144268e-08	3.774997e+01	7.496104e+02
1.520000e-06	5.242180e-06	1.147472e-08	3.788881e+01	7.513373e+02
1.530000e-06	5.259323e-06	1.150042e-08	3.801272e+01	7.529178e+02
1.540000e-06	5.274375e-06	1.152065e-08	3.812151e+01	7.543528e+02
1.550000e-06	5.287320e-06	1.153903e-08	3.821507e+01	7.556363e+02
1.560000e-06	5.298020e-06	1.155790e-08	3.829241e+01	7.567582e+02
1.570000e-06	5.306541e-06	1.157342e-08	3.835400e+01	7.577085e+02
1.580000e-06	5.313151e-06	1.158483e-08	3.840177e+01	7.584791e+02
1.590000e-06	5.317885e-06	1.159452e-08	3.843599e+01	7.590641e+02
1.600000e-06	5.320569e-06	1.160311e-08	3.845538e+01	7.594593e+02
1.610000e-06	5.321208e-06	1.160739e-08	3.846000e+01	7.596613e+02
1.620000e-06	5.319993e-06	1.160710e-08	3.845122e+01	7.596681e+02
1.630000e-06	5.317059e-06	1.160364e-08	3.843002e+01	7.594813e+02
1.640000e-06	5.312257e-06	1.159650e-08	3.839531e+01	7.591100e+02
1.650000e-06	5.305421e-06	1.158903e-08	3.834590e+01	7.585732e+02
1.660000e-06	5.296825e-06	1.158258e-08	3.828377e+01	7.579004e+02
1.670000e-06	5.286574e-06	1.157406e-08	3.820968e+01	7.571273e+02
1.680000e-06	5.274384e-06	1.155834e-08	3.812157e+01	7.562884e+02
1.690000e-06	5.260118e-06	1.154885e-08	3.801846e+01	7.554079e+02
1.700000e-06	5.243728e-06	1.152967e-08	3.790000e+01	7.544922e+02
1.710000e-06	5.224767e-06	1.146937e-08	3.776296e+01	7.535278e+02
1.720000e-06	5.203097e-06	1.144588e-08	3.760633e+01	7.524854e+02
1.730000e-06	5.179447e-06	1.142020e-08	3.743540e+01	7.513300e+02
1.740000e-06	5.154717e-06	1.146868e-08	3.725666e+01	7.500324e+02
1.750000e-06	5.128985e-06	1.150166e-08	3.707068e+01	7.485800e+02
1.760000e-06	5.101224e-06	1.134297e-08	3.687003e+01	7.469798e+02
1.770000e-06	5.071158e-06	1.137806e-08	3.665272e+01	7.452544e+02
1.780000e-06	5.039489e-06	1.142229e-08	3.642383e+01	7.434313e+02
1.790000e-06	5.006048e-06	1.127216e-08	3.618213e+01	7.415299e+02
1.800000e-06	4.970832e-06	1.130316e-08	3.592759e+01	7.395520e+02
1.810000e-06	4.933763e-06	1.128675e-08	3.565967e+01	7.374781e+02
1.820000e-06	4.894535e-06	1.118643e-08	3.537615e+01	7.352740e+02
1.830000e-06	4.853573e-06	1.123208e-08	3.508009e+01	7.329029e+02
1.840000e-06	4.810874e-06	1.115281e-08	3.477147e+01	7.303388e+02
1.850000e-06	4.766254e-06	1.109820e-08	3.444897e+01	7.275767e+02
1.860000e-06	4.719880e-06	1.109515e-08	3.411379e+01	7.246337e+02
1.870000e-06	4.671611e-06	1.099323e-08	3.376492e+01	7.215416e+02
1.880000e-06	4.621449e-06	1.097750e-08	3.340237e+01	7.183326e+02
1.890000e-06	4.569288e-06	1.090305e-08	3.302536e+01	7.150257e+02
1.900000e-06	4.515069e-06	1.086054e-08	3.263349e+01	7.116179e+02
1.910000e-06	4.459184e-06	1.084171e-08	3.222957e+01	7.080852e+02
1.920000e-06	4.401626e-06	1.075147e-08	3.181355e+01	7.043929e+02
1.930000e-06	4.342512e-06	1.069888e-08	3.138630e+01	7.005115e+02
1.940000e-06	4.281593e-06	1.059963e-08	3.094600e+01	6.964316e+02
1.950000e-06	4.218763e-06	1.056929e-08	3.049188e+01	6.921709e+02
1.960000e-06	4.154452e-06	1.050720e-08	3.002706e+01	6.877714e+02
1.970000e-06	4.088679e-06	1.041077e-08	2.955167e+01	6.832856e+02
1.980000e-06	4.021547e-06	1.038400e-08	2.906646e+01	6.787582e+02
1.990000e-06	3.952734e-06	1.028467e-08	2.856911e+01	6.742092e+02
2.000000e-06	3.882060e-06	1.021821e-08	2.805830e+01	6.696256e+02
2.010000e-06	3.810012e-06	1.013699e-08	2.753756e+01	6.649643e+02
2.020000e-06	3.736663e-06	1.005785e-08	2.700742e+01	6.601660e+02
2.030000e-06	3.661835e-06	1.000236e-08	2.646658e+01	6.551736e+02
2.040000e-06	3.585312e-06	9.911831e-09	2.591350e+01	6.499493e+02
2.050000e-06	3.507109e-06	9.840073e-09	2.534827e+01	6.444839e+02
2.060000e-06	3.427595e-06	9.735331e-09	2.477357e+01	6.387948e+02
2.070000e-06	3.346958e-06	9.649279e-09	2.419075e+01	6.329153e+02
2.080000e-06	3.265153e-06	9.543424e-09	2.359949e+01	6.268793e+02
2.090000e-06	3.182225e-06	9.446246e-09	2.300011e+01	6.207081e+02
2.100000e-06	3.098114e-06	9.362012e-09	2.239219e+01	6.144045e+02
2.110000e-06	3.012600e-06	9.258734e-09	2.177412e+01	6.079552e+02
2.120000e-06	2.925806e-06	9.175678e-09	2.114680e+01	6.013409e+02
2.130000e-06	2.837987e-06	9.063794e-09	2.051207e+01	5.945471e+02
2.140000e-06	2.749181e-06	8.954515e-09	1.987021e+01	5.875720e+02
2.150000e-06	2.659396e-06	8.835597e-09	1.922127e+01	5.804271e+02
2.160000e-06	2.568692e-06	8.724242e-09	1.856569e+01	5.731293e+02
2.170000e-06	2.477131e-06	8.614319e-09	1.790392e+01	5.656899e+02
2.180000e-06	2.384575e-06	8.498620e-09	1.723495e+01	5.581038e+02
2.190000e-06	2.290883e-06	8.388807e-09	1.655777e+01	5.503447e+02
2.200000e-06	2.196145e-06	8.260666e-09	1.587304e+01	5.423693e+02
2.210000e-06	2.100625e-06	8.140249e-09	1.518265e+01	5.341283e+02
2.220000e-06	2.004455e-06	8.006663e-09	1.448756e+01	5.255823e+02
2.230000e-06	1.907534e-06	7.872532e-09	1.378705e+01	5.167136e+02
2.240000e-06	1.809968e-06	7.733852e-09	1.308188e+01	5.075325e+02
2.250000e-06	1.711816e-06	7.584920e-09	1.237247e+01	4.980730e+02
2.260000e-06	1.613065e-06	7.438218e-09	1.165872e+01	4.883813e+02
2.270000e-06	1.513799e-06	7.282971e-09	1.094126e+01	4.784995e+02
2.280000e-06	1.414084e-06	7.132327e-09	1.022055e+01	4.684520e+02
2.290000e-06	1.313911e-06	6.980642e-09	9.496535e+00	4.582378e+02
2.300000e-06	1.213245e-06	6.829476e-09	8.768948e+00	4.478314e+02
2.310000e-06	1.112022e-06	6.670204e-09	8.037340e+00	4.371910e+02
2.320000e-06	1.010217e-06	6.498714e-09	7.301531e+00	4.262700e+02
2.330000e-06	9.079118e-07	6.321840e-09	6.562098e+00	4.150286e+02
2.340000e-06	8.052275e-07	6.140020e-09	5.819929e+00	4.034398e+02
2.350000e-06	7.022108e-07	5.959127e-09	5.075357e+00	3.914911e+02
2.360000e-06	5.989253e-07	5.774025e-09	4.328842e+00	3.791800e+02
2.370000e-06	4.954667e-07	5.584133e-09	3.581076e+00	3.665078e+02
2.380000e-06	3.918401e-07	5.387747e-09	2.832096e+00	3.534746e+02
2.390000e-06	2.880556e-07	5.182533e-09	2.081975e+00	3.400756e+02
2.400000e-06	1.841265e-07	4.970945e-09	1.330808e+00	3.263018e+02
2.410000e-06	8.015161e-08	4.752108e-09	5.793104e-01	3.121413e+02
2.420000e-06	-2.385220e-08	4.528868e-09	-1.723961e-01	2.975819e+02
2.430000e-06	-1.278500e-07	4.300815e-09	-9.240596e-01	2.826111e+02
2.440000e-06	-2.317652e-07	4.068861e-09	-1.675126e+00	2.672151e+02
2.450000e-06	-3.356103e-07	3.829069e-09	-2.425685e+00	2.513761e+02
2.460000e-06	-4.393211e-07	3.576978e-09	-3.175274e+00	2.350707e+02
2.470000e-06	-5.428657e-07	3.320013e-09	-3.923661e+00	2.182702e+02
2.480000e-06	-6.462480e-07	3.058159e-09	-4.670876e+00	2.009430e+02
2.490000e-06	-7.494144e-07	2.789414e-09	-5.416530e+00	1.830594e+02
2.500000e-06	-8.522294e-07	2.508232e-09	-6.159644e+00	1.645964e+02
2.510000e-06	-9.545655e-07	2.213174e-09	-6.899296e+00	1.455407e+02
2.520000e-06	-1.056356e-06	1.910695e-09	-7.635007e+00	1.258880e+02
2.530000e-06	-1.157670e-06	1.601361e-09	-8.367268e+00	1.056403e+02
2.540000e-06	-1.258557e-06	1.284141e-09	-9.096451e+00	8.479959e+01
2.550000e-06	-1.358936e-06	9.592844e-10	-9.821958e+00	6.336175e+01
2.560000e-06	-1.458754e-06	6.288873e-10	-1.054341e+01	4.131204e+01
2.570000e-06	-1.557923e-06	2.893810e-10	-1.126017e+01	1.862311e+01
2.580000e-06	-1.656465e-06	-6.496040e-11	-1.197241e+01	-4.743544e+00
2.590000e-06	-1.754495e-06	-4.374973e-10	-1.268094e+01	-2.883313e+01
2.600000e-06	-1.851981e-06	-8.220388e-10	-1.338553e+01	-5.369068e+01
2.610000e-06	-1.948791e-06	-1.212130e-09	-1.408525e+01	-7.935216e+01
2.620000e-06	-2.044896e-06	-1.612956e-09	-1.477986e+01	-1.058338e+02
2.630000e-06	-2.140328e-06	-2.028153e-09	-1.546961e+01	-1.331200e+02
2.640000e-06	-2.235034e-06	-2.451841e-09	-1.615412e+01	-1.611508e+02
2.650000e-06	-2.328837e-06	-2.883666e-09	-1.683210e+01	-1.898101e+02
2.660000e-06	-2.421647e-06	-3.325105e-09	-1.750290e+01	-2.189188e+02
2.670000e-06	-2.513429e-06	-3.774855e-09	-1.816627e+01	-2.482347e+02
2.680000e-06	-2.604149e-06	-4.225410e-09	-1.882196e+01	-2.774625e+02
2.690000e-06	-2.693869e-06	-4.665739e-09	-1.947043e+01	-3.062745e+02
2.700000e-06	-2.782587e-06	-5.091288e-09	-2.011166e+01	-3.343389e+02
2.710000e-06	-2.870364e-06	-5.501359e-09	-2.074608e+01	-3.613524e+02
2.720000e-06	-2.957195e-06	-5.896536e-09	-2.137367e+01	-3.870695e+02
2.730000e-06	-3.042904e-06	-6.271128e-09	-2.199314e+01	-4.113231e+02
2.740000e-06	-3.127372e-06	-6.621866e-09	-2.260365e+01	-4.340316e+02
2.750000e-06	-3.210590e-06	-6.945705e-09	-2.320513e+01	-4.551932e+02
2.760000e-06	-3.292679e-06	-7.247315e-09	-2.379844e+01	-4.748680e+02
2.770000e-06	-3.373691e-06	-7.531992e-09	-2.438397e+01	-4.931555e+02
2.780000e-06	-3.453490e-06	-7.794062e-09	-2.496073e+01	-5.101725e+02
2.790000e-06	-3.531904e-06	-8.035601e-09	-2.552748e+01	-5.260356e+02
2.800000e-06	-3.608824e-06	-8.261480e-09	-2.608343e+01	-5.408528e+02
2.810000e-06	-3.684204e-06	-8.478835e-09	-2.662826e+01	-5.547212e+02
2.820000e-06	-3.758038e-06	-8.684683e-09	-2.716191e+01	-5.677287e+02
2.830000e-06	-3.830467e-06	-8.872892e-09	-2.768540e+01	-5.799568e+02
2.840000e-06	-3.901524e-06	-9.045536e-09	-2.819898e+01	-5.914806e+02
2.850000e-06	-3.971033e-06	-9.210414e-09	-2.870136e+01	-6.023659e+02
2.860000e-06	-4.038931e-06	-9.368232e-09	-2.919211e+01	-6.126655e+02
2.870000e-06	-4.105291e-06	-9.514077e-09	-2.967174e+01	-6.224158e+02
2.880000e-06	-4.170196e-06	-9.650407e-09	-3.014086e+01	-6.316367e+02
2.890000e-06	-4.233625e-06	-9.781139e-09	-3.059930e+01	-6.403369e+02
2.900000e-06	-4.295387e-06	-9.909598e-09	-3.104570e+01	-6.485218e+02
2.910000e-06	-4.355368e-06	-1.003140e-08	-3.147922e+01	-6.562027e+02
2.920000e-06	-4.413685e-06	-1.014176e-08	-3.190072e+01	-6.634034e+02
2.930000e-06	-4.470464e-06	-1.023970e-08	-3.231110e+01	-6.701622e+02
2.940000e-06	-4.525602e-06	-1.033224e-08	-3.270962e+01	-6.765289e+02
2.950000e-06	-4.578839e-06	-1.042280e-08	-3.309440e+01	-6.825569e+02
2.960000e-06	-4.630098e-06	-1.050924e-08	-3.346488e+01	-6.882945e+02
2.970000e-06	-4.679396e-06	-1.058918e-08	-3.382119e+01	-6.937782e+02
2.980000e-06	-4.726697e-06	-1.066748e-08	-3.416306e+01	-6.990288e+02
2.990000e-06	-4.772084e-06	-1.074870e-08	-3.449111e+01	-7.040527e+02
3.000000e-06	-4.815785e-06	-1.082866e-08	-3.480697e+01	-7.088461e+02
3.010000e-06	-4.857969e-06	-1.089783e-08	-3.511186e+01	-7.134008e+02
3.020000e-06	-4.898562e-06	-1.095621e-08	-3.540525e+01	-7.177083e+02
3.030000e-06	-4.937321e-06	-1.101142e-08	-3.568539e+01	-7.217624e+02
3.040000e-06	-4.974106e-06	-1.106810e-08	-3.595126e+01	-7.255595e+02
3.050000e-06	-5.008997e-06	-1.112315e-08	-3.620344e+01	-7.290980e+02
3.060000e-06	-5.042113e-06	-1.117134e-08	-3.644280e+01	-7.323780e+02
3.070000e-06	-5.073431e-06	-1.121617e-08	-3.666915e+01	-7.354015e+02
3.080000e-06	-5.102725e-06	-1.126272e-08	-3.688088e+01	-7.381742e+02
3.090000e-06	-5.130022e-06	-1.130775e-08	-3.707818e+01	-7.407071e+02
3.100000e-06	-5.155509e-06	-1.134189e-08	-3.726238e+01	-7.430174e+02
3.110000e-06	-5.179138e-06	-1.136423e-08	-3.743317e+01	-7.451263e+02
3.120000e-06	-5.200717e-06	-1.138483e-08	-3.758913e+01	-7.470562e+02
3.130000e-06	-5.220240e-06	-1.140987e-08	-3.773024e+01	-7.488260e+02
3.140000e-06	-5.237914e-06	-1.143609e-08	-3.785798e+01	-7.504477e+02
3.150000e-06	-5.253693e-06	-1.145927e-08	-3.797203e+01	-7.519243e+02
3.160000e-06	-5.267293e-06	-1.148028e-08	-3.807033e+01	-7.532517e+02
3.170000e-06	-5.278640e-06	-1.150166e-08	-3.815233e+01	-7.544206e+02
3.180000e-06	-5.287986e-06	-1.151995e-08	-3.821988e+01	-7.554206e+02
3.190000e-06	-5.295401e-06	-1.152939e-08	-3.827348e+01	-7.562429e+02
3.200000e-06	-5.300749e-06	-1.152982e-08	-3.831213e+01	-7.568811e+02
3.210000e-06	-5.304082e-06	-1.152935e-08	-3.833622e+01	-7.573306e+02
3.220000e-06	-5.305559e-06	-1.153424e-08	-3.834690e+01	-7.575879e+02
