# Temperatura_=_35.53
# Concentracion g/m^3_=_18600.0
# C_Vs_to_Am_M_A/Vsm_=_65563218390.804596
# pendiente_HvsI_1/m_=_3716.3
# ordenada_HvsI_A/m_=_1297.0
# frecuencia_Hz_=_310003.55316438555

Tiempo_(s)	Campo_(V.s)	Magnetizacion_(V.s)	Campo_(kA/m)	Magnetizacion_(A/m)
0.000000e+00	-5.302212e-06	-1.033729e-08	-3.834281e+01	-6.797877e+02
1.000000e-08	-5.300557e-06	-1.034624e-08	-3.833084e+01	-6.799288e+02
2.000000e-08	-5.296864e-06	-1.035048e-08	-3.830413e+01	-6.799271e+02
3.000000e-08	-5.291392e-06	-1.034926e-08	-3.826456e+01	-6.798031e+02
4.000000e-08	-5.284259e-06	-1.034446e-08	-3.821298e+01	-6.795731e+02
5.000000e-08	-5.275490e-06	-1.033518e-08	-3.814957e+01	-6.792477e+02
6.000000e-08	-5.264713e-06	-1.032081e-08	-3.807163e+01	-6.788316e+02
7.000000e-08	-5.251771e-06	-1.028993e-08	-3.797804e+01	-6.783246e+02
8.000000e-08	-5.236749e-06	-1.030231e-08	-3.786942e+01	-6.777227e+02
9.000000e-08	-5.219206e-06	-1.036963e-08	-3.774255e+01	-6.770189e+02
1.000000e-07	-5.199286e-06	-1.036223e-08	-3.759850e+01	-6.762063e+02
1.100000e-07	-5.177423e-06	-1.033225e-08	-3.744040e+01	-6.752798e+02
1.200000e-07	-5.153869e-06	-1.028470e-08	-3.727007e+01	-6.742393e+02
1.300000e-07	-5.128984e-06	-1.014795e-08	-3.709011e+01	-6.730912e+02
1.400000e-07	-5.102491e-06	-1.024495e-08	-3.689853e+01	-6.718473e+02
1.500000e-07	-5.073985e-06	-1.025631e-08	-3.669239e+01	-6.705218e+02
1.600000e-07	-5.043844e-06	-1.009647e-08	-3.647442e+01	-6.691255e+02
1.700000e-07	-5.012058e-06	-1.022359e-08	-3.624457e+01	-6.676597e+02
1.800000e-07	-4.978029e-06	-1.018691e-08	-3.599849e+01	-6.661125e+02
1.900000e-07	-4.942128e-06	-1.009161e-08	-3.573887e+01	-6.644586e+02
2.000000e-07	-4.904740e-06	-1.016269e-08	-3.546850e+01	-6.626643e+02
2.100000e-07	-4.865534e-06	-1.004570e-08	-3.518498e+01	-6.606960e+02
2.200000e-07	-4.824417e-06	-9.994276e-09	-3.488765e+01	-6.585297e+02
2.300000e-07	-4.781182e-06	-1.001662e-08	-3.457499e+01	-6.561585e+02
2.400000e-07	-4.735998e-06	-9.948486e-09	-3.424824e+01	-6.535941e+02
2.500000e-07	-4.689093e-06	-9.970955e-09	-3.390905e+01	-6.508627e+02
2.600000e-07	-4.640234e-06	-9.892581e-09	-3.355573e+01	-6.479962e+02
2.700000e-07	-4.589201e-06	-9.813523e-09	-3.318668e+01	-6.450210e+02
2.800000e-07	-4.536027e-06	-9.810553e-09	-3.280216e+01	-6.419508e+02
2.900000e-07	-4.481095e-06	-9.748861e-09	-3.240492e+01	-6.387832e+02
3.000000e-07	-4.424562e-06	-9.689781e-09	-3.199611e+01	-6.355042e+02
3.100000e-07	-4.366173e-06	-9.632864e-09	-3.157386e+01	-6.320963e+02
3.200000e-07	-4.306010e-06	-9.623787e-09	-3.113880e+01	-6.285479e+02
3.300000e-07	-4.244311e-06	-9.556546e-09	-3.069262e+01	-6.248605e+02
3.400000e-07	-4.181103e-06	-9.489615e-09	-3.023554e+01	-6.210486e+02
3.500000e-07	-4.116403e-06	-9.436169e-09	-2.976766e+01	-6.171350e+02
3.600000e-07	-4.049983e-06	-9.327011e-09	-2.928735e+01	-6.131415e+02
3.700000e-07	-3.981852e-06	-9.291727e-09	-2.879466e+01	-6.090795e+02
3.800000e-07	-3.912226e-06	-9.255425e-09	-2.829116e+01	-6.049450e+02
3.900000e-07	-3.841210e-06	-9.184004e-09	-2.777761e+01	-6.007188e+02
4.000000e-07	-3.768892e-06	-9.120180e-09	-2.725464e+01	-5.963733e+02
4.100000e-07	-3.695100e-06	-9.041916e-09	-2.672102e+01	-5.918818e+02
4.200000e-07	-3.619682e-06	-8.983097e-09	-2.617564e+01	-5.872271e+02
4.300000e-07	-3.542739e-06	-8.902373e-09	-2.561922e+01	-5.824059e+02
4.400000e-07	-3.464279e-06	-8.824798e-09	-2.505184e+01	-5.774272e+02
4.500000e-07	-3.384259e-06	-8.745978e-09	-2.447318e+01	-5.723068e+02
4.600000e-07	-3.302868e-06	-8.669547e-09	-2.388460e+01	-5.670585e+02
4.700000e-07	-3.220262e-06	-8.605857e-09	-2.328724e+01	-5.616888e+02
4.800000e-07	-3.136525e-06	-8.513060e-09	-2.268170e+01	-5.561947e+02
4.900000e-07	-3.051795e-06	-8.420937e-09	-2.206898e+01	-5.505666e+02
5.000000e-07	-2.966043e-06	-8.320401e-09	-2.144886e+01	-5.447950e+02
5.100000e-07	-2.879250e-06	-8.237304e-09	-2.082122e+01	-5.388757e+02
5.200000e-07	-2.791569e-06	-8.156025e-09	-2.018716e+01	-5.328130e+02
5.300000e-07	-2.703009e-06	-8.061245e-09	-1.954674e+01	-5.266170e+02
5.400000e-07	-2.613226e-06	-7.965978e-09	-1.889747e+01	-5.202982e+02
5.500000e-07	-2.522102e-06	-7.864256e-09	-1.823851e+01	-5.138591e+02
5.600000e-07	-2.429984e-06	-7.768145e-09	-1.757237e+01	-5.072902e+02
5.700000e-07	-2.337109e-06	-7.664128e-09	-1.690074e+01	-5.005686e+02
5.800000e-07	-2.243469e-06	-7.553790e-09	-1.622358e+01	-4.936640e+02
5.900000e-07	-2.148995e-06	-7.441044e-09	-1.554040e+01	-4.865474e+02
6.000000e-07	-2.053738e-06	-7.335537e-09	-1.485155e+01	-4.791996e+02
6.100000e-07	-1.957725e-06	-7.227900e-09	-1.415723e+01	-4.716177e+02
6.200000e-07	-1.860893e-06	-7.103423e-09	-1.345700e+01	-4.638142e+02
6.300000e-07	-1.763212e-06	-6.973373e-09	-1.275062e+01	-4.558114e+02
6.400000e-07	-1.664765e-06	-6.847481e-09	-1.203871e+01	-4.476325e+02
6.500000e-07	-1.565625e-06	-6.729185e-09	-1.132178e+01	-4.392927e+02
6.600000e-07	-1.465859e-06	-6.604154e-09	-1.060032e+01	-4.307944e+02
6.700000e-07	-1.365562e-06	-6.468018e-09	-9.875028e+00	-4.221273e+02
6.800000e-07	-1.264775e-06	-6.326216e-09	-9.146187e+00	-4.132730e+02
6.900000e-07	-1.163600e-06	-6.186215e-09	-8.414544e+00	-4.042115e+02
7.000000e-07	-1.062055e-06	-6.044856e-09	-7.680224e+00	-3.949263e+02
7.100000e-07	-9.601005e-07	-5.897853e-09	-6.942941e+00	-3.854061e+02
7.200000e-07	-8.578174e-07	-5.746993e-09	-6.203284e+00	-3.756431e+02
7.300000e-07	-7.552298e-07	-5.595912e-09	-5.461425e+00	-3.656286e+02
7.400000e-07	-6.523583e-07	-5.446010e-09	-4.717512e+00	-3.553496e+02
7.500000e-07	-5.493001e-07	-5.286425e-09	-3.972249e+00	-3.447891e+02
7.600000e-07	-4.460484e-07	-5.113780e-09	-3.225587e+00	-3.339286e+02
7.700000e-07	-3.426167e-07	-4.935447e-09	-2.477623e+00	-3.227546e+02
7.800000e-07	-2.390733e-07	-4.756825e-09	-1.728852e+00	-3.112632e+02
7.900000e-07	-1.354796e-07	-4.579410e-09	-9.797171e-01	-2.994610e+02
8.000000e-07	-3.185854e-08	-4.401279e-09	-2.303842e-01	-2.873616e+02
8.100000e-07	7.178538e-08	-4.211543e-09	5.191141e-01	-2.749763e+02
8.200000e-07	1.754075e-07	-4.018756e-09	1.268455e+00	-2.623045e+02
8.300000e-07	2.789676e-07	-3.825856e-09	2.017347e+00	-2.493268e+02
8.400000e-07	3.824588e-07	-3.621804e-09	2.765740e+00	-2.360048e+02
8.500000e-07	4.858739e-07	-3.406883e-09	3.513584e+00	-2.222887e+02
8.600000e-07	5.891472e-07	-3.184719e-09	4.260403e+00	-2.081304e+02
8.700000e-07	6.922368e-07	-2.959644e-09	5.005892e+00	-1.934972e+02
8.800000e-07	7.950553e-07	-2.732082e-09	5.749422e+00	-1.783817e+02
8.900000e-07	8.975247e-07	-2.499367e-09	6.490427e+00	-1.628019e+02
9.000000e-07	9.996179e-07	-2.256069e-09	7.228711e+00	-1.467935e+02
9.100000e-07	1.101335e-06	-2.005497e-09	7.964276e+00	-1.303951e+02
9.200000e-07	1.202713e-06	-1.752485e-09	8.697384e+00	-1.136331e+02
9.300000e-07	1.303715e-06	-1.493040e-09	9.427783e+00	-9.651180e+01
9.400000e-07	1.404255e-06	-1.223049e-09	1.015483e+01	-7.901231e+01
9.500000e-07	1.504244e-06	-9.417104e-10	1.087790e+01	-6.110025e+01
9.600000e-07	1.603654e-06	-6.556800e-10	1.159679e+01	-4.273856e+01
9.700000e-07	1.702431e-06	-3.719868e-10	1.231109e+01	-2.389953e+01
9.800000e-07	1.800423e-06	-8.333856e-11	1.301971e+01	-4.570803e+00
9.900000e-07	1.897536e-06	2.183430e-10	1.372198e+01	1.524732e+01
1.000000e-06	1.993820e-06	5.307040e-10	1.441826e+01	3.555159e+01
1.010000e-06	2.089420e-06	8.495160e-10	1.510959e+01	5.634739e+01
1.020000e-06	2.184313e-06	1.176184e-09	1.579580e+01	7.765563e+01
1.030000e-06	2.278357e-06	1.513761e-09	1.647588e+01	9.950972e+01
1.040000e-06	2.371620e-06	1.863366e-09	1.715031e+01	1.219414e+02
1.050000e-06	2.464125e-06	2.219640e-09	1.781925e+01	1.449586e+02
1.060000e-06	2.555781e-06	2.578199e-09	1.848207e+01	1.685229e+02
1.070000e-06	2.646373e-06	2.941253e-09	1.913718e+01	1.925340e+02
1.080000e-06	2.735713e-06	3.309643e-09	1.978323e+01	2.168278e+02
1.090000e-06	2.823931e-06	3.683366e-09	2.042118e+01	2.411904e+02
1.100000e-06	2.911207e-06	4.054503e-09	2.105231e+01	2.653829e+02
1.110000e-06	2.997468e-06	4.415078e-09	2.167611e+01	2.891712e+02
1.120000e-06	3.082701e-06	4.767583e-09	2.229247e+01	3.123521e+02
1.130000e-06	3.166980e-06	5.112083e-09	2.290193e+01	3.347680e+02
1.140000e-06	3.250147e-06	5.440949e-09	2.350335e+01	3.563094e+02
1.150000e-06	3.331961e-06	5.750497e-09	2.409499e+01	3.769067e+02
1.160000e-06	3.412434e-06	6.043240e-09	2.467693e+01	3.965171e+02
1.170000e-06	3.491612e-06	6.322402e-09	2.524950e+01	4.151133e+02
1.180000e-06	3.569519e-06	6.589575e-09	2.581289e+01	4.326783e+02
1.190000e-06	3.646171e-06	6.842237e-09	2.636719e+01	4.492070e+02
1.200000e-06	3.721332e-06	7.077455e-09	2.691071e+01	4.647122e+02
1.210000e-06	3.794794e-06	7.297099e-09	2.744195e+01	4.792302e+02
1.220000e-06	3.866728e-06	7.501732e-09	2.796214e+01	4.928208e+02
1.230000e-06	3.937213e-06	7.691163e-09	2.847186e+01	5.055604e+02
1.240000e-06	4.006271e-06	7.869185e-09	2.897124e+01	5.175294e+02
1.250000e-06	4.073929e-06	8.037470e-09	2.946051e+01	5.287983e+02
1.260000e-06	4.139870e-06	8.197809e-09	2.993736e+01	5.394174e+02
1.270000e-06	4.204101e-06	8.352231e-09	3.040184e+01	5.494146e+02
1.280000e-06	4.266848e-06	8.498453e-09	3.085560e+01	5.588019e+02
1.290000e-06	4.328179e-06	8.636348e-09	3.129911e+01	5.675873e+02
1.300000e-06	4.388094e-06	8.761667e-09	3.173239e+01	5.757885e+02
1.310000e-06	4.446212e-06	8.876410e-09	3.215267e+01	5.834411e+02
1.320000e-06	4.502431e-06	8.986085e-09	3.255921e+01	5.905995e+02
1.330000e-06	4.556984e-06	9.089910e-09	3.295371e+01	5.973288e+02
1.340000e-06	4.609761e-06	9.187383e-09	3.333537e+01	6.036925e+02
1.350000e-06	4.660433e-06	9.278995e-09	3.370180e+01	6.097402e+02
1.360000e-06	4.709054e-06	9.367316e-09	3.405340e+01	6.154998e+02
1.370000e-06	4.755911e-06	9.452171e-09	3.439225e+01	6.209778e+02
1.380000e-06	4.801142e-06	9.531311e-09	3.471933e+01	6.261671e+02
1.390000e-06	4.844675e-06	9.603319e-09	3.503414e+01	6.310577e+02
1.400000e-06	4.886198e-06	9.672834e-09	3.533441e+01	6.356469e+02
1.410000e-06	4.925835e-06	9.741489e-09	3.562105e+01	6.399445e+02
1.420000e-06	4.963778e-06	9.806530e-09	3.589543e+01	6.439713e+02
1.430000e-06	5.000029e-06	9.864226e-09	3.615758e+01	6.477525e+02
1.440000e-06	5.034296e-06	9.916279e-09	3.640538e+01	6.513092e+02
1.450000e-06	5.066530e-06	9.966231e-09	3.663848e+01	6.546515e+02
1.460000e-06	5.097004e-06	1.001330e-08	3.685885e+01	6.577778e+02
1.470000e-06	5.125816e-06	1.005785e-08	3.706721e+01	6.606784e+02
1.480000e-06	5.152652e-06	1.009939e-08	3.726127e+01	6.633442e+02
1.490000e-06	5.177309e-06	1.013887e-08	3.743957e+01	6.657736e+02
1.500000e-06	5.200032e-06	1.017595e-08	3.760390e+01	6.679780e+02
1.510000e-06	5.221010e-06	1.020971e-08	3.775560e+01	6.699807e+02
1.520000e-06	5.240124e-06	1.023725e-08	3.789382e+01	6.718105e+02
1.530000e-06	5.257078e-06	1.026057e-08	3.801642e+01	6.734940e+02
1.540000e-06	5.271995e-06	1.028188e-08	3.812430e+01	6.750473e+02
1.550000e-06	5.284931e-06	1.030452e-08	3.821784e+01	6.764716e+02
1.560000e-06	5.295586e-06	1.032780e-08	3.829489e+01	6.777549e+02
1.570000e-06	5.304042e-06	1.034691e-08	3.835604e+01	6.788770e+02
1.580000e-06	5.310592e-06	1.036248e-08	3.840340e+01	6.798174e+02
1.590000e-06	5.315300e-06	1.037503e-08	3.843745e+01	6.805623e+02
1.600000e-06	5.317933e-06	1.038514e-08	3.845649e+01	6.811092e+02
1.610000e-06	5.318418e-06	1.039203e-08	3.846000e+01	6.814671e+02
1.620000e-06	5.317035e-06	1.038923e-08	3.845000e+01	6.816539e+02
1.630000e-06	5.314020e-06	1.038678e-08	3.842820e+01	6.816914e+02
1.640000e-06	5.309182e-06	1.038725e-08	3.839321e+01	6.816012e+02
1.650000e-06	5.302303e-06	1.038619e-08	3.834346e+01	6.814008e+02
1.660000e-06	5.293699e-06	1.038507e-08	3.828125e+01	6.811027e+02
1.670000e-06	5.283444e-06	1.038769e-08	3.820709e+01	6.807130e+02
1.680000e-06	5.271224e-06	1.041535e-08	3.811872e+01	6.802330e+02
1.690000e-06	5.256923e-06	1.035020e-08	3.801530e+01	6.796595e+02
1.700000e-06	5.240458e-06	1.026509e-08	3.789623e+01	6.789863e+02
1.710000e-06	5.221223e-06	1.027063e-08	3.775714e+01	6.782061e+02
1.720000e-06	5.199154e-06	1.024667e-08	3.759755e+01	6.773131e+02
1.730000e-06	5.175244e-06	1.037046e-08	3.742464e+01	6.763056e+02
1.740000e-06	5.150545e-06	1.034002e-08	3.724603e+01	6.751879e+02
1.750000e-06	5.124882e-06	1.015974e-08	3.706045e+01	6.739706e+02
1.760000e-06	5.096892e-06	1.032964e-08	3.685804e+01	6.726678e+02
1.770000e-06	5.066681e-06	1.027769e-08	3.663957e+01	6.712917e+02
1.780000e-06	5.035027e-06	1.016100e-08	3.641067e+01	6.698471e+02
1.790000e-06	5.001394e-06	1.032238e-08	3.616745e+01	6.683259e+02
1.800000e-06	4.966069e-06	1.016613e-08	3.591200e+01	6.667064e+02
1.810000e-06	4.929019e-06	1.012379e-08	3.564407e+01	6.649566e+02
1.820000e-06	4.889678e-06	1.023040e-08	3.535958e+01	6.630417e+02
1.830000e-06	4.848616e-06	1.006527e-08	3.506264e+01	6.609343e+02
1.840000e-06	4.805817e-06	1.011569e-08	3.475314e+01	6.586219e+02
1.850000e-06	4.761085e-06	1.002886e-08	3.442966e+01	6.561112e+02
1.860000e-06	4.714655e-06	9.926510e-09	3.409391e+01	6.534250e+02
1.870000e-06	4.666254e-06	1.003857e-08	3.374389e+01	6.505947e+02
1.880000e-06	4.616023e-06	9.849187e-09	3.338065e+01	6.476492e+02
1.890000e-06	4.563832e-06	9.851375e-09	3.300323e+01	6.446064e+02
1.900000e-06	4.509468e-06	9.838035e-09	3.261010e+01	6.414684e+02
1.910000e-06	4.453420e-06	9.729047e-09	3.220479e+01	6.382238e+02
1.920000e-06	4.395708e-06	9.735361e-09	3.178745e+01	6.348550e+02
1.930000e-06	4.336500e-06	9.593410e-09	3.135929e+01	6.313480e+02
1.940000e-06	4.275548e-06	9.608894e-09	3.091851e+01	6.277000e+02
1.950000e-06	4.212709e-06	9.523360e-09	3.046410e+01	6.239222e+02
1.960000e-06	4.148407e-06	9.468104e-09	2.999909e+01	6.200360e+02
1.970000e-06	4.082609e-06	9.474528e-09	2.952328e+01	6.160642e+02
1.980000e-06	4.015433e-06	9.314489e-09	2.903750e+01	6.120222e+02
1.990000e-06	3.946551e-06	9.308948e-09	2.853938e+01	6.079105e+02
2.000000e-06	3.875882e-06	9.197473e-09	2.802834e+01	6.037138e+02
2.010000e-06	3.803864e-06	9.144228e-09	2.750755e+01	5.994061e+02
2.020000e-06	3.730473e-06	9.104314e-09	2.697682e+01	5.949593e+02
2.030000e-06	3.655595e-06	8.993673e-09	2.643534e+01	5.903529e+02
2.040000e-06	3.578967e-06	8.970985e-09	2.588121e+01	5.855795e+02
2.050000e-06	3.500729e-06	8.852493e-09	2.531543e+01	5.806450e+02
2.060000e-06	3.421225e-06	8.802412e-09	2.474050e+01	5.755642e+02
2.070000e-06	3.340557e-06	8.695716e-09	2.415715e+01	5.703521e+02
2.080000e-06	3.258770e-06	8.603842e-09	2.356571e+01	5.650177e+02
2.090000e-06	3.175865e-06	8.540401e-09	2.296618e+01	5.595606e+02
2.100000e-06	3.091737e-06	8.443928e-09	2.235781e+01	5.539726e+02
2.110000e-06	3.006196e-06	8.387477e-09	2.173923e+01	5.482435e+02
2.120000e-06	2.919414e-06	8.271434e-09	2.111166e+01	5.423670e+02
2.130000e-06	2.831610e-06	8.189357e-09	2.047672e+01	5.363451e+02
2.140000e-06	2.742785e-06	8.086557e-09	1.983437e+01	5.301867e+02
2.150000e-06	2.652990e-06	7.988683e-09	1.918503e+01	5.239029e+02
2.160000e-06	2.562334e-06	7.891229e-09	1.852945e+01	5.174994e+02
2.170000e-06	2.470736e-06	7.782747e-09	1.786706e+01	5.109700e+02
2.180000e-06	2.378081e-06	7.694713e-09	1.719703e+01	5.042957e+02
2.190000e-06	2.284466e-06	7.591805e-09	1.652005e+01	4.974473e+02
2.200000e-06	2.189874e-06	7.488671e-09	1.583602e+01	4.903945e+02
2.210000e-06	2.094393e-06	7.366864e-09	1.514555e+01	4.831145e+02
2.220000e-06	1.998202e-06	7.252465e-09	1.444994e+01	4.755996e+02
2.230000e-06	1.901320e-06	7.134932e-09	1.374934e+01	4.678581e+02
2.240000e-06	1.803725e-06	7.015996e-09	1.304359e+01	4.599104e+02
2.250000e-06	1.705543e-06	6.890964e-09	1.233359e+01	4.517805e+02
2.260000e-06	1.606882e-06	6.762751e-09	1.162012e+01	4.434865e+02
2.270000e-06	1.507672e-06	6.634893e-09	1.090269e+01	4.350347e+02
2.280000e-06	1.407936e-06	6.504822e-09	1.018145e+01	4.264182e+02
2.290000e-06	1.307668e-06	6.374841e-09	9.456368e+00	4.176202e+02
2.300000e-06	1.206852e-06	6.237572e-09	8.727320e+00	4.086205e+02
2.310000e-06	1.105512e-06	6.101100e-09	7.994482e+00	3.994013e+02
2.320000e-06	1.003713e-06	5.953579e-09	7.258323e+00	3.899498e+02
2.330000e-06	9.015020e-07	5.805069e-09	6.519188e+00	3.802577e+02
2.340000e-06	7.988587e-07	5.649098e-09	5.776926e+00	3.703168e+02
2.350000e-06	6.958957e-07	5.490574e-09	5.032351e+00	3.601157e+02
2.360000e-06	5.926609e-07	5.334667e-09	4.285812e+00	3.496383e+02
2.370000e-06	4.891818e-07	5.175743e-09	3.537505e+00	3.388659e+02
2.380000e-06	3.855491e-07	5.012962e-09	2.788088e+00	3.277831e+02
2.390000e-06	2.818216e-07	4.838533e-09	2.037986e+00	3.163828e+02
2.400000e-06	1.780031e-07	4.655434e-09	1.287224e+00	3.046689e+02
2.410000e-06	7.409560e-08	4.466698e-09	5.358204e-01	2.926537e+02
2.420000e-06	-2.983486e-08	4.279727e-09	-2.157500e-01	2.803501e+02
2.430000e-06	-1.337835e-07	4.087538e-09	-9.674520e-01	2.677620e+02
2.440000e-06	-2.377405e-07	3.892225e-09	-1.719214e+00	2.548756e+02
2.450000e-06	-3.416040e-07	3.694065e-09	-2.470300e+00	2.416574e+02
2.460000e-06	-4.453213e-07	3.486573e-09	-3.220329e+00	2.280599e+02
2.470000e-06	-5.489006e-07	3.274775e-09	-3.969360e+00	2.140329e+02
2.480000e-06	-6.522034e-07	3.054228e-09	-4.716391e+00	1.995380e+02
2.490000e-06	-7.551875e-07	2.826156e-09	-5.461119e+00	1.845602e+02
2.500000e-06	-8.578688e-07	2.589704e-09	-6.203656e+00	1.691107e+02
2.510000e-06	-9.601250e-07	2.343987e-09	-6.943119e+00	1.532214e+02
2.520000e-06	-1.061890e-06	2.092977e-09	-7.679028e+00	1.369316e+02
2.530000e-06	-1.163162e-06	1.837558e-09	-8.411378e+00	1.202727e+02
2.540000e-06	-1.263884e-06	1.581159e-09	-9.139741e+00	1.032557e+02
2.550000e-06	-1.364004e-06	1.318789e-09	-9.863758e+00	8.586804e+01
2.560000e-06	-1.463503e-06	1.049901e-09	-1.058328e+01	6.807849e+01
2.570000e-06	-1.562479e-06	7.733247e-10	-1.129902e+01	4.984938e+01
2.580000e-06	-1.660970e-06	4.877014e-10	-1.201126e+01	3.114940e+01
2.590000e-06	-1.758924e-06	1.933794e-10	-1.271962e+01	1.196168e+01
2.600000e-06	-1.856269e-06	-1.083397e-10	-1.342356e+01	-7.716338e+00
2.610000e-06	-1.952907e-06	-4.117831e-10	-1.412239e+01	-2.788102e+01
2.620000e-06	-2.048832e-06	-7.228148e-10	-1.481607e+01	-4.853427e+01
2.630000e-06	-2.144102e-06	-1.044569e-09	-1.550502e+01	-6.969236e+01
2.640000e-06	-2.238760e-06	-1.372643e-09	-1.618953e+01	-9.138611e+01
2.650000e-06	-2.332551e-06	-1.706841e-09	-1.686778e+01	-1.136497e+02
2.660000e-06	-2.425219e-06	-2.050433e-09	-1.753791e+01	-1.365005e+02
2.670000e-06	-2.516786e-06	-2.407490e-09	-1.820007e+01	-1.599151e+02
2.680000e-06	-2.607394e-06	-2.774269e-09	-1.885530e+01	-1.838119e+02
2.690000e-06	-2.697089e-06	-3.141491e-09	-1.950393e+01	-2.080443e+02
2.700000e-06	-2.785792e-06	-3.507227e-09	-2.014538e+01	-2.324104e+02
2.710000e-06	-2.873484e-06	-3.875826e-09	-2.077952e+01	-2.566754e+02
2.720000e-06	-2.960200e-06	-4.246353e-09	-2.140661e+01	-2.806010e+02
2.730000e-06	-3.045804e-06	-4.607905e-09	-2.202565e+01	-3.039730e+02
2.740000e-06	-3.130080e-06	-4.953251e-09	-2.263509e+01	-3.266199e+02
2.750000e-06	-3.213166e-06	-5.281813e-09	-2.323593e+01	-3.484191e+02
2.760000e-06	-3.295200e-06	-5.598550e-09	-2.382915e+01	-3.692907e+02
2.770000e-06	-3.376085e-06	-5.907039e-09	-2.441407e+01	-3.891856e+02
2.780000e-06	-3.455787e-06	-6.200075e-09	-2.499043e+01	-4.080731e+02
2.790000e-06	-3.534108e-06	-6.471875e-09	-2.555681e+01	-4.259331e+02
2.800000e-06	-3.610750e-06	-6.727021e-09	-2.611105e+01	-4.427568e+02
2.810000e-06	-3.685847e-06	-6.971614e-09	-2.665411e+01	-4.585511e+02
2.820000e-06	-3.759568e-06	-7.204212e-09	-2.718722e+01	-4.733453e+02
2.830000e-06	-3.831918e-06	-7.419292e-09	-2.771041e+01	-4.871929e+02
2.840000e-06	-3.902959e-06	-7.617454e-09	-2.822415e+01	-5.001666e+02
2.850000e-06	-3.972352e-06	-7.805364e-09	-2.872596e+01	-5.123472e+02
2.860000e-06	-4.039991e-06	-7.984356e-09	-2.921509e+01	-5.238093e+02
2.870000e-06	-4.106187e-06	-8.151197e-09	-2.969378e+01	-5.346096e+02
2.880000e-06	-4.170945e-06	-8.303949e-09	-3.016208e+01	-5.447821e+02
2.890000e-06	-4.234289e-06	-8.445953e-09	-3.062015e+01	-5.543422e+02
2.900000e-06	-4.295963e-06	-8.583888e-09	-3.106614e+01	-5.632977e+02
2.910000e-06	-4.355823e-06	-8.715905e-09	-3.149902e+01	-5.716623e+02
2.920000e-06	-4.414112e-06	-8.835407e-09	-3.192054e+01	-5.794662e+02
2.930000e-06	-4.470863e-06	-8.942690e-09	-3.233093e+01	-5.867587e+02
2.940000e-06	-4.526011e-06	-9.042248e-09	-3.272973e+01	-5.936031e+02
2.950000e-06	-4.579174e-06	-9.140362e-09	-3.311418e+01	-6.000647e+02
2.960000e-06	-4.630240e-06	-9.234510e-09	-3.348346e+01	-6.061981e+02
2.970000e-06	-4.679404e-06	-9.321713e-09	-3.383898e+01	-6.120378e+02
2.980000e-06	-4.726460e-06	-9.405692e-09	-3.417927e+01	-6.175958e+02
2.990000e-06	-4.771652e-06	-9.489538e-09	-3.450608e+01	-6.228681e+02
3.000000e-06	-4.815345e-06	-9.570433e-09	-3.482204e+01	-6.278441e+02
3.010000e-06	-4.857401e-06	-9.642075e-09	-3.512616e+01	-6.325182e+02
3.020000e-06	-4.897786e-06	-9.705712e-09	-3.541821e+01	-6.368967e+02
3.030000e-06	-4.936440e-06	-9.764660e-09	-3.569774e+01	-6.409976e+02
3.040000e-06	-4.973110e-06	-9.821035e-09	-3.596291e+01	-6.448458e+02
3.050000e-06	-5.007841e-06	-9.876919e-09	-3.621407e+01	-6.484644e+02
3.060000e-06	-5.040862e-06	-9.930502e-09	-3.645286e+01	-6.518669e+02
3.070000e-06	-5.072146e-06	-9.979795e-09	-3.667909e+01	-6.550549e+02
3.080000e-06	-5.101317e-06	-1.002721e-08	-3.689004e+01	-6.580205e+02
3.090000e-06	-5.128450e-06	-1.006999e-08	-3.708625e+01	-6.607532e+02
3.100000e-06	-5.153827e-06	-1.010613e-08	-3.726976e+01	-6.632489e+02
3.110000e-06	-5.177374e-06	-1.013610e-08	-3.744004e+01	-6.655150e+02
3.120000e-06	-5.198810e-06	-1.016326e-08	-3.759506e+01	-6.675717e+02
3.130000e-06	-5.218193e-06	-1.019004e-08	-3.773523e+01	-6.694473e+02
3.140000e-06	-5.235822e-06	-1.021714e-08	-3.786271e+01	-6.711697e+02
3.150000e-06	-5.251599e-06	-1.024452e-08	-3.797680e+01	-6.727586e+02
3.160000e-06	-5.265116e-06	-1.026967e-08	-3.807455e+01	-6.742198e+02
3.170000e-06	-5.276252e-06	-1.029040e-08	-3.815508e+01	-6.755446e+02
3.180000e-06	-5.285445e-06	-1.030565e-08	-3.822156e+01	-6.767142e+02
3.190000e-06	-5.292801e-06	-1.031547e-08	-3.827475e+01	-6.777076e+02
3.200000e-06	-5.297988e-06	-1.032263e-08	-3.831226e+01	-6.785085e+02
3.210000e-06	-5.301066e-06	-1.032931e-08	-3.833452e+01	-6.791108e+02
3.220000e-06	-5.302340e-06	-1.033323e-08	-3.834373e+01	-6.795205e+02
