# Temperatura_=_48.47
# Concentracion g/m^3_=_18600.0
# C_Vs_to_Am_M_A/Vsm_=_65563218390.804596
# pendiente_HvsI_1/m_=_3716.3
# ordenada_HvsI_A/m_=_1297.0
# frecuencia_Hz_=_310005.9501050856

Tiempo_(s)	Campo_(V.s)	Magnetizacion_(V.s)	Campo_(kA/m)	Magnetizacion_(A/m)
0.000000e+00	-5.297546e-06	-1.089572e-08	-3.834359e+01	-7.167143e+02
1.000000e-08	-5.295917e-06	-1.090139e-08	-3.833180e+01	-7.167539e+02
2.000000e-08	-5.292247e-06	-1.090155e-08	-3.830524e+01	-7.165522e+02
3.000000e-08	-5.286771e-06	-1.089880e-08	-3.826560e+01	-7.161456e+02
4.000000e-08	-5.279653e-06	-1.089337e-08	-3.821408e+01	-7.155948e+02
5.000000e-08	-5.270843e-06	-1.088177e-08	-3.815032e+01	-7.149628e+02
6.000000e-08	-5.259942e-06	-1.086034e-08	-3.807142e+01	-7.142932e+02
7.000000e-08	-5.246914e-06	-1.082124e-08	-3.797712e+01	-7.135959e+02
8.000000e-08	-5.231783e-06	-1.083544e-08	-3.786760e+01	-7.128469e+02
9.000000e-08	-5.214196e-06	-1.088688e-08	-3.774030e+01	-7.120023e+02
1.000000e-07	-5.194294e-06	-1.087795e-08	-3.759626e+01	-7.110206e+02
1.100000e-07	-5.172478e-06	-1.087311e-08	-3.743835e+01	-7.098834e+02
1.200000e-07	-5.149050e-06	-1.081373e-08	-3.726878e+01	-7.086065e+02
1.300000e-07	-5.124293e-06	-1.068697e-08	-3.708959e+01	-7.072354e+02
1.400000e-07	-5.097836e-06	-1.076967e-08	-3.689809e+01	-7.058280e+02
1.500000e-07	-5.069288e-06	-1.073119e-08	-3.669146e+01	-7.044295e+02
1.600000e-07	-5.039113e-06	-1.063496e-08	-3.647306e+01	-7.030514e+02
1.700000e-07	-5.007270e-06	-1.074937e-08	-3.624258e+01	-7.016624e+02
1.800000e-07	-4.973173e-06	-1.067460e-08	-3.599579e+01	-7.001949e+02
1.900000e-07	-4.937260e-06	-1.065118e-08	-3.573584e+01	-6.985658e+02
2.000000e-07	-4.899869e-06	-1.069391e-08	-3.546521e+01	-6.967031e+02
2.100000e-07	-4.860644e-06	-1.056228e-08	-3.518130e+01	-6.945689e+02
2.200000e-07	-4.819466e-06	-1.053014e-08	-3.488326e+01	-6.921690e+02
2.300000e-07	-4.776203e-06	-1.050547e-08	-3.457012e+01	-6.895477e+02
2.400000e-07	-4.731026e-06	-1.043439e-08	-3.424313e+01	-6.867694e+02
2.500000e-07	-4.684128e-06	-1.045758e-08	-3.390368e+01	-6.838941e+02
2.600000e-07	-4.635224e-06	-1.039184e-08	-3.354971e+01	-6.809573e+02
2.700000e-07	-4.584125e-06	-1.034705e-08	-3.317986e+01	-6.779616e+02
2.800000e-07	-4.530994e-06	-1.032166e-08	-3.279529e+01	-6.748808e+02
2.900000e-07	-4.476066e-06	-1.025909e-08	-3.239773e+01	-6.716757e+02
3.000000e-07	-4.419439e-06	-1.019036e-08	-3.198786e+01	-6.683127e+02
3.100000e-07	-4.361017e-06	-1.011311e-08	-3.156500e+01	-6.647780e+02
3.200000e-07	-4.300868e-06	-1.010500e-08	-3.112965e+01	-6.610818e+02
3.300000e-07	-4.239121e-06	-1.003968e-08	-3.068272e+01	-6.572522e+02
3.400000e-07	-4.175883e-06	-9.991141e-09	-3.022500e+01	-6.533207e+02
3.500000e-07	-4.111171e-06	-9.941038e-09	-2.975662e+01	-6.493086e+02
3.600000e-07	-4.044719e-06	-9.845585e-09	-2.927564e+01	-6.452176e+02
3.700000e-07	-3.976588e-06	-9.798366e-09	-2.878251e+01	-6.410306e+02
3.800000e-07	-3.907039e-06	-9.730568e-09	-2.827911e+01	-6.367201e+02
3.900000e-07	-3.836168e-06	-9.659502e-09	-2.776615e+01	-6.322616e+02
4.000000e-07	-3.763998e-06	-9.585820e-09	-2.724379e+01	-6.276434e+02
4.100000e-07	-3.690230e-06	-9.505049e-09	-2.670985e+01	-6.228714e+02
4.200000e-07	-3.614778e-06	-9.446653e-09	-2.616374e+01	-6.179639e+02
4.300000e-07	-3.537855e-06	-9.371143e-09	-2.560697e+01	-6.129413e+02
4.400000e-07	-3.459478e-06	-9.300331e-09	-2.503967e+01	-6.078139e+02
4.500000e-07	-3.379523e-06	-9.218053e-09	-2.446096e+01	-6.025742e+02
4.600000e-07	-3.298101e-06	-9.136655e-09	-2.387163e+01	-5.971975e+02
4.700000e-07	-3.215520e-06	-9.058358e-09	-2.327390e+01	-5.916490e+02
4.800000e-07	-3.131893e-06	-8.963755e-09	-2.266861e+01	-5.858972e+02
4.900000e-07	-3.047249e-06	-8.873657e-09	-2.205596e+01	-5.799253e+02
5.000000e-07	-2.961497e-06	-8.770879e-09	-2.143529e+01	-5.737375e+02
5.100000e-07	-2.874720e-06	-8.679625e-09	-2.080720e+01	-5.673565e+02
5.200000e-07	-2.787128e-06	-8.587381e-09	-2.017321e+01	-5.608147e+02
5.300000e-07	-2.698612e-06	-8.488496e-09	-1.953253e+01	-5.541410e+02
5.400000e-07	-2.608878e-06	-8.386480e-09	-1.888303e+01	-5.473497e+02
5.500000e-07	-2.517883e-06	-8.275357e-09	-1.822441e+01	-5.404357e+02
5.600000e-07	-2.425854e-06	-8.169180e-09	-1.755831e+01	-5.333762e+02
5.700000e-07	-2.333017e-06	-8.057051e-09	-1.688636e+01	-5.261396e+02
5.800000e-07	-2.239371e-06	-7.941598e-09	-1.620855e+01	-5.186953e+02
5.900000e-07	-2.144868e-06	-7.822014e-09	-1.552454e+01	-5.110232e+02
6.000000e-07	-2.049618e-06	-7.705798e-09	-1.483512e+01	-5.031162e+02
6.100000e-07	-1.953682e-06	-7.585700e-09	-1.414073e+01	-4.949788e+02
6.200000e-07	-1.857020e-06	-7.453732e-09	-1.344110e+01	-4.866204e+02
6.300000e-07	-1.759548e-06	-7.318714e-09	-1.273559e+01	-4.780489e+02
6.400000e-07	-1.661209e-06	-7.183666e-09	-1.202382e+01	-4.692655e+02
6.500000e-07	-1.562080e-06	-7.052832e-09	-1.130632e+01	-4.602647e+02
6.600000e-07	-1.462340e-06	-6.914524e-09	-1.058441e+01	-4.510371e+02
6.700000e-07	-1.362096e-06	-6.766449e-09	-9.858838e+00	-4.415734e+02
6.800000e-07	-1.261419e-06	-6.611247e-09	-9.130140e+00	-4.318685e+02
6.900000e-07	-1.160397e-06	-6.457162e-09	-8.398944e+00	-4.219219e+02
7.000000e-07	-1.058980e-06	-6.304455e-09	-7.664887e+00	-4.117352e+02
7.100000e-07	-9.571279e-07	-6.146996e-09	-6.927684e+00	-4.013082e+02
7.200000e-07	-8.548818e-07	-5.982293e-09	-6.187627e+00	-3.906357e+02
7.300000e-07	-7.522953e-07	-5.813984e-09	-5.445107e+00	-3.797059e+02
7.400000e-07	-6.494846e-07	-5.645359e-09	-4.700964e+00	-3.685025e+02
7.500000e-07	-5.464688e-07	-5.468730e-09	-3.955336e+00	-3.570083e+02
7.600000e-07	-4.432430e-07	-5.284074e-09	-3.208189e+00	-3.452091e+02
7.700000e-07	-3.398791e-07	-5.096231e-09	-2.460042e+00	-3.330953e+02
7.800000e-07	-2.364404e-07	-4.907324e-09	-1.711354e+00	-3.206608e+02
7.900000e-07	-1.328813e-07	-4.719252e-09	-9.617939e-01	-3.078985e+02
8.000000e-07	-2.928588e-08	-4.524877e-09	-2.119709e-01	-2.947962e+02
8.100000e-07	7.425691e-08	-4.315359e-09	5.374708e-01	-2.813334e+02
8.200000e-07	1.777851e-07	-4.100295e-09	1.286807e+00	-2.674819e+02
8.300000e-07	2.813066e-07	-3.881604e-09	2.036095e+00	-2.532095e+02
8.400000e-07	3.847638e-07	-3.655880e-09	2.784917e+00	-2.384871e+02
8.500000e-07	4.880781e-07	-3.424801e-09	3.532705e+00	-2.232937e+02
8.600000e-07	5.912355e-07	-3.187348e-09	4.279358e+00	-2.076205e+02
8.700000e-07	6.942051e-07	-2.943037e-09	5.024650e+00	-1.914692e+02
8.800000e-07	7.969310e-07	-2.693117e-09	5.768180e+00	-1.748477e+02
8.900000e-07	8.993602e-07	-2.435995e-09	6.509561e+00	-1.577639e+02
9.000000e-07	1.001414e-06	-2.166206e-09	7.248227e+00	-1.402193e+02
9.100000e-07	1.103008e-06	-1.885221e-09	7.983559e+00	-1.222069e+02
9.200000e-07	1.204219e-06	-1.601748e-09	8.716127e+00	-1.037113e+02
9.300000e-07	1.305097e-06	-1.314495e-09	9.446284e+00	-8.471275e+01
9.400000e-07	1.405568e-06	-1.018425e-09	1.017349e+01	-6.518998e+01
9.500000e-07	1.505562e-06	-7.106112e-10	1.089725e+01	-4.512289e+01
9.600000e-07	1.604985e-06	-3.934305e-10	1.161687e+01	-2.449150e+01
9.700000e-07	1.703675e-06	-7.094604e-11	1.233118e+01	-3.273148e+00
9.800000e-07	1.801504e-06	2.616212e-10	1.303927e+01	1.856045e+01
9.900000e-07	1.898450e-06	6.073570e-10	1.374096e+01	4.104346e+01
1.000000e-06	1.994578e-06	9.660433e-10	1.443674e+01	6.421147e+01
1.010000e-06	2.090006e-06	1.333737e-09	1.512744e+01	8.809187e+01
1.020000e-06	2.184685e-06	1.711275e-09	1.581273e+01	1.126906e+02
1.030000e-06	2.278567e-06	2.097510e-09	1.649225e+01	1.379786e+02
1.040000e-06	2.371684e-06	2.493417e-09	1.716623e+01	1.638809e+02
1.050000e-06	2.464060e-06	2.897411e-09	1.783484e+01	1.902721e+02
1.060000e-06	2.555589e-06	3.304601e-09	1.849733e+01	2.169783e+02
1.070000e-06	2.645980e-06	3.713454e-09	1.915158e+01	2.437865e+02
1.080000e-06	2.735150e-06	4.117517e-09	1.979700e+01	2.704571e+02
1.090000e-06	2.823287e-06	4.518714e-09	2.043493e+01	2.967401e+02
1.100000e-06	2.910486e-06	4.909783e-09	2.106607e+01	3.223905e+02
1.110000e-06	2.996653e-06	5.286790e-09	2.168975e+01	3.471831e+02
1.120000e-06	3.081793e-06	5.646278e-09	2.230599e+01	3.709264e+02
1.130000e-06	3.165967e-06	5.989289e-09	2.291524e+01	3.934730e+02
1.140000e-06	3.249007e-06	6.312718e-09	2.351629e+01	4.147286e+02
1.150000e-06	3.330674e-06	6.612452e-09	2.410739e+01	4.346548e+02
1.160000e-06	3.411031e-06	6.890902e-09	2.468901e+01	4.532677e+02
1.170000e-06	3.490127e-06	7.151494e-09	2.526151e+01	4.706284e+02
1.180000e-06	3.567930e-06	7.396425e-09	2.582464e+01	4.868285e+02
1.190000e-06	3.644486e-06	7.625534e-09	2.637876e+01	5.019724e+02
1.200000e-06	3.719554e-06	7.841305e-09	2.692210e+01	5.161607e+02
1.210000e-06	3.792943e-06	8.044088e-09	2.745329e+01	5.294781e+02
1.220000e-06	3.864788e-06	8.234497e-09	2.797330e+01	5.419891e+02
1.230000e-06	3.935173e-06	8.412404e-09	2.848275e+01	5.537420e+02
1.240000e-06	4.004137e-06	8.580928e-09	2.898191e+01	5.647769e+02
1.250000e-06	4.071668e-06	8.736436e-09	2.947070e+01	5.751355e+02
1.260000e-06	4.137499e-06	8.881849e-09	2.994718e+01	5.848674e+02
1.270000e-06	4.201633e-06	9.021138e-09	3.041138e+01	5.940291e+02
1.280000e-06	4.264327e-06	9.154170e-09	3.086516e+01	6.026786e+02
1.290000e-06	4.325582e-06	9.280584e-09	3.130852e+01	6.108653e+02
1.300000e-06	4.385351e-06	9.401341e-09	3.174113e+01	6.186228e+02
1.310000e-06	4.443355e-06	9.518259e-09	3.216097e+01	6.259665e+02
1.320000e-06	4.499521e-06	9.629572e-09	3.256749e+01	6.328978e+02
1.330000e-06	4.554057e-06	9.729665e-09	3.296222e+01	6.394148e+02
1.340000e-06	4.606775e-06	9.818160e-09	3.334379e+01	6.455244e+02
1.350000e-06	4.657360e-06	9.899938e-09	3.370993e+01	6.512498e+02
1.360000e-06	4.705891e-06	9.980954e-09	3.406120e+01	6.566320e+02
1.370000e-06	4.752669e-06	1.006045e-08	3.439978e+01	6.617219e+02
1.380000e-06	4.797849e-06	1.013645e-08	3.472679e+01	6.665673e+02
1.390000e-06	4.841274e-06	1.020922e-08	3.504110e+01	6.712006e+02
1.400000e-06	4.882699e-06	1.027919e-08	3.534093e+01	6.756304e+02
1.410000e-06	4.922278e-06	1.034482e-08	3.562741e+01	6.798432e+02
1.420000e-06	4.960172e-06	1.040463e-08	3.590168e+01	6.838130e+02
1.430000e-06	4.996387e-06	1.045788e-08	3.616381e+01	6.875156e+02
1.440000e-06	5.030613e-06	1.050738e-08	3.641154e+01	6.909412e+02
1.450000e-06	5.062803e-06	1.055721e-08	3.664453e+01	6.941006e+02
1.460000e-06	5.093257e-06	1.060488e-08	3.686495e+01	6.970218e+02
1.470000e-06	5.122045e-06	1.064799e-08	3.707332e+01	6.997385e+02
1.480000e-06	5.148849e-06	1.068570e-08	3.726733e+01	7.022763e+02
1.490000e-06	5.173436e-06	1.072184e-08	3.744528e+01	7.046420e+02
1.500000e-06	5.196068e-06	1.075565e-08	3.760909e+01	7.068218e+02
1.510000e-06	5.216976e-06	1.078699e-08	3.776042e+01	7.087897e+02
1.520000e-06	5.235975e-06	1.081481e-08	3.789795e+01	7.105219e+02
1.530000e-06	5.252846e-06	1.083736e-08	3.802006e+01	7.120117e+02
1.540000e-06	5.267710e-06	1.085786e-08	3.812764e+01	7.132773e+02
1.550000e-06	5.280594e-06	1.087788e-08	3.822089e+01	7.143595e+02
1.560000e-06	5.291197e-06	1.089524e-08	3.829764e+01	7.153084e+02
1.570000e-06	5.299555e-06	1.090632e-08	3.835813e+01	7.161645e+02
1.580000e-06	5.306005e-06	1.091447e-08	3.840482e+01	7.169424e+02
1.590000e-06	5.310646e-06	1.092352e-08	3.843841e+01	7.176240e+02
1.600000e-06	5.313200e-06	1.093461e-08	3.845690e+01	7.181649e+02
1.610000e-06	5.313629e-06	1.094443e-08	3.846000e+01	7.185112e+02
1.620000e-06	5.312254e-06	1.094432e-08	3.845005e+01	7.186222e+02
1.630000e-06	5.309275e-06	1.094367e-08	3.842849e+01	7.184878e+02
1.640000e-06	5.304462e-06	1.093880e-08	3.839365e+01	7.181349e+02
1.650000e-06	5.297544e-06	1.092825e-08	3.834358e+01	7.176191e+02
1.660000e-06	5.288844e-06	1.091900e-08	3.828061e+01	7.170053e+02
1.670000e-06	5.278495e-06	1.091750e-08	3.820570e+01	7.163445e+02
1.680000e-06	5.266190e-06	1.094389e-08	3.811664e+01	7.156568e+02
1.690000e-06	5.251800e-06	1.086967e-08	3.801248e+01	7.149272e+02
1.700000e-06	5.235239e-06	1.080781e-08	3.789262e+01	7.141153e+02
1.710000e-06	5.216013e-06	1.080172e-08	3.775346e+01	7.131766e+02
1.720000e-06	5.194030e-06	1.075661e-08	3.759435e+01	7.120844e+02
1.730000e-06	5.170131e-06	1.087997e-08	3.742136e+01	7.108444e+02
1.740000e-06	5.145393e-06	1.082526e-08	3.724231e+01	7.094951e+02
1.750000e-06	5.119671e-06	1.070597e-08	3.705613e+01	7.080931e+02
1.760000e-06	5.091687e-06	1.084568e-08	3.685359e+01	7.066897e+02
1.770000e-06	5.061479e-06	1.075261e-08	3.663494e+01	7.053077e+02
1.780000e-06	5.029722e-06	1.073300e-08	3.640508e+01	7.039281e+02
1.790000e-06	4.996044e-06	1.083846e-08	3.616133e+01	7.024919e+02
1.800000e-06	4.960706e-06	1.066139e-08	3.590555e+01	7.009179e+02
1.810000e-06	4.923627e-06	1.069267e-08	3.563717e+01	6.991283e+02
1.820000e-06	4.884342e-06	1.073057e-08	3.535283e+01	6.970736e+02
1.830000e-06	4.843326e-06	1.060037e-08	3.505595e+01	6.947471e+02
1.840000e-06	4.800552e-06	1.067468e-08	3.474635e+01	6.921836e+02
1.850000e-06	4.755890e-06	1.053372e-08	3.442309e+01	6.894441e+02
1.860000e-06	4.709536e-06	1.048090e-08	3.408758e+01	6.865921e+02
1.870000e-06	4.661264e-06	1.052494e-08	3.373819e+01	6.836718e+02
1.880000e-06	4.611118e-06	1.033057e-08	3.337523e+01	6.806952e+02
1.890000e-06	4.558895e-06	1.037426e-08	3.299724e+01	6.776431e+02
1.900000e-06	4.504499e-06	1.032336e-08	3.260353e+01	6.744781e+02
1.910000e-06	4.448419e-06	1.027320e-08	3.219762e+01	6.711633e+02
1.920000e-06	4.390682e-06	1.025578e-08	3.177972e+01	6.676783e+02
1.930000e-06	4.331448e-06	1.010780e-08	3.135099e+01	6.640266e+02
1.940000e-06	4.270450e-06	1.011896e-08	3.090948e+01	6.602324e+02
1.950000e-06	4.207601e-06	9.993883e-09	3.045458e+01	6.563278e+02
1.960000e-06	4.143299e-06	9.974624e-09	2.998916e+01	6.523382e+02
1.970000e-06	4.077483e-06	9.944764e-09	2.951279e+01	6.482714e+02
1.980000e-06	4.010271e-06	9.815181e-09	2.902631e+01	6.441150e+02
1.990000e-06	3.941366e-06	9.815914e-09	2.852757e+01	6.398433e+02
2.000000e-06	3.870705e-06	9.681970e-09	2.801613e+01	6.354296e+02
2.010000e-06	3.798659e-06	9.653244e-09	2.749466e+01	6.308579e+02
2.020000e-06	3.725241e-06	9.576290e-09	2.696326e+01	6.261289e+02
2.030000e-06	3.650469e-06	9.483995e-09	2.642206e+01	6.212585e+02
2.040000e-06	3.573973e-06	9.444257e-09	2.586839e+01	6.162677e+02
2.050000e-06	3.495819e-06	9.326934e-09	2.530271e+01	6.111708e+02
2.060000e-06	3.416392e-06	9.282807e-09	2.472781e+01	6.059657e+02
2.070000e-06	3.335795e-06	9.160276e-09	2.414446e+01	6.006321e+02
2.080000e-06	3.254020e-06	9.084915e-09	2.355257e+01	5.951369e+02
2.090000e-06	3.171083e-06	8.997745e-09	2.295227e+01	5.894464e+02
2.100000e-06	3.087002e-06	8.905718e-09	2.234369e+01	5.835385e+02
2.110000e-06	3.001490e-06	8.835422e-09	2.172476e+01	5.774114e+02
2.120000e-06	2.914709e-06	8.717675e-09	2.109664e+01	5.710831e+02
2.130000e-06	2.826932e-06	8.634511e-09	2.046131e+01	5.645846e+02
2.140000e-06	2.738182e-06	8.518257e-09	1.981894e+01	5.579469e+02
2.150000e-06	2.648440e-06	8.423330e-09	1.916939e+01	5.511895e+02
2.160000e-06	2.557738e-06	8.308605e-09	1.851289e+01	5.443128e+02
2.170000e-06	2.466204e-06	8.194149e-09	1.785037e+01	5.372986e+02
2.180000e-06	2.373741e-06	8.091588e-09	1.718112e+01	5.301165e+02
2.190000e-06	2.280173e-06	7.983954e-09	1.650387e+01	5.227348e+02
2.200000e-06	2.185552e-06	7.875234e-09	1.581901e+01	5.151297e+02
2.210000e-06	2.090086e-06	7.747479e-09	1.512802e+01	5.072904e+02
2.220000e-06	1.993914e-06	7.629168e-09	1.443194e+01	4.992186e+02
2.230000e-06	1.897078e-06	7.499398e-09	1.373103e+01	4.909230e+02
2.240000e-06	1.799538e-06	7.372631e-09	1.302504e+01	4.824125e+02
2.250000e-06	1.701394e-06	7.233418e-09	1.231468e+01	4.736906e+02
2.260000e-06	1.602735e-06	7.095732e-09	1.160058e+01	4.647535e+02
2.270000e-06	1.503579e-06	6.957032e-09	1.088289e+01	4.555923e+02
2.280000e-06	1.403987e-06	6.819438e-09	1.016205e+01	4.461974e+02
2.290000e-06	1.303943e-06	6.679109e-09	9.437930e+00	4.365623e+02
2.300000e-06	1.203394e-06	6.525917e-09	8.710155e+00	4.266853e+02
2.310000e-06	1.102289e-06	6.371905e-09	7.978356e+00	4.165676e+02
2.320000e-06	1.000637e-06	6.209809e-09	7.242599e+00	4.062102e+02
2.330000e-06	8.984943e-07	6.051230e-09	6.503294e+00	3.956094e+02
2.340000e-06	7.959429e-07	5.882992e-09	5.761028e+00	3.847553e+02
2.350000e-06	6.930664e-07	5.712659e-09	5.016408e+00	3.736325e+02
2.360000e-06	5.899126e-07	5.542548e-09	4.269782e+00	3.622236e+02
2.370000e-06	4.865272e-07	5.368966e-09	3.521480e+00	3.505133e+02
2.380000e-06	3.829456e-07	5.186849e-09	2.771757e+00	3.384908e+02
2.390000e-06	2.792288e-07	4.992814e-09	2.021056e+00	3.261491e+02
2.400000e-06	1.754709e-07	4.793921e-09	1.270057e+00	3.134821e+02
2.410000e-06	7.166616e-08	4.593777e-09	5.187191e-01	3.004793e+02
2.420000e-06	-3.218447e-08	4.395853e-09	-2.329509e-01	2.871227e+02
2.430000e-06	-1.360350e-07	4.187696e-09	-9.846205e-01	2.733860e+02
2.440000e-06	-2.398460e-07	3.973223e-09	-1.736003e+00	2.592378e+02
2.450000e-06	-3.435302e-07	3.751738e-09	-2.486469e+00	2.446472e+02
2.460000e-06	-4.470536e-07	3.519916e-09	-3.235770e+00	2.295904e+02
2.470000e-06	-5.504199e-07	3.282153e-09	-3.983935e+00	2.140551e+02
2.480000e-06	-6.535706e-07	3.035479e-09	-4.730538e+00	1.980404e+02
2.490000e-06	-7.564821e-07	2.783000e-09	-5.475411e+00	1.815530e+02
2.500000e-06	-8.591040e-07	2.524528e-09	-6.218187e+00	1.646014e+02
2.510000e-06	-9.612936e-07	2.259965e-09	-6.957834e+00	1.471894e+02
2.520000e-06	-1.062988e-06	1.987928e-09	-7.693896e+00	1.293125e+02
2.530000e-06	-1.164153e-06	1.706310e-09	-8.426128e+00	1.109575e+02
2.540000e-06	-1.264719e-06	1.418626e-09	-9.154025e+00	9.210545e+01
2.550000e-06	-1.364695e-06	1.124977e-09	-9.877651e+00	7.273518e+01
2.560000e-06	-1.464146e-06	8.265205e-10	-1.059748e+01	5.282625e+01
2.570000e-06	-1.563115e-06	5.181101e-10	-1.131381e+01	3.235884e+01
2.580000e-06	-1.661629e-06	1.968574e-10	-1.202686e+01	1.131142e+01
2.590000e-06	-1.759583e-06	-1.347004e-10	-1.273584e+01	-1.034249e+01
2.600000e-06	-1.856860e-06	-4.746009e-10	-1.343993e+01	-3.263562e+01
2.610000e-06	-1.953471e-06	-8.227804e-10	-1.413921e+01	-5.560391e+01
2.620000e-06	-2.049383e-06	-1.183772e-09	-1.483342e+01	-7.927833e+01
2.630000e-06	-2.144660e-06	-1.554095e-09	-1.552303e+01	-1.036724e+02
2.640000e-06	-2.239320e-06	-1.929474e-09	-1.620818e+01	-1.287684e+02
2.650000e-06	-2.333020e-06	-2.312943e-09	-1.688638e+01	-1.545051e+02
2.660000e-06	-2.425515e-06	-2.709172e-09	-1.755586e+01	-1.807716e+02
2.670000e-06	-2.516968e-06	-3.119810e-09	-1.821779e+01	-2.074075e+02
2.680000e-06	-2.607505e-06	-3.536257e-09	-1.887310e+01	-2.342095e+02
2.690000e-06	-2.697047e-06	-3.947098e-09	-1.952120e+01	-2.609442e+02
2.700000e-06	-2.785557e-06	-4.348199e-09	-2.016184e+01	-2.873628e+02
2.710000e-06	-2.873149e-06	-4.740061e-09	-2.079583e+01	-3.132174e+02
2.720000e-06	-2.959805e-06	-5.121593e-09	-2.142304e+01	-3.382757e+02
2.730000e-06	-3.045232e-06	-5.487443e-09	-2.204136e+01	-3.623353e+02
2.740000e-06	-3.129319e-06	-5.836512e-09	-2.264998e+01	-3.852353e+02
2.750000e-06	-3.212260e-06	-6.168821e-09	-2.325031e+01	-4.068655e+02
2.760000e-06	-3.294174e-06	-6.485583e-09	-2.384320e+01	-4.271715e+02
2.770000e-06	-3.374996e-06	-6.785333e-09	-2.442819e+01	-4.461545e+02
2.780000e-06	-3.454606e-06	-7.059535e-09	-2.500441e+01	-4.638640e+02
2.790000e-06	-3.532743e-06	-7.308797e-09	-2.556996e+01	-4.803846e+02
2.800000e-06	-3.609226e-06	-7.541315e-09	-2.612355e+01	-4.958190e+02
2.810000e-06	-3.684237e-06	-7.763432e-09	-2.666647e+01	-5.102702e+02
2.820000e-06	-3.757856e-06	-7.973319e-09	-2.719933e+01	-5.238283e+02
2.830000e-06	-3.830077e-06	-8.167708e-09	-2.772207e+01	-5.365636e+02
2.840000e-06	-3.900950e-06	-8.350655e-09	-2.823504e+01	-5.485282e+02
2.850000e-06	-3.970201e-06	-8.526850e-09	-2.873628e+01	-5.597635e+02
2.860000e-06	-4.037785e-06	-8.693739e-09	-2.922545e+01	-5.703102e+02
2.870000e-06	-4.103910e-06	-8.844222e-09	-2.970406e+01	-5.802149e+02
2.880000e-06	-4.168605e-06	-8.980775e-09	-3.017233e+01	-5.895329e+02
2.890000e-06	-4.231923e-06	-9.110812e-09	-3.063063e+01	-5.983225e+02
2.900000e-06	-4.293522e-06	-9.238140e-09	-3.107647e+01	-6.066365e+02
2.910000e-06	-4.353228e-06	-9.359391e-09	-3.150863e+01	-6.145138e+02
2.920000e-06	-4.411349e-06	-9.471440e-09	-3.192930e+01	-6.219745e+02
2.930000e-06	-4.467975e-06	-9.576852e-09	-3.233916e+01	-6.290232e+02
2.940000e-06	-4.522968e-06	-9.677877e-09	-3.273720e+01	-6.356579e+02
2.950000e-06	-4.575935e-06	-9.774638e-09	-3.312058e+01	-6.418816e+02
2.960000e-06	-4.626886e-06	-9.861694e-09	-3.348936e+01	-6.477127e+02
2.970000e-06	-4.675938e-06	-9.941558e-09	-3.384440e+01	-6.531874e+02
2.980000e-06	-4.722896e-06	-1.001891e-08	-3.418428e+01	-6.583549e+02
2.990000e-06	-4.768011e-06	-1.009846e-08	-3.451082e+01	-6.632654e+02
3.000000e-06	-4.811600e-06	-1.017519e-08	-3.482632e+01	-6.679566e+02
3.010000e-06	-4.853641e-06	-1.024341e-08	-3.513061e+01	-6.724444e+02
3.020000e-06	-4.894064e-06	-1.030681e-08	-3.542319e+01	-6.767210e+02
3.030000e-06	-4.932683e-06	-1.036721e-08	-3.570272e+01	-6.807625e+02
3.040000e-06	-4.969297e-06	-1.042312e-08	-3.596773e+01	-6.845426e+02
3.050000e-06	-5.003995e-06	-1.047239e-08	-3.621887e+01	-6.880465e+02
3.060000e-06	-5.036920e-06	-1.051904e-08	-3.645718e+01	-6.912790e+02
3.070000e-06	-5.068030e-06	-1.056720e-08	-3.668235e+01	-6.942642e+02
3.080000e-06	-5.097110e-06	-1.061830e-08	-3.689284e+01	-6.970355e+02
3.090000e-06	-5.124242e-06	-1.066370e-08	-3.708922e+01	-6.996222e+02
3.100000e-06	-5.149580e-06	-1.069757e-08	-3.727261e+01	-7.020370e+02
3.110000e-06	-5.173038e-06	-1.072362e-08	-3.744241e+01	-7.042716e+02
3.120000e-06	-5.194437e-06	-1.074869e-08	-3.759729e+01	-7.063023e+02
3.130000e-06	-5.213792e-06	-1.077266e-08	-3.773739e+01	-7.081029e+02
3.140000e-06	-5.231285e-06	-1.079375e-08	-3.786399e+01	-7.096606e+02
3.150000e-06	-5.246971e-06	-1.081444e-08	-3.797753e+01	-7.109862e+02
3.160000e-06	-5.260447e-06	-1.083682e-08	-3.807507e+01	-7.121152e+02
3.170000e-06	-5.271560e-06	-1.085815e-08	-3.815550e+01	-7.130967e+02
3.180000e-06	-5.280713e-06	-1.087387e-08	-3.822175e+01	-7.139758e+02
3.190000e-06	-5.288013e-06	-1.088176e-08	-3.827459e+01	-7.147758e+02
3.200000e-06	-5.293229e-06	-1.088445e-08	-3.831234e+01	-7.154880e+02
3.210000e-06	-5.296342e-06	-1.088808e-08	-3.833488e+01	-7.160739e+02
3.220000e-06	-5.297628e-06	-1.089157e-08	-3.834418e+01	-7.164803e+02
