# Temperatura_=_27.38
# Concentracion g/m^3_=_18600.0
# C_Vs_to_Am_M_A/Vsm_=_65563218390.804596
# pendiente_HvsI_1/m_=_3716.3
# ordenada_HvsI_A/m_=_1297.0
# frecuencia_Hz_=_310002.19329605205

Tiempo_(s)	Campo_(V.s)	Magnetizacion_(V.s)	Campo_(kA/m)	Magnetizacion_(A/m)
0.000000e+00	-5.297855e-06	-1.006708e-08	-3.834784e+01	-6.621468e+02
1.000000e-08	-5.296133e-06	-1.007301e-08	-3.833538e+01	-6.623049e+02
2.000000e-08	-5.292388e-06	-1.007407e-08	-3.830827e+01	-6.622807e+02
3.000000e-08	-5.286873e-06	-1.007147e-08	-3.826835e+01	-6.621168e+02
4.000000e-08	-5.279718e-06	-1.006751e-08	-3.821656e+01	-6.618557e+02
5.000000e-08	-5.270888e-06	-1.006217e-08	-3.815265e+01	-6.615256e+02
6.000000e-08	-5.259996e-06	-1.005100e-08	-3.807381e+01	-6.611329e+02
7.000000e-08	-5.246972e-06	-1.002742e-08	-3.797954e+01	-6.606616e+02
8.000000e-08	-5.231879e-06	-1.005171e-08	-3.787028e+01	-6.600820e+02
9.000000e-08	-5.214239e-06	-1.009481e-08	-3.774260e+01	-6.593636e+02
1.000000e-07	-5.194261e-06	-1.007169e-08	-3.759799e+01	-6.584869e+02
1.100000e-07	-5.172353e-06	-1.004888e-08	-3.743941e+01	-6.574511e+02
1.200000e-07	-5.148759e-06	-9.971567e-09	-3.726863e+01	-6.562728e+02
1.300000e-07	-5.123932e-06	-9.892611e-09	-3.708893e+01	-6.549790e+02
1.400000e-07	-5.097449e-06	-9.990928e-09	-3.689723e+01	-6.535963e+02
1.500000e-07	-5.068869e-06	-9.925475e-09	-3.669036e+01	-6.521411e+02
1.600000e-07	-5.038606e-06	-9.864917e-09	-3.647130e+01	-6.506149e+02
1.700000e-07	-5.006654e-06	-9.968235e-09	-3.624002e+01	-6.490055e+02
1.800000e-07	-4.972564e-06	-9.858306e-09	-3.599327e+01	-6.472937e+02
1.900000e-07	-4.936620e-06	-9.839488e-09	-3.573309e+01	-6.454618e+02
2.000000e-07	-4.899154e-06	-9.876165e-09	-3.546190e+01	-6.435004e+02
2.100000e-07	-4.859863e-06	-9.749630e-09	-3.517749e+01	-6.414097e+02
2.200000e-07	-4.818620e-06	-9.742383e-09	-3.487897e+01	-6.391972e+02
2.300000e-07	-4.775279e-06	-9.736483e-09	-3.456524e+01	-6.368712e+02
2.400000e-07	-4.730055e-06	-9.675702e-09	-3.423789e+01	-6.344347e+02
2.500000e-07	-4.683153e-06	-9.680570e-09	-3.389841e+01	-6.318825e+02
2.600000e-07	-4.634298e-06	-9.595021e-09	-3.354477e+01	-6.292028e+02
2.700000e-07	-4.583225e-06	-9.546370e-09	-3.317508e+01	-6.263829e+02
2.800000e-07	-4.529964e-06	-9.528810e-09	-3.278957e+01	-6.234155e+02
2.900000e-07	-4.474924e-06	-9.476516e-09	-3.239117e+01	-6.203046e+02
3.000000e-07	-4.418407e-06	-9.419574e-09	-3.198207e+01	-6.170651e+02
3.100000e-07	-4.360096e-06	-9.361728e-09	-3.155999e+01	-6.137186e+02
3.200000e-07	-4.299946e-06	-9.348359e-09	-3.112461e+01	-6.102857e+02
3.300000e-07	-4.238240e-06	-9.281588e-09	-3.067796e+01	-6.067775e+02
3.400000e-07	-4.174985e-06	-9.232837e-09	-3.022009e+01	-6.031917e+02
3.500000e-07	-4.110245e-06	-9.170485e-09	-2.975148e+01	-5.995128e+02
3.600000e-07	-4.043769e-06	-9.079080e-09	-2.927030e+01	-5.957181e+02
3.700000e-07	-3.975590e-06	-9.053611e-09	-2.877680e+01	-5.917868e+02
3.800000e-07	-3.905960e-06	-8.999354e-09	-2.827279e+01	-5.877076e+02
3.900000e-07	-3.834962e-06	-8.930325e-09	-2.775888e+01	-5.834830e+02
4.000000e-07	-3.762781e-06	-8.861145e-09	-2.723641e+01	-5.791269e+02
4.100000e-07	-3.689111e-06	-8.785167e-09	-2.670316e+01	-5.746587e+02
4.200000e-07	-3.613705e-06	-8.729643e-09	-2.615734e+01	-5.700936e+02
4.300000e-07	-3.536758e-06	-8.657108e-09	-2.560037e+01	-5.654363e+02
4.400000e-07	-3.458341e-06	-8.585841e-09	-2.503276e+01	-5.606779e+02
4.500000e-07	-3.378374e-06	-8.508150e-09	-2.445392e+01	-5.557991e+02
4.600000e-07	-3.296972e-06	-8.440556e-09	-2.386471e+01	-5.507775e+02
4.700000e-07	-3.214350e-06	-8.371788e-09	-2.326666e+01	-5.455962e+02
4.800000e-07	-3.130600e-06	-8.276799e-09	-2.266045e+01	-5.402500e+02
4.900000e-07	-3.045865e-06	-8.182511e-09	-2.204710e+01	-5.347465e+02
5.000000e-07	-2.960110e-06	-8.089064e-09	-2.142638e+01	-5.291017e+02
5.100000e-07	-2.873352e-06	-8.014282e-09	-2.079839e+01	-5.233328e+02
5.200000e-07	-2.785699e-06	-7.935818e-09	-2.016393e+01	-5.174498e+02
5.300000e-07	-2.697166e-06	-7.844809e-09	-1.952309e+01	-5.114506e+02
5.400000e-07	-2.607469e-06	-7.750565e-09	-1.887383e+01	-5.053210e+02
5.500000e-07	-2.516380e-06	-7.651107e-09	-1.821450e+01	-4.990397e+02
5.600000e-07	-2.424230e-06	-7.554676e-09	-1.754748e+01	-4.925859e+02
5.700000e-07	-2.331363e-06	-7.447881e-09	-1.687527e+01	-4.859463e+02
5.800000e-07	-2.237711e-06	-7.335653e-09	-1.619738e+01	-4.791189e+02
5.900000e-07	-2.143229e-06	-7.226843e-09	-1.551349e+01	-4.721116e+02
6.000000e-07	-2.047994e-06	-7.127951e-09	-1.482414e+01	-4.649369e+02
6.100000e-07	-1.951977e-06	-7.024272e-09	-1.412913e+01	-4.576051e+02
6.200000e-07	-1.855280e-06	-6.902420e-09	-1.342920e+01	-4.501182e+02
6.300000e-07	-1.757877e-06	-6.778764e-09	-1.272417e+01	-4.424679e+02
6.400000e-07	-1.659624e-06	-6.660750e-09	-1.201298e+01	-4.346386e+02
6.500000e-07	-1.560557e-06	-6.546205e-09	-1.129589e+01	-4.266125e+02
6.600000e-07	-1.460775e-06	-6.420709e-09	-1.057363e+01	-4.183768e+02
6.700000e-07	-1.360450e-06	-6.283932e-09	-9.847442e+00	-4.099267e+02
6.800000e-07	-1.259737e-06	-6.145056e-09	-9.118448e+00	-4.012665e+02
6.900000e-07	-1.158683e-06	-6.010227e-09	-8.386979e+00	-3.924049e+02
7.000000e-07	-1.057202e-06	-5.875035e-09	-7.652424e+00	-3.833489e+02
7.100000e-07	-9.553432e-07	-5.733386e-09	-6.915129e+00	-3.740980e+02
7.200000e-07	-8.531925e-07	-5.587526e-09	-6.175724e+00	-3.646412e+02
7.300000e-07	-7.506953e-07	-5.442410e-09	-5.433812e+00	-3.549587e+02
7.400000e-07	-6.478800e-07	-5.296521e-09	-4.689596e+00	-3.450275e+02
7.500000e-07	-5.447797e-07	-5.137900e-09	-3.943318e+00	-3.348285e+02
7.600000e-07	-4.415076e-07	-4.968261e-09	-3.195796e+00	-3.243517e+02
7.700000e-07	-3.381964e-07	-4.798582e-09	-2.447991e+00	-3.135988e+02
7.800000e-07	-2.348048e-07	-4.632813e-09	-1.699604e+00	-3.025789e+02
7.900000e-07	-1.313310e-07	-4.466436e-09	-9.506224e-01	-2.913025e+02
8.000000e-07	-2.776772e-08	-4.293884e-09	-2.009931e-01	-2.797724e+02
8.100000e-07	7.584988e-08	-4.110915e-09	5.490296e-01	-2.679781e+02
8.200000e-07	1.794537e-07	-3.926706e-09	1.298952e+00	-2.558935e+02
8.300000e-07	2.829867e-07	-3.741608e-09	2.048363e+00	-2.434813e+02
8.400000e-07	3.863899e-07	-3.544132e-09	2.796834e+00	-2.307004e+02
8.500000e-07	4.896611e-07	-3.335088e-09	3.544349e+00	-2.175164e+02
8.600000e-07	5.928073e-07	-3.121041e-09	4.290960e+00	-2.039096e+02
8.700000e-07	6.957432e-07	-2.907037e-09	5.036048e+00	-1.898789e+02
8.800000e-07	7.984033e-07	-2.691983e-09	5.779140e+00	-1.754401e+02
8.900000e-07	9.007640e-07	-2.470335e-09	6.520065e+00	-1.606199e+02
9.000000e-07	1.002787e-06	-2.239067e-09	7.258543e+00	-1.454467e+02
9.100000e-07	1.104453e-06	-2.001845e-09	7.994442e+00	-1.299421e+02
9.200000e-07	1.205750e-06	-1.762644e-09	8.727669e+00	-1.141154e+02
9.300000e-07	1.306686e-06	-1.518292e-09	9.458281e+00	-9.796256e+01
9.400000e-07	1.407182e-06	-1.264792e-09	1.018571e+01	-8.146830e+01
9.500000e-07	1.507143e-06	-1.003692e-09	1.090926e+01	-6.461193e+01
9.600000e-07	1.606397e-06	-7.383385e-10	1.162770e+01	-4.737269e+01
9.700000e-07	1.704800e-06	-4.697556e-10	1.233998e+01	-2.973350e+01
9.800000e-07	1.802518e-06	-1.943007e-10	1.304730e+01	-1.168185e+01
9.900000e-07	1.899605e-06	8.930952e-11	1.375005e+01	6.792064e+00
1.000000e-06	1.995842e-06	3.787163e-10	1.444665e+01	2.569868e+01
1.010000e-06	2.091260e-06	6.725006e-10	1.513732e+01	4.505189e+01
1.020000e-06	2.185961e-06	9.735052e-10	1.582280e+01	6.486944e+01
1.030000e-06	2.279910e-06	1.285317e-09	1.650284e+01	8.516988e+01
1.040000e-06	2.373132e-06	1.607341e-09	1.717761e+01	1.059658e+02
1.050000e-06	2.465593e-06	1.937044e-09	1.784688e+01	1.272551e+02
1.060000e-06	2.557020e-06	2.273963e-09	1.850866e+01	1.490111e+02
1.070000e-06	2.647273e-06	2.615010e-09	1.916194e+01	1.711760e+02
1.080000e-06	2.736485e-06	2.957221e-09	1.980770e+01	1.936572e+02
1.090000e-06	2.824699e-06	3.302341e-09	2.044622e+01	2.163297e+02
1.100000e-06	2.911870e-06	3.648326e-09	2.107720e+01	2.390430e+02
1.110000e-06	2.997981e-06	3.991105e-09	2.170050e+01	2.616316e+02
1.120000e-06	3.083143e-06	4.331272e-09	2.231693e+01	2.839277e+02
1.130000e-06	3.167311e-06	4.667613e-09	2.292617e+01	3.057723e+02
1.140000e-06	3.250267e-06	4.994747e-09	2.352664e+01	3.270244e+02
1.150000e-06	3.331956e-06	5.306056e-09	2.411794e+01	3.475662e+02
1.160000e-06	3.412389e-06	5.602321e-09	2.470014e+01	3.673047e+02
1.170000e-06	3.491506e-06	5.886188e-09	2.527282e+01	3.861709e+02
1.180000e-06	3.569372e-06	6.157811e-09	2.583644e+01	4.041183e+02
1.190000e-06	3.645907e-06	6.414179e-09	2.639043e+01	4.211208e+02
1.200000e-06	3.720810e-06	6.655714e-09	2.693261e+01	4.371719e+02
1.210000e-06	3.794110e-06	6.885960e-09	2.746318e+01	4.522839e+02
1.220000e-06	3.865942e-06	7.102023e-09	2.798312e+01	4.664870e+02
1.230000e-06	3.936312e-06	7.301050e-09	2.849249e+01	4.798261e+02
1.240000e-06	4.005302e-06	7.485365e-09	2.899187e+01	4.923564e+02
1.250000e-06	4.072775e-06	7.659138e-09	2.948026e+01	5.041364e+02
1.260000e-06	4.138554e-06	7.825948e-09	2.995639e+01	5.152210e+02
1.270000e-06	4.202757e-06	7.987145e-09	3.042112e+01	5.256563e+02
1.280000e-06	4.265444e-06	8.139293e-09	3.087487e+01	5.354770e+02
1.290000e-06	4.326681e-06	8.281774e-09	3.131813e+01	5.447087e+02
1.300000e-06	4.386384e-06	8.414167e-09	3.175028e+01	5.533728e+02
1.310000e-06	4.444296e-06	8.538952e-09	3.216947e+01	5.614932e+02
1.320000e-06	4.500388e-06	8.655423e-09	3.257548e+01	5.691015e+02
1.330000e-06	4.554794e-06	8.761447e-09	3.296929e+01	5.762392e+02
1.340000e-06	4.607351e-06	8.860723e-09	3.334972e+01	5.829538e+02
1.350000e-06	4.657820e-06	8.958554e-09	3.371504e+01	5.892930e+02
1.360000e-06	4.706315e-06	9.055454e-09	3.406606e+01	5.952959e+02
1.370000e-06	4.753037e-06	9.146738e-09	3.440425e+01	6.009871e+02
1.380000e-06	4.798200e-06	9.228210e-09	3.473116e+01	6.063752e+02
1.390000e-06	4.841599e-06	9.301238e-09	3.504530e+01	6.114564e+02
1.400000e-06	4.883013e-06	9.371625e-09	3.534506e+01	6.162237e+02
1.410000e-06	4.922618e-06	9.439799e-09	3.563174e+01	6.206760e+02
1.420000e-06	4.960505e-06	9.503833e-09	3.590598e+01	6.248256e+02
1.430000e-06	4.996641e-06	9.563750e-09	3.616755e+01	6.286993e+02
1.440000e-06	5.030809e-06	9.621219e-09	3.641487e+01	6.323336e+02
1.450000e-06	5.063006e-06	9.676357e-09	3.664792e+01	6.357644e+02
1.460000e-06	5.093446e-06	9.727399e-09	3.686825e+01	6.390159e+02
1.470000e-06	5.122142e-06	9.773514e-09	3.707597e+01	6.420929e+02
1.480000e-06	5.148817e-06	9.815814e-09	3.726905e+01	6.449799e+02
1.490000e-06	5.173353e-06	9.856446e-09	3.744665e+01	6.476480e+02
1.500000e-06	5.195991e-06	9.894653e-09	3.761051e+01	6.500675e+02
1.510000e-06	5.216900e-06	9.929420e-09	3.776186e+01	6.522209e+02
1.520000e-06	5.235918e-06	9.959005e-09	3.789952e+01	6.541126e+02
1.530000e-06	5.252820e-06	9.983996e-09	3.802186e+01	6.557698e+02
1.540000e-06	5.267660e-06	1.000550e-08	3.812928e+01	6.572357e+02
1.550000e-06	5.280409e-06	1.002490e-08	3.822156e+01	6.585555e+02
1.560000e-06	5.290851e-06	1.004421e-08	3.829715e+01	6.597616e+02
1.570000e-06	5.299177e-06	1.006191e-08	3.835742e+01	6.608638e+02
1.580000e-06	5.305686e-06	1.007729e-08	3.840453e+01	6.618470e+02
1.590000e-06	5.310332e-06	1.009095e-08	3.843816e+01	6.626786e+02
1.600000e-06	5.312878e-06	1.010395e-08	3.845659e+01	6.633225e+02
1.610000e-06	5.313350e-06	1.011349e-08	3.846000e+01	6.637541e+02
1.620000e-06	5.312011e-06	1.011159e-08	3.845031e+01	6.639712e+02
1.630000e-06	5.309016e-06	1.010820e-08	3.842863e+01	6.639960e+02
1.640000e-06	5.304127e-06	1.010505e-08	3.839324e+01	6.638682e+02
1.650000e-06	5.297193e-06	1.010165e-08	3.834305e+01	6.636320e+02
1.660000e-06	5.288533e-06	1.010101e-08	3.828037e+01	6.633208e+02
1.670000e-06	5.278152e-06	1.010505e-08	3.820522e+01	6.629476e+02
1.680000e-06	5.265769e-06	1.012427e-08	3.811559e+01	6.625023e+02
1.690000e-06	5.251338e-06	1.005377e-08	3.801114e+01	6.619578e+02
1.700000e-06	5.234797e-06	9.995982e-09	3.789141e+01	6.612825e+02
1.710000e-06	5.215565e-06	9.999228e-09	3.775220e+01	6.604529e+02
1.720000e-06	5.193544e-06	9.986784e-09	3.759280e+01	6.594624e+02
1.730000e-06	5.169684e-06	1.008242e-08	3.742010e+01	6.583231e+02
1.740000e-06	5.145040e-06	1.000840e-08	3.724172e+01	6.570602e+02
1.750000e-06	5.119358e-06	9.928868e-09	3.705582e+01	6.557015e+02
1.760000e-06	5.091373e-06	1.004677e-08	3.685325e+01	6.542671e+02
1.770000e-06	5.061184e-06	9.933770e-09	3.663473e+01	6.527628e+02
1.780000e-06	5.029464e-06	9.926921e-09	3.640513e+01	6.511798e+02
1.790000e-06	4.995819e-06	1.002178e-08	3.616160e+01	6.495001e+02
1.800000e-06	4.960515e-06	9.850471e-09	3.590605e+01	6.477048e+02
1.810000e-06	4.923353e-06	9.882237e-09	3.563706e+01	6.457816e+02
1.820000e-06	4.883902e-06	9.911346e-09	3.535150e+01	6.437282e+02
1.830000e-06	4.842820e-06	9.774851e-09	3.505413e+01	6.415504e+02
1.840000e-06	4.800030e-06	9.825204e-09	3.474440e+01	6.392570e+02
1.850000e-06	4.755345e-06	9.704604e-09	3.442095e+01	6.368531e+02
1.860000e-06	4.708912e-06	9.674878e-09	3.408485e+01	6.343358e+02
1.870000e-06	4.660486e-06	9.728258e-09	3.373433e+01	6.316948e+02
1.880000e-06	4.610201e-06	9.557786e-09	3.337035e+01	6.289169e+02
1.890000e-06	4.557857e-06	9.585549e-09	3.299146e+01	6.259926e+02
1.900000e-06	4.503387e-06	9.530310e-09	3.259719e+01	6.229225e+02
1.910000e-06	4.447328e-06	9.466284e-09	3.219141e+01	6.197185e+02
1.920000e-06	4.389625e-06	9.452504e-09	3.177373e+01	6.164012e+02
1.930000e-06	4.330454e-06	9.325326e-09	3.134544e+01	6.129921e+02
1.940000e-06	4.269467e-06	9.335028e-09	3.090399e+01	6.095059e+02
1.950000e-06	4.206564e-06	9.236321e-09	3.044867e+01	6.059442e+02
1.960000e-06	4.142228e-06	9.212599e-09	2.998298e+01	6.022949e+02
1.970000e-06	4.076416e-06	9.181394e-09	2.950662e+01	5.985365e+02
1.980000e-06	4.009256e-06	9.055170e-09	2.902049e+01	5.946468e+02
1.990000e-06	3.940321e-06	9.051738e-09	2.852151e+01	5.906111e+02
2.000000e-06	3.869603e-06	8.929715e-09	2.800962e+01	5.864278e+02
2.010000e-06	3.797593e-06	8.896036e-09	2.748839e+01	5.821083e+02
2.020000e-06	3.724225e-06	8.830387e-09	2.695733e+01	5.776710e+02
2.030000e-06	3.649440e-06	8.738757e-09	2.641601e+01	5.731334e+02
2.040000e-06	3.572895e-06	8.704808e-09	2.586195e+01	5.685037e+02
2.050000e-06	3.494699e-06	8.595500e-09	2.529593e+01	5.637766e+02
2.060000e-06	3.415233e-06	8.549869e-09	2.472072e+01	5.589354e+02
2.070000e-06	3.334602e-06	8.438662e-09	2.413709e+01	5.539575e+02
2.080000e-06	3.252844e-06	8.367572e-09	2.354529e+01	5.488239e+02
2.090000e-06	3.169965e-06	8.297486e-09	2.294538e+01	5.435254e+02
2.100000e-06	3.085916e-06	8.212195e-09	2.233701e+01	5.380663e+02
2.110000e-06	3.000389e-06	8.147580e-09	2.171793e+01	5.324608e+02
2.120000e-06	2.913600e-06	8.034579e-09	2.108972e+01	5.267268e+02
2.130000e-06	2.825828e-06	7.957023e-09	2.045440e+01	5.208769e+02
2.140000e-06	2.737047e-06	7.852929e-09	1.981176e+01	5.149127e+02
2.150000e-06	2.647320e-06	7.764851e-09	1.916228e+01	5.088232e+02
2.160000e-06	2.556730e-06	7.665641e-09	1.850657e+01	5.025884e+02
2.170000e-06	2.465277e-06	7.563899e-09	1.784459e+01	4.961865e+02
2.180000e-06	2.372793e-06	7.476134e-09	1.717516e+01	4.896016e+02
2.190000e-06	2.279255e-06	7.375881e-09	1.649809e+01	4.828282e+02
2.200000e-06	2.184713e-06	7.273421e-09	1.581376e+01	4.758719e+02
2.210000e-06	2.089326e-06	7.152447e-09	1.512332e+01	4.687447e+02
2.220000e-06	1.993218e-06	7.043906e-09	1.442766e+01	4.614580e+02
2.230000e-06	1.896385e-06	6.930523e-09	1.372674e+01	4.540166e+02
2.240000e-06	1.798915e-06	6.818730e-09	1.302121e+01	4.464152e+02
2.250000e-06	1.700824e-06	6.695154e-09	1.231120e+01	4.386398e+02
2.260000e-06	1.602117e-06	6.571391e-09	1.159672e+01	4.306724e+02
2.270000e-06	1.502964e-06	6.449450e-09	1.087901e+01	4.224983e+02
2.280000e-06	1.403358e-06	6.327348e-09	1.015803e+01	4.141102e+02
2.290000e-06	1.303179e-06	6.203857e-09	9.432892e+00	4.055101e+02
2.300000e-06	1.202504e-06	6.068015e-09	8.704168e+00	3.967060e+02
2.310000e-06	1.101282e-06	5.931471e-09	7.971486e+00	3.877060e+02
2.320000e-06	9.994789e-07	5.785793e-09	7.234600e+00	3.785124e+02
2.330000e-06	8.971790e-07	5.642881e-09	6.494115e+00	3.691169e+02
2.340000e-06	7.945353e-07	5.490110e-09	5.751142e+00	3.595021e+02
2.350000e-06	6.915881e-07	5.338359e-09	5.005971e+00	3.496451e+02
2.360000e-06	5.883258e-07	5.190575e-09	4.258521e+00	3.395249e+02
2.370000e-06	4.849095e-07	5.040680e-09	3.509955e+00	3.291287e+02
2.380000e-06	3.814416e-07	4.883643e-09	2.761016e+00	3.184548e+02
2.390000e-06	2.778793e-07	4.713010e-09	2.011394e+00	3.075108e+02
2.400000e-06	1.741885e-07	4.536051e-09	1.260841e+00	2.963078e+02
2.410000e-06	7.043229e-08	4.355487e-09	5.098151e-01	2.848514e+02
2.420000e-06	-3.339431e-08	4.177838e-09	-2.417204e-01	2.731355e+02
2.430000e-06	-1.372661e-07	3.993245e-09	-9.935829e-01	2.611382e+02
2.440000e-06	-2.410722e-07	3.807863e-09	-1.744970e+00	2.488246e+02
2.450000e-06	-3.448006e-07	3.620271e-09	-2.495795e+00	2.361538e+02
2.460000e-06	-4.483945e-07	3.425521e-09	-3.245646e+00	2.230887e+02
2.470000e-06	-5.517972e-07	3.224715e-09	-3.994113e+00	2.096045e+02
2.480000e-06	-6.550187e-07	3.012621e-09	-4.741269e+00	1.956948e+02
2.490000e-06	-7.580218e-07	2.792199e-09	-5.486844e+00	1.813710e+02
2.500000e-06	-8.606542e-07	2.562809e-09	-6.229735e+00	1.666577e+02
2.510000e-06	-9.628098e-07	2.326973e-09	-6.969175e+00	1.515835e+02
2.520000e-06	-1.064490e-06	2.089712e-09	-7.705174e+00	1.361729e+02
2.530000e-06	-1.165634e-06	1.850845e-09	-8.437293e+00	1.204390e+02
2.540000e-06	-1.266213e-06	1.610308e-09	-9.165321e+00	1.043813e+02
2.550000e-06	-1.366265e-06	1.364081e-09	-9.889535e+00	8.798740e+01
2.560000e-06	-1.465805e-06	1.111749e-09	-1.061004e+01	7.123755e+01
2.570000e-06	-1.564804e-06	8.527872e-10	-1.132663e+01	5.411050e+01
2.580000e-06	-1.663251e-06	5.839561e-10	-1.203923e+01	3.658790e+01
2.590000e-06	-1.761093e-06	3.049491e-10	-1.274745e+01	1.865601e+01
2.600000e-06	-1.858242e-06	2.174429e-11	-1.345065e+01	3.045659e-01
2.610000e-06	-1.954697e-06	-2.607570e-10	-1.414882e+01	-1.847634e+01
2.620000e-06	-2.050587e-06	-5.488398e-10	-1.484291e+01	-3.769943e+01
2.630000e-06	-2.145900e-06	-8.461446e-10	-1.553282e+01	-5.738151e+01
2.640000e-06	-2.240453e-06	-1.150521e-09	-1.621724e+01	-7.754143e+01
2.650000e-06	-2.333998e-06	-1.462238e-09	-1.689435e+01	-9.819436e+01
2.660000e-06	-2.426512e-06	-1.781980e-09	-1.756400e+01	-1.193433e+02
2.670000e-06	-2.518053e-06	-2.112016e-09	-1.822660e+01	-1.409695e+02
2.680000e-06	-2.608590e-06	-2.449693e-09	-1.888195e+01	-1.630246e+02
2.690000e-06	-2.698121e-06	-2.789010e-09	-1.953000e+01	-1.854261e+02
2.700000e-06	-2.786644e-06	-3.129311e-09	-2.017077e+01	-2.080575e+02
2.710000e-06	-2.874247e-06	-3.473121e-09	-2.080487e+01	-2.307747e+02
2.720000e-06	-2.960864e-06	-3.819015e-09	-2.143184e+01	-2.534154e+02
2.730000e-06	-3.046306e-06	-4.160877e-09	-2.205029e+01	-2.758110e+02
2.740000e-06	-3.130498e-06	-4.497125e-09	-2.265971e+01	-2.977990e+02
2.750000e-06	-3.213501e-06	-4.823957e-09	-2.326051e+01	-3.192327e+02
2.760000e-06	-3.295356e-06	-5.140577e-09	-2.385302e+01	-3.399872e+02
2.770000e-06	-3.376070e-06	-5.449394e-09	-2.443725e+01	-3.599624e+02
2.780000e-06	-3.455590e-06	-5.745003e-09	-2.501285e+01	-3.790826e+02
2.790000e-06	-3.533739e-06	-6.022771e-09	-2.557851e+01	-3.972952e+02
2.800000e-06	-3.610363e-06	-6.284815e-09	-2.613315e+01	-4.145684e+02
2.810000e-06	-3.685443e-06	-6.535138e-09	-2.667661e+01	-4.308900e+02
2.820000e-06	-3.759054e-06	-6.773981e-09	-2.720943e+01	-4.462671e+02
2.830000e-06	-3.831301e-06	-7.000340e-09	-2.773238e+01	-4.607251e+02
2.840000e-06	-3.902112e-06	-7.212670e-09	-2.824494e+01	-4.743049e+02
2.850000e-06	-3.971289e-06	-7.411591e-09	-2.874567e+01	-4.870594e+02
2.860000e-06	-4.038878e-06	-7.597955e-09	-2.923490e+01	-4.990470e+02
2.870000e-06	-4.105027e-06	-7.772039e-09	-2.971371e+01	-5.103243e+02
2.880000e-06	-4.169711e-06	-7.933149e-09	-3.018192e+01	-5.209402e+02
2.890000e-06	-4.232939e-06	-8.082479e-09	-3.063959e+01	-5.309328e+02
2.900000e-06	-4.294507e-06	-8.223634e-09	-3.108524e+01	-5.403297e+02
2.910000e-06	-4.354234e-06	-8.358451e-09	-3.151757e+01	-5.491529e+02
2.920000e-06	-4.412332e-06	-8.485834e-09	-3.193810e+01	-5.574249e+02
2.930000e-06	-4.468956e-06	-8.606210e-09	-3.234796e+01	-5.651749e+02
2.940000e-06	-4.523915e-06	-8.719223e-09	-3.274578e+01	-5.724415e+02
2.950000e-06	-4.576897e-06	-8.823318e-09	-3.312928e+01	-5.792711e+02
2.960000e-06	-4.627898e-06	-8.917416e-09	-3.349844e+01	-5.857122e+02
2.970000e-06	-4.676999e-06	-9.005540e-09	-3.385386e+01	-5.918072e+02
2.980000e-06	-4.724103e-06	-9.091062e-09	-3.419482e+01	-5.975850e+02
2.990000e-06	-4.769282e-06	-9.175511e-09	-3.452184e+01	-6.030588e+02
3.000000e-06	-4.812799e-06	-9.256659e-09	-3.483683e+01	-6.082276e+02
3.010000e-06	-4.854753e-06	-9.332597e-09	-3.514051e+01	-6.130843e+02
3.020000e-06	-4.895099e-06	-9.405094e-09	-3.543255e+01	-6.176252e+02
3.030000e-06	-4.933657e-06	-9.471681e-09	-3.571165e+01	-6.218582e+02
3.040000e-06	-4.970199e-06	-9.530984e-09	-3.597615e+01	-6.258064e+02
3.050000e-06	-5.004832e-06	-9.582298e-09	-3.622684e+01	-6.295044e+02
3.060000e-06	-5.037732e-06	-9.629413e-09	-3.646497e+01	-6.329893e+02
3.070000e-06	-5.068863e-06	-9.677897e-09	-3.669031e+01	-6.362898e+02
3.080000e-06	-5.098008e-06	-9.729753e-09	-3.690128e+01	-6.394165e+02
3.090000e-06	-5.125147e-06	-9.778346e-09	-3.709772e+01	-6.423595e+02
3.100000e-06	-5.150395e-06	-9.818745e-09	-3.728047e+01	-6.450926e+02
3.110000e-06	-5.173806e-06	-9.854311e-09	-3.744993e+01	-6.475848e+02
3.120000e-06	-5.195226e-06	-9.887055e-09	-3.760498e+01	-6.498140e+02
3.130000e-06	-5.214586e-06	-9.915325e-09	-3.774511e+01	-6.517778e+02
3.140000e-06	-5.232094e-06	-9.939357e-09	-3.787184e+01	-6.534972e+02
3.150000e-06	-5.247741e-06	-9.961316e-09	-3.798510e+01	-6.550121e+02
3.160000e-06	-5.261168e-06	-9.983982e-09	-3.808229e+01	-6.563686e+02
3.170000e-06	-5.272276e-06	-1.000539e-08	-3.816270e+01	-6.576042e+02
3.180000e-06	-5.281383e-06	-1.002358e-08	-3.822861e+01	-6.587358e+02
3.190000e-06	-5.288601e-06	-1.003671e-08	-3.828086e+01	-6.597549e+02
3.200000e-06	-5.293734e-06	-1.004608e-08	-3.831801e+01	-6.606328e+02
3.210000e-06	-5.296796e-06	-1.005416e-08	-3.834018e+01	-6.613328e+02
3.220000e-06	-5.298031e-06	-1.006018e-08	-3.834912e+01	-6.618256e+02
