# Temperatura_=_52.53
# Concentracion g/m^3_=_18600.0
# C_Vs_to_Am_M_A/Vsm_=_65563218390.804596
# pendiente_HvsI_1/m_=_3716.3
# ordenada_HvsI_A/m_=_1297.0
# frecuencia_Hz_=_310004.81224365224

Tiempo_(s)	Campo_(V.s)	Magnetizacion_(V.s)	Campo_(kA/m)	Magnetizacion_(A/m)
0.000000e+00	-5.308334e-06	-1.121398e-08	-3.834183e+01	-7.373813e+02
1.000000e-08	-5.306616e-06	-1.121817e-08	-3.832942e+01	-7.374971e+02
2.000000e-08	-5.302883e-06	-1.121682e-08	-3.830246e+01	-7.373688e+02
3.000000e-08	-5.297370e-06	-1.121406e-08	-3.826264e+01	-7.370183e+02
4.000000e-08	-5.290159e-06	-1.120816e-08	-3.821055e+01	-7.364954e+02
5.000000e-08	-5.281221e-06	-1.119442e-08	-3.814599e+01	-7.358636e+02
6.000000e-08	-5.270301e-06	-1.117189e-08	-3.806712e+01	-7.351788e+02
7.000000e-08	-5.257306e-06	-1.113502e-08	-3.797325e+01	-7.344721e+02
8.000000e-08	-5.242148e-06	-1.114438e-08	-3.786377e+01	-7.337401e+02
9.000000e-08	-5.224486e-06	-1.120632e-08	-3.773620e+01	-7.329491e+02
1.000000e-07	-5.204551e-06	-1.121143e-08	-3.759221e+01	-7.320509e+02
1.100000e-07	-5.182702e-06	-1.119375e-08	-3.743439e+01	-7.310031e+02
1.200000e-07	-5.159159e-06	-1.114588e-08	-3.726434e+01	-7.297879e+02
1.300000e-07	-5.134286e-06	-1.100399e-08	-3.708469e+01	-7.284189e+02
1.400000e-07	-5.107780e-06	-1.104456e-08	-3.689324e+01	-7.269360e+02
1.500000e-07	-5.079216e-06	-1.107121e-08	-3.668693e+01	-7.253880e+02
1.600000e-07	-5.048966e-06	-1.094153e-08	-3.646843e+01	-7.238106e+02
1.700000e-07	-5.017025e-06	-1.101227e-08	-3.623772e+01	-7.222098e+02
1.800000e-07	-4.982867e-06	-1.101636e-08	-3.599100e+01	-7.205552e+02
1.900000e-07	-4.946906e-06	-1.095157e-08	-3.573125e+01	-7.187878e+02
2.000000e-07	-4.909487e-06	-1.097960e-08	-3.546098e+01	-7.168395e+02
2.100000e-07	-4.870163e-06	-1.087975e-08	-3.517694e+01	-7.146551e+02
2.200000e-07	-4.828799e-06	-1.081338e-08	-3.487817e+01	-7.122103e+02
2.300000e-07	-4.785347e-06	-1.079980e-08	-3.456432e+01	-7.095177e+02
2.400000e-07	-4.740025e-06	-1.074047e-08	-3.423696e+01	-7.066203e+02
2.500000e-07	-4.693015e-06	-1.075577e-08	-3.389741e+01	-7.035736e+02
2.600000e-07	-4.644040e-06	-1.069662e-08	-3.354367e+01	-7.004251e+02
2.700000e-07	-4.592907e-06	-1.062247e-08	-3.317434e+01	-6.971992e+02
2.800000e-07	-4.539650e-06	-1.060324e-08	-3.278967e+01	-6.938910e+02
2.900000e-07	-4.484542e-06	-1.053888e-08	-3.239163e+01	-6.904730e+02
3.000000e-07	-4.427806e-06	-1.046114e-08	-3.198182e+01	-6.869095e+02
3.100000e-07	-4.369287e-06	-1.040091e-08	-3.155914e+01	-6.831721e+02
3.200000e-07	-4.309025e-06	-1.038531e-08	-3.112387e+01	-6.792522e+02
3.300000e-07	-4.247190e-06	-1.032038e-08	-3.067724e+01	-6.751629e+02
3.400000e-07	-4.183884e-06	-1.025916e-08	-3.021999e+01	-6.709334e+02
3.500000e-07	-4.119111e-06	-1.020126e-08	-2.975213e+01	-6.665965e+02
3.600000e-07	-4.052597e-06	-1.009025e-08	-2.927170e+01	-6.621771e+02
3.700000e-07	-3.984354e-06	-1.003306e-08	-2.877879e+01	-6.576845e+02
3.800000e-07	-3.914592e-06	-9.980476e-09	-2.827490e+01	-6.531116e+02
3.900000e-07	-3.843487e-06	-9.905398e-09	-2.776131e+01	-6.484408e+02
4.000000e-07	-3.771092e-06	-9.835071e-09	-2.723841e+01	-6.436521e+02
4.100000e-07	-3.697162e-06	-9.757989e-09	-2.670442e+01	-6.387298e+02
4.200000e-07	-3.621585e-06	-9.693717e-09	-2.615853e+01	-6.336656e+02
4.300000e-07	-3.544519e-06	-9.611062e-09	-2.560188e+01	-6.284563e+02
4.400000e-07	-3.465953e-06	-9.526223e-09	-2.503440e+01	-6.230991e+02
4.500000e-07	-3.385828e-06	-9.437624e-09	-2.445567e+01	-6.175874e+02
4.600000e-07	-3.304343e-06	-9.353432e-09	-2.386711e+01	-6.119097e+02
4.700000e-07	-3.221687e-06	-9.278372e-09	-2.327009e+01	-6.060525e+02
4.800000e-07	-3.137877e-06	-9.183143e-09	-2.266473e+01	-6.000064e+02
4.900000e-07	-3.053007e-06	-9.083770e-09	-2.205171e+01	-5.937715e+02
5.000000e-07	-2.967058e-06	-8.976359e-09	-2.143091e+01	-5.873594e+02
5.100000e-07	-2.880084e-06	-8.881938e-09	-2.080270e+01	-5.807906e+02
5.200000e-07	-2.792296e-06	-8.788106e-09	-2.016861e+01	-5.740867e+02
5.300000e-07	-2.703548e-06	-8.682914e-09	-1.952759e+01	-5.672620e+02
5.400000e-07	-2.613524e-06	-8.577783e-09	-1.887735e+01	-5.603165e+02
5.500000e-07	-2.522272e-06	-8.470976e-09	-1.821825e+01	-5.532344e+02
5.600000e-07	-2.430028e-06	-8.367541e-09	-1.755197e+01	-5.459884e+02
5.700000e-07	-2.337004e-06	-8.252569e-09	-1.688006e+01	-5.385481e+02
5.800000e-07	-2.243213e-06	-8.127740e-09	-1.620261e+01	-5.308889e+02
5.900000e-07	-2.148550e-06	-8.001200e-09	-1.551887e+01	-5.229977e+02
6.000000e-07	-2.053133e-06	-7.882627e-09	-1.482968e+01	-5.148737e+02
6.100000e-07	-1.956983e-06	-7.762658e-09	-1.413519e+01	-5.065238e+02
6.200000e-07	-1.860070e-06	-7.629319e-09	-1.343520e+01	-4.979557e+02
6.300000e-07	-1.762349e-06	-7.492669e-09	-1.272936e+01	-4.891720e+02
6.400000e-07	-1.663798e-06	-7.357266e-09	-1.201753e+01	-4.801674e+02
6.500000e-07	-1.564516e-06	-7.222067e-09	-1.130042e+01	-4.709321e+02
6.600000e-07	-1.464611e-06	-7.076570e-09	-1.057881e+01	-4.614562e+02
6.700000e-07	-1.364168e-06	-6.920519e-09	-9.853320e+00	-4.517357e+02
6.800000e-07	-1.263303e-06	-6.762712e-09	-9.124773e+00	-4.417738e+02
6.900000e-07	-1.162074e-06	-6.609600e-09	-8.393603e+00	-4.315784e+02
7.000000e-07	-1.060426e-06	-6.457000e-09	-7.659402e+00	-4.211543e+02
7.100000e-07	-9.583506e-07	-6.296235e-09	-6.922118e+00	-4.104960e+02
7.200000e-07	-8.559142e-07	-6.126367e-09	-6.182225e+00	-3.995828e+02
7.300000e-07	-7.531916e-07	-5.953052e-09	-5.440265e+00	-3.883800e+02
7.400000e-07	-6.501874e-07	-5.777148e-09	-4.696271e+00	-3.768472e+02
7.500000e-07	-5.469367e-07	-5.593672e-09	-3.950496e+00	-3.649489e+02
7.600000e-07	-4.435308e-07	-5.401812e-09	-3.203601e+00	-3.526657e+02
7.700000e-07	-3.399758e-07	-5.206284e-09	-2.455628e+00	-3.399978e+02
7.800000e-07	-2.363259e-07	-5.009871e-09	-1.706970e+00	-3.269620e+02
7.900000e-07	-1.326365e-07	-4.812335e-09	-9.580268e-01	-3.135803e+02
8.000000e-07	-2.887411e-08	-4.606556e-09	-2.085562e-01	-2.998657e+02
8.100000e-07	7.491635e-08	-4.386908e-09	5.411170e-01	-2.858105e+02
8.200000e-07	1.786837e-07	-4.163138e-09	1.290624e+00	-2.713821e+02
8.300000e-07	2.823880e-07	-3.936235e-09	2.039674e+00	-2.565293e+02
8.400000e-07	3.859872e-07	-3.701909e-09	2.787966e+00	-2.411949e+02
8.500000e-07	4.895053e-07	-3.459074e-09	3.535672e+00	-2.253322e+02
8.600000e-07	5.928914e-07	-3.206980e-09	4.282425e+00	-2.089166e+02
8.700000e-07	6.960943e-07	-2.948316e-09	5.027854e+00	-1.919492e+02
8.800000e-07	7.990874e-07	-2.686624e-09	5.771768e+00	-1.744503e+02
8.900000e-07	9.017374e-07	-2.417033e-09	6.513204e+00	-1.564456e+02
9.000000e-07	1.004001e-06	-2.133858e-09	7.251852e+00	-1.379515e+02
9.100000e-07	1.105895e-06	-1.840566e-09	7.987821e+00	-1.189644e+02
9.200000e-07	1.207373e-06	-1.542299e-09	8.720798e+00	-9.945952e+01
9.300000e-07	1.308464e-06	-1.236521e-09	9.450972e+00	-7.939778e+01
9.400000e-07	1.409104e-06	-9.191407e-10	1.017789e+01	-5.873808e+01
9.500000e-07	1.509211e-06	-5.877343e-10	1.090095e+01	-3.744844e+01
9.600000e-07	1.608740e-06	-2.477726e-10	1.161985e+01	-1.551107e+01
9.700000e-07	1.707580e-06	9.378623e-11	1.233376e+01	7.080780e+00
9.800000e-07	1.805655e-06	4.432557e-10	1.304215e+01	3.033217e+01
9.900000e-07	1.902858e-06	8.071027e-10	1.374424e+01	5.425629e+01
1.000000e-06	1.999197e-06	1.185599e-09	1.444010e+01	7.887831e+01
1.010000e-06	2.094820e-06	1.575157e-09	1.513078e+01	1.042282e+02
1.020000e-06	2.189732e-06	1.976574e-09	1.581632e+01	1.303222e+02
1.030000e-06	2.283828e-06	2.388790e-09	1.649598e+01	1.571380e+02
1.040000e-06	2.377153e-06	2.811851e-09	1.717006e+01	1.845899e+02
1.050000e-06	2.469730e-06	3.240698e-09	1.783873e+01	2.125153e+02
1.060000e-06	2.561499e-06	3.669630e-09	1.850158e+01	2.406766e+02
1.070000e-06	2.652278e-06	4.096539e-09	1.915727e+01	2.687798e+02
1.080000e-06	2.741770e-06	4.516613e-09	1.980366e+01	2.965068e+02
1.090000e-06	2.830097e-06	4.930285e-09	2.044165e+01	3.235515e+02
1.100000e-06	2.917479e-06	5.327866e-09	2.107280e+01	3.496512e+02
1.110000e-06	3.003804e-06	5.706558e-09	2.169632e+01	3.746066e+02
1.120000e-06	3.089068e-06	6.065509e-09	2.231218e+01	3.982868e+02
1.130000e-06	3.173387e-06	6.406957e-09	2.292121e+01	4.206224e+02
1.140000e-06	3.256639e-06	6.725734e-09	2.352254e+01	4.415920e+02
1.150000e-06	3.338533e-06	7.020571e-09	2.411405e+01	4.612079e+02
1.160000e-06	3.419065e-06	7.294054e-09	2.469574e+01	4.795063e+02
1.170000e-06	3.498336e-06	7.549280e-09	2.526831e+01	4.965427e+02
1.180000e-06	3.576292e-06	7.789526e-09	2.583138e+01	5.123908e+02
1.190000e-06	3.652965e-06	8.013233e-09	2.638518e+01	5.271416e+02
1.200000e-06	3.728195e-06	8.222292e-09	2.692856e+01	5.408995e+02
1.210000e-06	3.801683e-06	8.417227e-09	2.745936e+01	5.537733e+02
1.220000e-06	3.873600e-06	8.599110e-09	2.797882e+01	5.658654e+02
1.230000e-06	3.944108e-06	8.769878e-09	2.848809e+01	5.772605e+02
1.240000e-06	4.013170e-06	8.933547e-09	2.898692e+01	5.880198e+02
1.250000e-06	4.080839e-06	9.089096e-09	2.947570e+01	5.981807e+02
1.260000e-06	4.146826e-06	9.238057e-09	2.995231e+01	6.077634e+02
1.270000e-06	4.211130e-06	9.378092e-09	3.041678e+01	6.167816e+02
1.280000e-06	4.273941e-06	9.508853e-09	3.087046e+01	6.252521e+02
1.290000e-06	4.335278e-06	9.630665e-09	3.131349e+01	6.332010e+02
1.300000e-06	4.395192e-06	9.744404e-09	3.174625e+01	6.406647e+02
1.310000e-06	4.453332e-06	9.850696e-09	3.216619e+01	6.476858e+02
1.320000e-06	4.509622e-06	9.952861e-09	3.257277e+01	6.543066e+02
1.330000e-06	4.564245e-06	1.005018e-08	3.296731e+01	6.605642e+02
1.340000e-06	4.617060e-06	1.014189e-08	3.334879e+01	6.664879e+02
1.350000e-06	4.667755e-06	1.022804e-08	3.371496e+01	6.721005e+02
1.360000e-06	4.716346e-06	1.030938e-08	3.406593e+01	6.774213e+02
1.370000e-06	4.763203e-06	1.038715e-08	3.440438e+01	6.824691e+02
1.380000e-06	4.808491e-06	1.046021e-08	3.473149e+01	6.872627e+02
1.390000e-06	4.852000e-06	1.052846e-08	3.504575e+01	6.918192e+02
1.400000e-06	4.893478e-06	1.059370e-08	3.534535e+01	6.961501e+02
1.410000e-06	4.933132e-06	1.065736e-08	3.563177e+01	7.002590e+02
1.420000e-06	4.971103e-06	1.071867e-08	3.590603e+01	7.041414e+02
1.430000e-06	5.007359e-06	1.077608e-08	3.616790e+01	7.077878e+02
1.440000e-06	5.041593e-06	1.082987e-08	3.641517e+01	7.111899e+02
1.450000e-06	5.073823e-06	1.088116e-08	3.664797e+01	7.143457e+02
1.460000e-06	5.104338e-06	1.092760e-08	3.686837e+01	7.172626e+02
1.470000e-06	5.133136e-06	1.096966e-08	3.707638e+01	7.199557e+02
1.480000e-06	5.159948e-06	1.100789e-08	3.727005e+01	7.224431e+02
1.490000e-06	5.184601e-06	1.104458e-08	3.744811e+01	7.247390e+02
1.500000e-06	5.207287e-06	1.107874e-08	3.761197e+01	7.268500e+02
1.510000e-06	5.228172e-06	1.110846e-08	3.776283e+01	7.287742e+02
1.520000e-06	5.247158e-06	1.113429e-08	3.789996e+01	7.305065e+02
1.530000e-06	5.264020e-06	1.115791e-08	3.802176e+01	7.320458e+02
1.540000e-06	5.278868e-06	1.118073e-08	3.812900e+01	7.334012e+02
1.550000e-06	5.291713e-06	1.120214e-08	3.822178e+01	7.345937e+02
1.560000e-06	5.302258e-06	1.122075e-08	3.829794e+01	7.356515e+02
1.570000e-06	5.310587e-06	1.123580e-08	3.835810e+01	7.365998e+02
1.580000e-06	5.317029e-06	1.124869e-08	3.840464e+01	7.374492e+02
1.590000e-06	5.321667e-06	1.125994e-08	3.843813e+01	7.381887e+02
1.600000e-06	5.324245e-06	1.126927e-08	3.845676e+01	7.387861e+02
1.610000e-06	5.324694e-06	1.127581e-08	3.846000e+01	7.391974e+02
1.620000e-06	5.323332e-06	1.127415e-08	3.845016e+01	7.393831e+02
1.630000e-06	5.320318e-06	1.127312e-08	3.842839e+01	7.393245e+02
1.640000e-06	5.315462e-06	1.127148e-08	3.839332e+01	7.390343e+02
1.650000e-06	5.308594e-06	1.126547e-08	3.834371e+01	7.385553e+02
1.660000e-06	5.299912e-06	1.125890e-08	3.828100e+01	7.379489e+02
1.670000e-06	5.289527e-06	1.125852e-08	3.820599e+01	7.372756e+02
1.680000e-06	5.277193e-06	1.128208e-08	3.811690e+01	7.365748e+02
1.690000e-06	5.262743e-06	1.122035e-08	3.801253e+01	7.358531e+02
1.700000e-06	5.246146e-06	1.113810e-08	3.789265e+01	7.350845e+02
1.710000e-06	5.226855e-06	1.112175e-08	3.775331e+01	7.342227e+02
1.720000e-06	5.204759e-06	1.109148e-08	3.759371e+01	7.332216e+02
1.730000e-06	5.180814e-06	1.120062e-08	3.742076e+01	7.320550e+02
1.740000e-06	5.155993e-06	1.119774e-08	3.724148e+01	7.307276e+02
1.750000e-06	5.130151e-06	1.104711e-08	3.705483e+01	7.292731e+02
1.760000e-06	5.102078e-06	1.115189e-08	3.685205e+01	7.277399e+02
1.770000e-06	5.071753e-06	1.112745e-08	3.663302e+01	7.261696e+02
1.780000e-06	5.039944e-06	1.103377e-08	3.640326e+01	7.245778e+02
1.790000e-06	5.006273e-06	1.112514e-08	3.616006e+01	7.229444e+02
1.800000e-06	4.970878e-06	1.100586e-08	3.590440e+01	7.212170e+02
1.810000e-06	4.933675e-06	1.097160e-08	3.563569e+01	7.193279e+02
1.820000e-06	4.894256e-06	1.103460e-08	3.535097e+01	7.172158e+02
1.830000e-06	4.853129e-06	1.092182e-08	3.505391e+01	7.148465e+02
1.840000e-06	4.810190e-06	1.095320e-08	3.474376e+01	7.122222e+02
1.850000e-06	4.765282e-06	1.085280e-08	3.441939e+01	7.093787e+02
1.860000e-06	4.718669e-06	1.075947e-08	3.408271e+01	7.063698e+02
1.870000e-06	4.670108e-06	1.081644e-08	3.373195e+01	7.032475e+02
1.880000e-06	4.619724e-06	1.065266e-08	3.336803e+01	7.000438e+02
1.890000e-06	4.567412e-06	1.064695e-08	3.299019e+01	6.967619e+02
1.900000e-06	4.512907e-06	1.063272e-08	3.259650e+01	6.933798e+02
1.910000e-06	4.456703e-06	1.054503e-08	3.219054e+01	6.898621e+02
1.920000e-06	4.398944e-06	1.052018e-08	3.177335e+01	6.861771e+02
1.930000e-06	4.339715e-06	1.039325e-08	3.134554e+01	6.823098e+02
1.940000e-06	4.278681e-06	1.037146e-08	3.090470e+01	6.782672e+02
1.950000e-06	4.215725e-06	1.027327e-08	3.044997e+01	6.740751e+02
1.960000e-06	4.151283e-06	1.022810e-08	2.998451e+01	6.697666e+02
1.970000e-06	4.085366e-06	1.021090e-08	2.950839e+01	6.653699e+02
1.980000e-06	4.018055e-06	1.007881e-08	2.902221e+01	6.608991e+02
1.990000e-06	3.949059e-06	1.005137e-08	2.852386e+01	6.563515e+02
2.000000e-06	3.878281e-06	9.937884e-09	2.801263e+01	6.517116e+02
2.010000e-06	3.806114e-06	9.877049e-09	2.749137e+01	6.469592e+02
2.020000e-06	3.732576e-06	9.811182e-09	2.696021e+01	6.420771e+02
2.030000e-06	3.657529e-06	9.708486e-09	2.641815e+01	6.370547e+02
2.040000e-06	3.580740e-06	9.664740e-09	2.586351e+01	6.318879e+02
2.050000e-06	3.502363e-06	9.557018e-09	2.529739e+01	6.265742e+02
2.060000e-06	3.422736e-06	9.499558e-09	2.472225e+01	6.211085e+02
2.070000e-06	3.341933e-06	9.391061e-09	2.413861e+01	6.154804e+02
2.080000e-06	3.260000e-06	9.294448e-09	2.354682e+01	6.096765e+02
2.090000e-06	3.176975e-06	9.208767e-09	2.294713e+01	6.036857e+02
2.100000e-06	3.092711e-06	9.110812e-09	2.233850e+01	5.975049e+02
2.110000e-06	3.007004e-06	9.034493e-09	2.171944e+01	5.911424e+02
2.120000e-06	2.920041e-06	8.914500e-09	2.109131e+01	5.846169e+02
2.130000e-06	2.832065e-06	8.821273e-09	2.045587e+01	5.779505e+02
2.140000e-06	2.743145e-06	8.713813e-09	1.981360e+01	5.711604e+02
2.150000e-06	2.653285e-06	8.613235e-09	1.916455e+01	5.642512e+02
2.160000e-06	2.562480e-06	8.501868e-09	1.850867e+01	5.572113e+02
2.170000e-06	2.470694e-06	8.383301e-09	1.784570e+01	5.500161e+02
2.180000e-06	2.377908e-06	8.275935e-09	1.717551e+01	5.426351e+02
2.190000e-06	2.284119e-06	8.163533e-09	1.649808e+01	5.350412e+02
2.200000e-06	2.189350e-06	8.050127e-09	1.581357e+01	5.272176e+02
2.210000e-06	2.093743e-06	7.921311e-09	1.512300e+01	5.191604e+02
2.220000e-06	1.997421e-06	7.795400e-09	1.442728e+01	5.108750e+02
2.230000e-06	1.900377e-06	7.664811e-09	1.372633e+01	5.023695e+02
2.240000e-06	1.802696e-06	7.535358e-09	1.302078e+01	4.936484e+02
2.250000e-06	1.704487e-06	7.396668e-09	1.231143e+01	4.847087e+02
2.260000e-06	1.605762e-06	7.255478e-09	1.159834e+01	4.755412e+02
2.270000e-06	1.506477e-06	7.110058e-09	1.088121e+01	4.661356e+02
2.280000e-06	1.406619e-06	6.966993e-09	1.015994e+01	4.564858e+02
2.290000e-06	1.306291e-06	6.821669e-09	9.435275e+00	4.465930e+02
2.300000e-06	1.205483e-06	6.665336e-09	8.707146e+00	4.364643e+02
2.310000e-06	1.104076e-06	6.506880e-09	7.974685e+00	4.261063e+02
2.320000e-06	1.002118e-06	6.342400e-09	7.238247e+00	4.155172e+02
2.330000e-06	8.997650e-07	6.180915e-09	6.498957e+00	4.046806e+02
2.340000e-06	7.970036e-07	6.011036e-09	5.756717e+00	3.935655e+02
2.350000e-06	6.938492e-07	5.835308e-09	5.011638e+00	3.821318e+02
2.360000e-06	5.904685e-07	5.655208e-09	4.264925e+00	3.703417e+02
2.370000e-06	4.869303e-07	5.471907e-09	3.517073e+00	3.581700e+02
2.380000e-06	3.831900e-07	5.284686e-09	2.767762e+00	3.456117e+02
2.390000e-06	2.793116e-07	5.087949e-09	2.017454e+00	3.326796e+02
2.400000e-06	1.753749e-07	4.882225e-09	1.266724e+00	3.193956e+02
2.410000e-06	7.134985e-08	4.671171e-09	5.153564e-01	3.057766e+02
2.420000e-06	-3.273114e-08	4.460780e-09	-2.364154e-01	2.918218e+02
2.430000e-06	-1.367781e-07	4.243199e-09	-9.879417e-01	2.775055e+02
2.440000e-06	-2.407693e-07	4.019782e-09	-1.739065e+00	2.627806e+02
2.450000e-06	-3.447055e-07	3.789458e-09	-2.489791e+00	2.475901e+02
2.460000e-06	-4.485426e-07	3.549095e-09	-3.239801e+00	2.318828e+02
2.470000e-06	-5.521883e-07	3.303105e-09	-3.988428e+00	2.156270e+02
2.480000e-06	-6.555575e-07	3.048162e-09	-4.735059e+00	1.988166e+02
2.490000e-06	-7.586764e-07	2.782131e-09	-5.479882e+00	1.814677e+02
2.500000e-06	-8.615216e-07	2.505367e-09	-6.222728e+00	1.636060e+02
2.510000e-06	-9.639676e-07	2.220816e-09	-6.962689e+00	1.452519e+02
2.520000e-06	-1.065919e-06	1.932489e-09	-7.699081e+00	1.264082e+02
2.530000e-06	-1.167389e-06	1.638858e-09	-8.431993e+00	1.070556e+02
2.540000e-06	-1.268333e-06	1.340157e-09	-9.161109e+00	8.715812e+01
2.550000e-06	-1.368609e-06	1.032832e-09	-9.885392e+00	6.667391e+01
2.560000e-06	-1.468184e-06	7.164829e-10	-1.060462e+01	4.556752e+01
2.570000e-06	-1.567225e-06	3.878530e-10	-1.131999e+01	2.381706e+01
2.580000e-06	-1.665847e-06	4.255110e-11	-1.203233e+01	1.413403e+00
2.590000e-06	-1.763962e-06	-3.154276e-10	-1.274101e+01	-2.164788e+01
2.600000e-06	-1.861450e-06	-6.819411e-10	-1.344516e+01	-4.537691e+01
2.610000e-06	-1.958209e-06	-1.051499e-09	-1.414405e+01	-6.979561e+01
2.620000e-06	-2.054283e-06	-1.428998e-09	-1.483799e+01	-9.493400e+01
2.630000e-06	-2.149737e-06	-1.818072e-09	-1.552744e+01	-1.208147e+02
2.640000e-06	-2.244515e-06	-2.216535e-09	-1.621202e+01	-1.474290e+02
2.650000e-06	-2.338408e-06	-2.626965e-09	-1.689020e+01	-1.747115e+02
2.660000e-06	-2.431200e-06	-3.050862e-09	-1.756044e+01	-2.025220e+02
2.670000e-06	-2.522896e-06	-3.485675e-09	-1.822275e+01	-2.306431e+02
2.680000e-06	-2.613620e-06	-3.920536e-09	-1.887805e+01	-2.587942e+02
2.690000e-06	-2.703395e-06	-4.344703e-09	-1.952649e+01	-2.866603e+02
2.700000e-06	-2.792132e-06	-4.756813e-09	-2.016743e+01	-3.139283e+02
2.710000e-06	-2.879852e-06	-5.158283e-09	-2.080103e+01	-3.403205e+02
2.720000e-06	-2.966619e-06	-5.546616e-09	-2.142774e+01	-3.656184e+02
2.730000e-06	-3.052269e-06	-5.915714e-09	-2.204639e+01	-3.896716e+02
2.740000e-06	-3.136574e-06	-6.263798e-09	-2.265532e+01	-4.123946e+02
2.750000e-06	-3.219695e-06	-6.591726e-09	-2.325570e+01	-4.337536e+02
2.760000e-06	-3.301791e-06	-6.900380e-09	-2.384867e+01	-4.537527e+02
2.770000e-06	-3.382748e-06	-7.190413e-09	-2.443342e+01	-4.724219e+02
2.780000e-06	-3.462498e-06	-7.457559e-09	-2.500945e+01	-4.898113e+02
2.790000e-06	-3.540888e-06	-7.703152e-09	-2.557566e+01	-5.059895e+02
2.800000e-06	-3.617658e-06	-7.933995e-09	-2.613016e+01	-5.210428e+02
2.810000e-06	-3.692847e-06	-8.154163e-09	-2.667325e+01	-5.350725e+02
2.820000e-06	-3.766633e-06	-8.359489e-09	-2.720620e+01	-5.481871e+02
2.830000e-06	-3.838967e-06	-8.546271e-09	-2.772867e+01	-5.604921e+02
2.840000e-06	-3.909957e-06	-8.720144e-09	-2.824142e+01	-5.720783e+02
2.850000e-06	-3.979423e-06	-8.887550e-09	-2.874317e+01	-5.830137e+02
2.860000e-06	-4.047165e-06	-9.047780e-09	-2.923247e+01	-5.933420e+02
2.870000e-06	-4.113421e-06	-9.196043e-09	-2.971103e+01	-6.030876e+02
2.880000e-06	-4.178231e-06	-9.332113e-09	-3.017916e+01	-6.122649e+02
2.890000e-06	-4.241600e-06	-9.461778e-09	-3.063687e+01	-6.208888e+02
2.900000e-06	-4.303328e-06	-9.587360e-09	-3.108272e+01	-6.289827e+02
2.910000e-06	-4.363228e-06	-9.704601e-09	-3.151538e+01	-6.365800e+02
2.920000e-06	-4.421464e-06	-9.810860e-09	-3.193601e+01	-6.437223e+02
2.930000e-06	-4.478145e-06	-9.909893e-09	-3.234541e+01	-6.504526e+02
2.940000e-06	-4.533270e-06	-1.000661e-08	-3.274359e+01	-6.568098e+02
2.950000e-06	-4.586484e-06	-1.010014e-08	-3.312794e+01	-6.628256e+02
2.960000e-06	-4.637635e-06	-1.018580e-08	-3.349741e+01	-6.685241e+02
2.970000e-06	-4.686906e-06	-1.026372e-08	-3.385329e+01	-6.739256e+02
2.980000e-06	-4.734094e-06	-1.034071e-08	-3.419412e+01	-6.790486e+02
2.990000e-06	-4.779341e-06	-1.041951e-08	-3.452094e+01	-6.839121e+02
3.000000e-06	-4.822980e-06	-1.049484e-08	-3.483614e+01	-6.885341e+02
3.010000e-06	-4.864990e-06	-1.055985e-08	-3.513958e+01	-6.929279e+02
3.020000e-06	-4.905389e-06	-1.062135e-08	-3.543138e+01	-6.970996e+02
3.030000e-06	-4.944061e-06	-1.068239e-08	-3.571070e+01	-7.010467e+02
3.040000e-06	-4.980699e-06	-1.073751e-08	-3.597534e+01	-7.047607e+02
3.050000e-06	-5.015407e-06	-1.078370e-08	-3.622603e+01	-7.082323e+02
3.060000e-06	-5.048408e-06	-1.082697e-08	-3.646440e+01	-7.114574e+02
3.070000e-06	-5.079601e-06	-1.087230e-08	-3.668970e+01	-7.144404e+02
3.080000e-06	-5.108721e-06	-1.092008e-08	-3.690003e+01	-7.171948e+02
3.090000e-06	-5.135820e-06	-1.096218e-08	-3.709577e+01	-7.197384e+02
3.100000e-06	-5.161066e-06	-1.099453e-08	-3.727812e+01	-7.220872e+02
3.110000e-06	-5.184490e-06	-1.102208e-08	-3.744731e+01	-7.242501e+02
3.120000e-06	-5.205878e-06	-1.105063e-08	-3.760179e+01	-7.262273e+02
3.130000e-06	-5.225183e-06	-1.107820e-08	-3.774123e+01	-7.280141e+02
3.140000e-06	-5.242699e-06	-1.110007e-08	-3.786775e+01	-7.296073e+02
3.150000e-06	-5.258357e-06	-1.111902e-08	-3.798085e+01	-7.310128e+02
3.160000e-06	-5.271764e-06	-1.114009e-08	-3.807769e+01	-7.322483e+02
3.170000e-06	-5.282858e-06	-1.116228e-08	-3.815782e+01	-7.333409e+02
3.180000e-06	-5.291971e-06	-1.117739e-08	-3.822364e+01	-7.343177e+02
3.190000e-06	-5.299153e-06	-1.118469e-08	-3.827552e+01	-7.351946e+02
3.200000e-06	-5.304213e-06	-1.119004e-08	-3.831206e+01	-7.359672e+02
3.210000e-06	-5.307255e-06	-1.119957e-08	-3.833404e+01	-7.366087e+02
3.220000e-06	-5.308497e-06	-1.120786e-08	-3.834301e+01	-7.370769e+02
