# Temperatura_=_46.52
# Concentracion g/m^3_=_18600.0
# C_Vs_to_Am_M_A/Vsm_=_65563218390.804596
# pendiente_HvsI_1/m_=_3716.3
# ordenada_HvsI_A/m_=_1297.0
# frecuencia_Hz_=_310002.42933102435

Tiempo_(s)	Campo_(V.s)	Magnetizacion_(V.s)	Campo_(kA/m)	Magnetizacion_(A/m)
0.000000e+00	-5.301481e-06	-1.078853e-08	-3.834347e+01	-7.092490e+02
1.000000e-08	-5.300012e-06	-1.079028e-08	-3.833284e+01	-7.093298e+02
2.000000e-08	-5.296525e-06	-1.078875e-08	-3.830762e+01	-7.092023e+02
3.000000e-08	-5.291194e-06	-1.078521e-08	-3.826907e+01	-7.089041e+02
4.000000e-08	-5.284217e-06	-1.078154e-08	-3.821860e+01	-7.084794e+02
5.000000e-08	-5.275557e-06	-1.077582e-08	-3.815597e+01	-7.079678e+02
6.000000e-08	-5.264847e-06	-1.076609e-08	-3.807851e+01	-7.073947e+02
7.000000e-08	-5.251972e-06	-1.074912e-08	-3.798539e+01	-7.067677e+02
8.000000e-08	-5.236999e-06	-1.073276e-08	-3.787710e+01	-7.060794e+02
9.000000e-08	-5.219567e-06	-1.074685e-08	-3.775102e+01	-7.053146e+02
1.000000e-07	-5.199798e-06	-1.077031e-08	-3.760804e+01	-7.044590e+02
1.100000e-07	-5.178105e-06	-1.076045e-08	-3.745114e+01	-7.035061e+02
1.200000e-07	-5.154656e-06	-1.073778e-08	-3.728155e+01	-7.024590e+02
1.300000e-07	-5.129859e-06	-1.066856e-08	-3.710220e+01	-7.013271e+02
1.400000e-07	-5.103525e-06	-1.060584e-08	-3.691174e+01	-7.001196e+02
1.500000e-07	-5.075181e-06	-1.065888e-08	-3.670674e+01	-6.988389e+02
1.600000e-07	-5.045106e-06	-1.062280e-08	-3.648922e+01	-6.974756e+02
1.700000e-07	-5.013345e-06	-1.055193e-08	-3.625950e+01	-6.960090e+02
1.800000e-07	-4.979485e-06	-1.060152e-08	-3.601460e+01	-6.944120e+02
1.900000e-07	-4.943728e-06	-1.057362e-08	-3.575599e+01	-6.926579e+02
2.000000e-07	-4.906460e-06	-1.052734e-08	-3.548644e+01	-6.907283e+02
2.100000e-07	-4.867388e-06	-1.050394e-08	-3.520385e+01	-6.886175e+02
2.200000e-07	-4.826352e-06	-1.042618e-08	-3.490705e+01	-6.863325e+02
2.300000e-07	-4.783256e-06	-1.038897e-08	-3.459536e+01	-6.838891e+02
2.400000e-07	-4.738194e-06	-1.036679e-08	-3.426945e+01	-6.813049e+02
2.500000e-07	-4.691430e-06	-1.034927e-08	-3.393122e+01	-6.785933e+02
2.600000e-07	-4.642759e-06	-1.032923e-08	-3.357920e+01	-6.757588e+02
2.700000e-07	-4.591844e-06	-1.025795e-08	-3.321095e+01	-6.727971e+02
2.800000e-07	-4.538739e-06	-1.022190e-08	-3.282687e+01	-6.696976e+02
2.900000e-07	-4.483841e-06	-1.017292e-08	-3.242981e+01	-6.664488e+02
3.000000e-07	-4.427371e-06	-1.008740e-08	-3.202138e+01	-6.630431e+02
3.100000e-07	-4.369133e-06	-1.003344e-08	-3.160017e+01	-6.594799e+02
3.200000e-07	-4.309079e-06	-1.000133e-08	-3.116583e+01	-6.557660e+02
3.300000e-07	-4.247436e-06	-9.968080e-09	-3.071999e+01	-6.519138e+02
3.400000e-07	-4.184284e-06	-9.902199e-09	-3.026324e+01	-6.479375e+02
3.500000e-07	-4.119663e-06	-9.837223e-09	-2.979586e+01	-6.438503e+02
3.600000e-07	-4.053355e-06	-9.762664e-09	-2.931628e+01	-6.396621e+02
3.700000e-07	-3.985331e-06	-9.680120e-09	-2.882429e+01	-6.353788e+02
3.800000e-07	-3.915805e-06	-9.624697e-09	-2.832143e+01	-6.310024e+02
3.900000e-07	-3.844958e-06	-9.558673e-09	-2.780903e+01	-6.265318e+02
4.000000e-07	-3.772850e-06	-9.487269e-09	-2.728750e+01	-6.219626e+02
4.100000e-07	-3.699216e-06	-9.421613e-09	-2.675493e+01	-6.172868e+02
4.200000e-07	-3.623878e-06	-9.361400e-09	-2.621004e+01	-6.124919e+02
4.300000e-07	-3.547014e-06	-9.291663e-09	-2.565412e+01	-6.075610e+02
4.400000e-07	-3.468723e-06	-9.208926e-09	-2.508787e+01	-6.024743e+02
4.500000e-07	-3.388884e-06	-9.132050e-09	-2.451043e+01	-5.972123e+02
4.600000e-07	-3.307542e-06	-9.042771e-09	-2.392211e+01	-5.917597e+02
4.700000e-07	-3.225013e-06	-8.955898e-09	-2.332522e+01	-5.861096e+02
4.800000e-07	-3.141414e-06	-8.870334e-09	-2.272058e+01	-5.802657e+02
4.900000e-07	-3.056783e-06	-8.776892e-09	-2.210848e+01	-5.742425e+02
5.000000e-07	-2.971152e-06	-8.680842e-09	-2.148914e+01	-5.680619e+02
5.100000e-07	-2.884495e-06	-8.585495e-09	-2.086239e+01	-5.617479e+02
5.200000e-07	-2.796915e-06	-8.493493e-09	-2.022896e+01	-5.553202e+02
5.300000e-07	-2.708379e-06	-8.393401e-09	-1.958861e+01	-5.487897e+02
5.400000e-07	-2.618708e-06	-8.293690e-09	-1.894005e+01	-5.421549e+02
5.500000e-07	-2.527748e-06	-8.188884e-09	-1.828218e+01	-5.354026e+02
5.600000e-07	-2.435723e-06	-8.081367e-09	-1.761660e+01	-5.285101e+02
5.700000e-07	-2.342941e-06	-7.974834e-09	-1.694555e+01	-5.214502e+02
5.800000e-07	-2.249374e-06	-7.863597e-09	-1.626881e+01	-5.141952e+02
5.900000e-07	-2.154956e-06	-7.749884e-09	-1.558593e+01	-5.067218e+02
6.000000e-07	-2.059730e-06	-7.633409e-09	-1.489720e+01	-4.990130e+02
6.100000e-07	-1.963778e-06	-7.515128e-09	-1.420321e+01	-4.910594e+02
6.200000e-07	-1.867157e-06	-7.390340e-09	-1.350439e+01	-4.828596e+02
6.300000e-07	-1.769766e-06	-7.258022e-09	-1.280000e+01	-4.744188e+02
6.400000e-07	-1.671530e-06	-7.122788e-09	-1.208950e+01	-4.657482e+02
6.500000e-07	-1.572482e-06	-6.987658e-09	-1.137313e+01	-4.568621e+02
6.600000e-07	-1.472713e-06	-6.851652e-09	-1.065154e+01	-4.477764e+02
6.700000e-07	-1.372397e-06	-6.709258e-09	-9.925992e+00	-4.385042e+02
6.800000e-07	-1.271695e-06	-6.561640e-09	-9.197654e+00	-4.290529e+02
6.900000e-07	-1.170611e-06	-6.412766e-09	-8.466557e+00	-4.194205e+02
7.000000e-07	-1.069128e-06	-6.264724e-09	-7.732567e+00	-4.095939e+02
7.100000e-07	-9.672478e-07	-6.114146e-09	-6.995712e+00	-3.995493e+02
7.200000e-07	-8.649855e-07	-5.956039e-09	-6.256091e+00	-3.892552e+02
7.300000e-07	-7.623772e-07	-5.792350e-09	-5.513966e+00	-3.786772e+02
7.400000e-07	-6.595021e-07	-5.625323e-09	-4.769912e+00	-3.677844e+02
7.500000e-07	-5.563943e-07	-5.455463e-09	-4.024175e+00	-3.565541e+02
7.600000e-07	-4.530700e-07	-5.280783e-09	-3.276872e+00	-3.449746e+02
7.700000e-07	-3.496107e-07	-5.099268e-09	-2.528593e+00	-3.330454e+02
7.800000e-07	-2.460159e-07	-4.910675e-09	-1.779334e+00	-3.207729e+02
7.900000e-07	-1.423392e-07	-4.719568e-09	-1.029482e+00	-3.081654e+02
8.000000e-07	-3.861857e-08	-4.523891e-09	-2.793125e-01	-2.952270e+02
8.100000e-07	6.512597e-08	-4.316579e-09	4.710298e-01	-2.819532e+02
8.200000e-07	1.688376e-07	-4.103828e-09	1.221134e+00	-2.683293e+02
8.300000e-07	2.725008e-07	-3.889995e-09	1.970888e+00	-2.543318e+02
8.400000e-07	3.760949e-07	-3.673289e-09	2.720142e+00	-2.399323e+02
8.500000e-07	4.795723e-07	-3.451074e-09	3.468553e+00	-2.251019e+02
8.600000e-07	5.829182e-07	-3.220621e-09	4.216012e+00	-2.098161e+02
8.700000e-07	6.860415e-07	-2.979168e-09	4.961861e+00	-1.940568e+02
8.800000e-07	7.888378e-07	-2.730647e-09	5.705345e+00	-1.778127e+02
8.900000e-07	8.913281e-07	-2.475956e-09	6.446616e+00	-1.610778e+02
9.000000e-07	9.934912e-07	-2.210236e-09	7.185520e+00	-1.438482e+02
9.100000e-07	1.095266e-06	-1.937111e-09	7.921615e+00	-1.261202e+02
9.200000e-07	1.196644e-06	-1.661975e-09	8.654839e+00	-1.078877e+02
9.300000e-07	1.297578e-06	-1.381509e-09	9.384858e+00	-8.914251e+01
9.400000e-07	1.398105e-06	-1.089508e-09	1.011193e+01	-6.987479e+01
9.500000e-07	1.498213e-06	-7.829683e-10	1.083597e+01	-5.007356e+01
9.600000e-07	1.597742e-06	-4.654174e-10	1.155582e+01	-2.972718e+01
9.700000e-07	1.696510e-06	-1.450387e-10	1.227017e+01	-8.822599e+00
9.800000e-07	1.794397e-06	1.817485e-10	1.297815e+01	1.265604e+01
9.900000e-07	1.891449e-06	5.213482e-10	1.368009e+01	3.472845e+01
1.000000e-06	1.987737e-06	8.718945e-10	1.437650e+01	5.741771e+01
1.010000e-06	2.083309e-06	1.228105e-09	1.506773e+01	8.074675e+01
1.020000e-06	2.178171e-06	1.592662e-09	1.575383e+01	1.047311e+02
1.030000e-06	2.272212e-06	1.968270e-09	1.643399e+01	1.293683e+02
1.040000e-06	2.365454e-06	2.354996e-09	1.710837e+01	1.546251e+02
1.050000e-06	2.458000e-06	2.752464e-09	1.777772e+01	1.804255e+02
1.060000e-06	2.549714e-06	3.154646e-09	1.844105e+01	2.066421e+02
1.070000e-06	2.640284e-06	3.557519e-09	1.909611e+01	2.330944e+02
1.080000e-06	2.729588e-06	3.958901e-09	1.974201e+01	2.595546e+02
1.090000e-06	2.817838e-06	4.359286e-09	2.038028e+01	2.857622e+02
1.100000e-06	2.905158e-06	4.750923e-09	2.101184e+01	3.114458e+02
1.110000e-06	2.991459e-06	5.128514e-09	2.163601e+01	3.363470e+02
1.120000e-06	3.076755e-06	5.490882e-09	2.225293e+01	3.602440e+02
1.130000e-06	3.161117e-06	5.837313e-09	2.286308e+01	3.829693e+02
1.140000e-06	3.244339e-06	6.164112e-09	2.346499e+01	4.044195e+02
1.150000e-06	3.326285e-06	6.466620e-09	2.405768e+01	4.245553e+02
1.160000e-06	3.406879e-06	6.748297e-09	2.464058e+01	4.433921e+02
1.170000e-06	3.486135e-06	7.011277e-09	2.521380e+01	4.609858e+02
1.180000e-06	3.564130e-06	7.260187e-09	2.577791e+01	4.774167e+02
1.190000e-06	3.640876e-06	7.494888e-09	2.633298e+01	4.927741e+02
1.200000e-06	3.716155e-06	7.714355e-09	2.687745e+01	5.071461e+02
1.210000e-06	3.789708e-06	7.919573e-09	2.740943e+01	5.206145e+02
1.220000e-06	3.861740e-06	8.110292e-09	2.793041e+01	5.332530e+02
1.230000e-06	3.932324e-06	8.288569e-09	2.844091e+01	5.451281e+02
1.240000e-06	4.001505e-06	8.457771e-09	2.894127e+01	5.563006e+02
1.250000e-06	4.069284e-06	8.616188e-09	2.943149e+01	5.668249e+02
1.260000e-06	4.135373e-06	8.765621e-09	2.990948e+01	5.767476e+02
1.270000e-06	4.199735e-06	8.910700e-09	3.037498e+01	5.861050e+02
1.280000e-06	4.262517e-06	9.050466e-09	3.082906e+01	5.949227e+02
1.290000e-06	4.323900e-06	9.182185e-09	3.127302e+01	6.032171e+02
1.300000e-06	4.383876e-06	9.302414e-09	3.170680e+01	6.110003e+02
1.310000e-06	4.442044e-06	9.414587e-09	3.212751e+01	6.182867e+02
1.320000e-06	4.498357e-06	9.521074e-09	3.253480e+01	6.250992e+02
1.330000e-06	4.553028e-06	9.618988e-09	3.293022e+01	6.314732e+02
1.340000e-06	4.605892e-06	9.708115e-09	3.331255e+01	6.374559e+02
1.350000e-06	4.656674e-06	9.791356e-09	3.367984e+01	6.431011e+02
1.360000e-06	4.705373e-06	9.873477e-09	3.403206e+01	6.484606e+02
1.370000e-06	4.752307e-06	9.954926e-09	3.437151e+01	6.535757e+02
1.380000e-06	4.797678e-06	1.003236e-08	3.469966e+01	6.584708e+02
1.390000e-06	4.841309e-06	1.010277e-08	3.501523e+01	6.631514e+02
1.400000e-06	4.882966e-06	1.016987e-08	3.531652e+01	6.676081e+02
1.410000e-06	4.922792e-06	1.023740e-08	3.560456e+01	6.718241e+02
1.420000e-06	4.960888e-06	1.030249e-08	3.588010e+01	6.757832e+02
1.430000e-06	4.997245e-06	1.035962e-08	3.614305e+01	6.794769e+02
1.440000e-06	5.031692e-06	1.040950e-08	3.639219e+01	6.829070e+02
1.450000e-06	5.064160e-06	1.045779e-08	3.662702e+01	6.860835e+02
1.460000e-06	5.094804e-06	1.050451e-08	3.684866e+01	6.890200e+02
1.470000e-06	5.123766e-06	1.054756e-08	3.705813e+01	6.917283e+02
1.480000e-06	5.150750e-06	1.058423e-08	3.725330e+01	6.942154e+02
1.490000e-06	5.175497e-06	1.061836e-08	3.743228e+01	6.964840e+02
1.500000e-06	5.198342e-06	1.065167e-08	3.759751e+01	6.985363e+02
1.510000e-06	5.219428e-06	1.068382e-08	3.775001e+01	7.003798e+02
1.520000e-06	5.238616e-06	1.071291e-08	3.788879e+01	7.020311e+02
1.530000e-06	5.255668e-06	1.073610e-08	3.801213e+01	7.035163e+02
1.540000e-06	5.270652e-06	1.075552e-08	3.812050e+01	7.048664e+02
1.550000e-06	5.283608e-06	1.077449e-08	3.821420e+01	7.061092e+02
1.560000e-06	5.294301e-06	1.079424e-08	3.829154e+01	7.072603e+02
1.570000e-06	5.302844e-06	1.081064e-08	3.835333e+01	7.083166e+02
1.580000e-06	5.309477e-06	1.082394e-08	3.840131e+01	7.092559e+02
1.590000e-06	5.314261e-06	1.083734e-08	3.843590e+01	7.100425e+02
1.600000e-06	5.316989e-06	1.085122e-08	3.845564e+01	7.106378e+02
1.610000e-06	5.317593e-06	1.086127e-08	3.846000e+01	7.110131e+02
1.620000e-06	5.316374e-06	1.086226e-08	3.845119e+01	7.111587e+02
1.630000e-06	5.313476e-06	1.085738e-08	3.843022e+01	7.110882e+02
1.640000e-06	5.308685e-06	1.085162e-08	3.839557e+01	7.108350e+02
1.650000e-06	5.301890e-06	1.084490e-08	3.834643e+01	7.104426e+02
1.660000e-06	5.293325e-06	1.083732e-08	3.828448e+01	7.099532e+02
1.670000e-06	5.283089e-06	1.082954e-08	3.821045e+01	7.093969e+02
1.680000e-06	5.270954e-06	1.082934e-08	3.812268e+01	7.087862e+02
1.690000e-06	5.256730e-06	1.082272e-08	3.801980e+01	7.081175e+02
1.700000e-06	5.240372e-06	1.077689e-08	3.790149e+01	7.073768e+02
1.710000e-06	5.221449e-06	1.073298e-08	3.776463e+01	7.065489e+02
1.720000e-06	5.199721e-06	1.070836e-08	3.760748e+01	7.056247e+02
1.730000e-06	5.175951e-06	1.072119e-08	3.743556e+01	7.046044e+02
1.740000e-06	5.151232e-06	1.077823e-08	3.725678e+01	7.034963e+02
1.750000e-06	5.125581e-06	1.071171e-08	3.707125e+01	7.023104e+02
1.760000e-06	5.097776e-06	1.065854e-08	3.687016e+01	7.010517e+02
1.770000e-06	5.067631e-06	1.072657e-08	3.665213e+01	6.997143e+02
1.780000e-06	5.035963e-06	1.066900e-08	3.642308e+01	6.982806e+02
1.790000e-06	5.002489e-06	1.062615e-08	3.618098e+01	6.967244e+02
1.800000e-06	4.967274e-06	1.063849e-08	3.592628e+01	6.950183e+02
1.810000e-06	4.930284e-06	1.056911e-08	3.565875e+01	6.931407e+02
1.820000e-06	4.891045e-06	1.057414e-08	3.537495e+01	6.910821e+02
1.830000e-06	4.850050e-06	1.056705e-08	3.507845e+01	6.888463e+02
1.840000e-06	4.807387e-06	1.050920e-08	3.476988e+01	6.864469e+02
1.850000e-06	4.762815e-06	1.047361e-08	3.444752e+01	6.839020e+02
1.860000e-06	4.716518e-06	1.038560e-08	3.411267e+01	6.812266e+02
1.870000e-06	4.668297e-06	1.037310e-08	3.376391e+01	6.784280e+02
1.880000e-06	4.618194e-06	1.032476e-08	3.340153e+01	6.755042e+02
1.890000e-06	4.566173e-06	1.024470e-08	3.302528e+01	6.724460e+02
1.900000e-06	4.511952e-06	1.026867e-08	3.263313e+01	6.692416e+02
1.910000e-06	4.456002e-06	1.019748e-08	3.222846e+01	6.658818e+02
1.920000e-06	4.398491e-06	1.012598e-08	3.181251e+01	6.623639e+02
1.930000e-06	4.339420e-06	1.005556e-08	3.138527e+01	6.586927e+02
1.940000e-06	4.278583e-06	9.974999e-09	3.094526e+01	6.548792e+02
1.950000e-06	4.215835e-06	9.948568e-09	3.049143e+01	6.509376e+02
1.960000e-06	4.151557e-06	9.871960e-09	3.002654e+01	6.468816e+02
1.970000e-06	4.085794e-06	9.837505e-09	2.955089e+01	6.427222e+02
1.980000e-06	4.018633e-06	9.765699e-09	2.906515e+01	6.384664e+02
1.990000e-06	3.949827e-06	9.684074e-09	2.856751e+01	6.341173e+02
2.000000e-06	3.879233e-06	9.631608e-09	2.805692e+01	6.296746e+02
2.010000e-06	3.807240e-06	9.533115e-09	2.753623e+01	6.251349e+02
2.020000e-06	3.733946e-06	9.479643e-09	2.700613e+01	6.204913e+02
2.030000e-06	3.659257e-06	9.394959e-09	2.646593e+01	6.157326e+02
2.040000e-06	3.582889e-06	9.330313e-09	2.591359e+01	6.108432e+02
2.050000e-06	3.504801e-06	9.252155e-09	2.534881e+01	6.058038e+02
2.060000e-06	3.425366e-06	9.160395e-09	2.477429e+01	6.005944e+02
2.070000e-06	3.344793e-06	9.094117e-09	2.419154e+01	5.951981e+02
2.080000e-06	3.263040e-06	8.984027e-09	2.360025e+01	5.896052e+02
2.090000e-06	3.180131e-06	8.907622e-09	2.300061e+01	5.838163e+02
2.100000e-06	3.096160e-06	8.810876e-09	2.239327e+01	5.778431e+02
2.110000e-06	3.010773e-06	8.723200e-09	2.177570e+01	5.717057e+02
2.120000e-06	2.923993e-06	8.633687e-09	2.114806e+01	5.654281e+02
2.130000e-06	2.836245e-06	8.530696e-09	2.051342e+01	5.590320e+02
2.140000e-06	2.747526e-06	8.438807e-09	1.987174e+01	5.525312e+02
2.150000e-06	2.657816e-06	8.323684e-09	1.922291e+01	5.459278e+02
2.160000e-06	2.567186e-06	8.224084e-09	1.856742e+01	5.392117e+02
2.170000e-06	2.475691e-06	8.114269e-09	1.790568e+01	5.323626e+02
2.180000e-06	2.383250e-06	8.011511e-09	1.723709e+01	5.253541e+02
2.190000e-06	2.289776e-06	7.905583e-09	1.656102e+01	5.181582e+02
2.200000e-06	2.195233e-06	7.788428e-09	1.587723e+01	5.107499e+02
2.210000e-06	2.099804e-06	7.676480e-09	1.518703e+01	5.031103e+02
2.220000e-06	2.003660e-06	7.553993e-09	1.449166e+01	4.952278e+02
2.230000e-06	1.906809e-06	7.431505e-09	1.379118e+01	4.870988e+02
2.240000e-06	1.809369e-06	7.300725e-09	1.308644e+01	4.787267e+02
2.250000e-06	1.711358e-06	7.167649e-09	1.237756e+01	4.701210e+02
2.260000e-06	1.612752e-06	7.032692e-09	1.166439e+01	4.612956e+02
2.270000e-06	1.513640e-06	6.893614e-09	1.094755e+01	4.522661e+02
2.280000e-06	1.414127e-06	6.756929e-09	1.022781e+01	4.430468e+02
2.290000e-06	1.314119e-06	6.616876e-09	9.504491e+00	4.336471e+02
2.300000e-06	1.213562e-06	6.472955e-09	8.777207e+00	4.240679e+02
2.310000e-06	1.112415e-06	6.325583e-09	8.045648e+00	4.142995e+02
2.320000e-06	1.010603e-06	6.171541e-09	7.309287e+00	4.043208e+02
2.330000e-06	9.083257e-07	6.012184e-09	6.569553e+00	3.941022e+02
2.340000e-06	8.056787e-07	5.847973e-09	5.827149e+00	3.836095e+02
2.350000e-06	7.026893e-07	5.681709e-09	5.082268e+00	3.728101e+02
2.360000e-06	5.994446e-07	5.514864e-09	4.335540e+00	3.616785e+02
2.370000e-06	4.959650e-07	5.342811e-09	3.587114e+00	3.502000e+02
2.380000e-06	3.923690e-07	5.165655e-09	2.837846e+00	3.383710e+02
2.390000e-06	2.886729e-07	4.980136e-09	2.087855e+00	3.261964e+02
2.400000e-06	1.848619e-07	4.786374e-09	1.337031e+00	3.136846e+02
2.410000e-06	8.101259e-08	4.587291e-09	5.859313e-01	3.008414e+02
2.420000e-06	-2.286252e-08	4.386789e-09	-1.653554e-01	2.876652e+02
2.430000e-06	-1.267625e-07	4.180967e-09	-9.168223e-01	2.741440e+02
2.440000e-06	-2.306411e-07	3.970700e-09	-1.668134e+00	2.602568e+02
2.450000e-06	-3.344379e-07	3.756343e-09	-2.418854e+00	2.459758e+02
2.460000e-06	-4.380774e-07	3.530692e-09	-3.168437e+00	2.312720e+02
2.470000e-06	-5.415463e-07	3.298206e-09	-3.916785e+00	2.161192e+02
2.480000e-06	-6.448148e-07	3.059734e-09	-4.663685e+00	2.004973e+02
2.490000e-06	-7.478574e-07	2.814831e-09	-5.408951e+00	1.843932e+02
2.500000e-06	-8.506336e-07	2.560441e-09	-6.152289e+00	1.677996e+02
2.510000e-06	-9.530307e-07	2.295460e-09	-6.892886e+00	1.507124e+02
2.520000e-06	-1.054937e-06	2.024615e-09	-7.629932e+00	1.331280e+02
2.530000e-06	-1.156273e-06	1.748592e-09	-8.362859e+00	1.150410e+02
2.540000e-06	-1.257022e-06	1.467822e-09	-9.091531e+00	9.644397e+01
2.550000e-06	-1.357146e-06	1.179313e-09	-9.815692e+00	7.732733e+01
2.560000e-06	-1.456713e-06	8.827500e-10	-1.053581e+01	5.768037e+01
2.570000e-06	-1.555806e-06	5.782912e-10	-1.125252e+01	3.749169e+01
2.580000e-06	-1.654402e-06	2.621227e-10	-1.196562e+01	1.674875e+01
2.590000e-06	-1.752460e-06	-6.588268e-11	-1.267483e+01	-4.563350e+00
2.600000e-06	-1.849861e-06	-4.020182e-10	-1.337930e+01	-2.646318e+01
2.610000e-06	-1.946523e-06	-7.424589e-10	-1.407841e+01	-4.897306e+01
2.620000e-06	-2.042473e-06	-1.090780e-09	-1.477238e+01	-7.211654e+01
2.630000e-06	-2.137809e-06	-1.450075e-09	-1.546191e+01	-9.591221e+01
2.640000e-06	-2.232532e-06	-1.818190e-09	-1.614700e+01	-1.203640e+02
2.650000e-06	-2.326355e-06	-2.196918e-09	-1.682559e+01	-1.454487e+02
2.660000e-06	-2.419044e-06	-2.587707e-09	-1.749596e+01	-1.711038e+02
2.670000e-06	-2.510652e-06	-2.988923e-09	-1.815853e+01	-1.972169e+02
2.680000e-06	-2.601327e-06	-3.396170e-09	-1.881435e+01	-2.236226e+02
2.690000e-06	-2.691075e-06	-3.801915e-09	-1.946346e+01	-2.501053e+02
2.700000e-06	-2.779822e-06	-4.200956e-09	-2.010533e+01	-2.764121e+02
2.710000e-06	-2.867548e-06	-4.592446e-09	-2.073981e+01	-3.022722e+02
2.720000e-06	-2.954317e-06	-4.975657e-09	-2.136738e+01	-3.274208e+02
2.730000e-06	-3.039973e-06	-5.345064e-09	-2.198689e+01	-3.516237e+02
2.740000e-06	-3.124316e-06	-5.698058e-09	-2.259691e+01	-3.746965e+02
2.750000e-06	-3.207456e-06	-6.033939e-09	-2.319823e+01	-3.965171e+02
2.760000e-06	-3.289492e-06	-6.352840e-09	-2.379157e+01	-4.170284e+02
2.770000e-06	-3.370380e-06	-6.653961e-09	-2.437659e+01	-4.362313e+02
2.780000e-06	-3.450137e-06	-6.931683e-09	-2.495345e+01	-4.541721e+02
2.790000e-06	-3.528558e-06	-7.186227e-09	-2.552064e+01	-4.709256e+02
2.800000e-06	-3.605381e-06	-7.422164e-09	-2.607627e+01	-4.865798e+02
2.810000e-06	-3.680680e-06	-7.645242e-09	-2.662087e+01	-5.012240e+02
2.820000e-06	-3.754502e-06	-7.856346e-09	-2.715480e+01	-5.149421e+02
2.830000e-06	-3.826899e-06	-8.053492e-09	-2.767842e+01	-5.278099e+02
2.840000e-06	-3.897926e-06	-8.239176e-09	-2.819213e+01	-5.398959e+02
2.850000e-06	-3.967398e-06	-8.416557e-09	-2.869458e+01	-5.512626e+02
2.860000e-06	-4.035199e-06	-8.585001e-09	-2.918496e+01	-5.619664e+02
2.870000e-06	-4.101514e-06	-8.740429e-09	-2.966459e+01	-5.720561e+02
2.880000e-06	-4.166366e-06	-8.882577e-09	-3.013364e+01	-5.815712e+02
2.890000e-06	-4.229744e-06	-9.013864e-09	-3.059203e+01	-5.905404e+02
2.900000e-06	-4.291480e-06	-9.139030e-09	-3.103854e+01	-5.989823e+02
2.910000e-06	-4.351404e-06	-9.257974e-09	-3.147194e+01	-6.069097e+02
2.920000e-06	-4.409713e-06	-9.368723e-09	-3.189367e+01	-6.143354e+02
2.930000e-06	-4.466503e-06	-9.473049e-09	-3.230441e+01	-6.212796e+02
2.940000e-06	-4.521684e-06	-9.573585e-09	-3.270351e+01	-6.277739e+02
2.950000e-06	-4.574923e-06	-9.670237e-09	-3.308857e+01	-6.338624e+02
2.960000e-06	-4.626122e-06	-9.758340e-09	-3.345887e+01	-6.395977e+02
2.970000e-06	-4.675395e-06	-9.837213e-09	-3.381524e+01	-6.450333e+02
2.980000e-06	-4.722578e-06	-9.911709e-09	-3.415650e+01	-6.502143e+02
2.990000e-06	-4.767839e-06	-9.986797e-09	-3.448385e+01	-6.551702e+02
3.000000e-06	-4.811563e-06	-1.006156e-08	-3.480009e+01	-6.599118e+02
3.010000e-06	-4.853745e-06	-1.012986e-08	-3.510518e+01	-6.644334e+02
3.020000e-06	-4.894295e-06	-1.019408e-08	-3.539846e+01	-6.687193e+02
3.030000e-06	-4.933085e-06	-1.025626e-08	-3.567901e+01	-6.727523e+02
3.040000e-06	-4.969854e-06	-1.031408e-08	-3.594495e+01	-6.765215e+02
3.050000e-06	-5.004656e-06	-1.036489e-08	-3.619665e+01	-6.800255e+02
3.060000e-06	-5.037707e-06	-1.041029e-08	-3.643570e+01	-6.832724e+02
3.070000e-06	-5.069048e-06	-1.045401e-08	-3.666238e+01	-6.862754e+02
3.080000e-06	-5.098364e-06	-1.049950e-08	-3.687441e+01	-6.890472e+02
3.090000e-06	-5.125655e-06	-1.054247e-08	-3.707179e+01	-6.915965e+02
3.100000e-06	-5.151145e-06	-1.057682e-08	-3.725615e+01	-6.939266e+02
3.110000e-06	-5.174789e-06	-1.060238e-08	-3.742716e+01	-6.960396e+02
3.120000e-06	-5.196397e-06	-1.062626e-08	-3.758344e+01	-6.979408e+02
3.130000e-06	-5.215937e-06	-1.065134e-08	-3.772477e+01	-6.996441e+02
3.140000e-06	-5.233648e-06	-1.067390e-08	-3.785286e+01	-7.011730e+02
3.150000e-06	-5.249545e-06	-1.069387e-08	-3.796784e+01	-7.025578e+02
3.160000e-06	-5.263242e-06	-1.071409e-08	-3.806691e+01	-7.038283e+02
3.170000e-06	-5.274560e-06	-1.073469e-08	-3.814876e+01	-7.050044e+02
3.180000e-06	-5.283872e-06	-1.075159e-08	-3.821611e+01	-7.060885e+02
3.190000e-06	-5.291342e-06	-1.076316e-08	-3.827014e+01	-7.070638e+02
3.200000e-06	-5.296697e-06	-1.076999e-08	-3.830887e+01	-7.078974e+02
3.210000e-06	-5.299992e-06	-1.077693e-08	-3.833270e+01	-7.085503e+02
3.220000e-06	-5.301455e-06	-1.078366e-08	-3.834328e+01	-7.089896e+02
