# Temperatura_=_43.7
# Concentracion g/m^3_=_18600.0
# C_Vs_to_Am_M_A/Vsm_=_65563218390.804596
# pendiente_HvsI_1/m_=_3716.3
# ordenada_HvsI_A/m_=_1297.0
# frecuencia_Hz_=_310002.3497823091

Tiempo_(s)	Campo_(V.s)	Magnetizacion_(V.s)	Campo_(kA/m)	Magnetizacion_(A/m)
0.000000e+00	-5.292530e-06	-1.061375e-08	-3.834138e+01	-6.970254e+02
1.000000e-08	-5.291286e-06	-1.061872e-08	-3.833237e+01	-6.971966e+02
2.000000e-08	-5.288032e-06	-1.062202e-08	-3.830879e+01	-6.971828e+02
3.000000e-08	-5.282928e-06	-1.061958e-08	-3.827182e+01	-6.969871e+02
4.000000e-08	-5.276186e-06	-1.061412e-08	-3.822298e+01	-6.966251e+02
5.000000e-08	-5.267747e-06	-1.060694e-08	-3.816184e+01	-6.961238e+02
6.000000e-08	-5.257320e-06	-1.059624e-08	-3.808630e+01	-6.955170e+02
7.000000e-08	-5.244773e-06	-1.057981e-08	-3.799540e+01	-6.948364e+02
8.000000e-08	-5.230157e-06	-1.055159e-08	-3.788952e+01	-6.941046e+02
9.000000e-08	-5.213139e-06	-1.056449e-08	-3.776624e+01	-6.933288e+02
1.000000e-07	-5.193738e-06	-1.060899e-08	-3.762569e+01	-6.925002e+02
1.100000e-07	-5.172363e-06	-1.059350e-08	-3.747084e+01	-6.915985e+02
1.200000e-07	-5.149262e-06	-1.056986e-08	-3.730348e+01	-6.905999e+02
1.300000e-07	-5.124728e-06	-1.051049e-08	-3.712575e+01	-6.894849e+02
1.400000e-07	-5.098642e-06	-1.040409e-08	-3.693677e+01	-6.882440e+02
1.500000e-07	-5.070606e-06	-1.050037e-08	-3.673367e+01	-6.868789e+02
1.600000e-07	-5.040810e-06	-1.047454e-08	-3.651781e+01	-6.853981e+02
1.700000e-07	-5.009351e-06	-1.033676e-08	-3.628991e+01	-6.838104e+02
1.800000e-07	-4.975778e-06	-1.043187e-08	-3.604669e+01	-6.821182e+02
1.900000e-07	-4.940218e-06	-1.037478e-08	-3.578908e+01	-6.803146e+02
2.000000e-07	-4.903112e-06	-1.030459e-08	-3.552027e+01	-6.783843e+02
2.100000e-07	-4.864266e-06	-1.033735e-08	-3.523885e+01	-6.763092e+02
2.200000e-07	-4.823497e-06	-1.022821e-08	-3.494350e+01	-6.740750e+02
2.300000e-07	-4.780688e-06	-1.020056e-08	-3.463338e+01	-6.716776e+02
2.400000e-07	-4.735893e-06	-1.020331e-08	-3.430886e+01	-6.691241e+02
2.500000e-07	-4.689358e-06	-1.013790e-08	-3.397174e+01	-6.664305e+02
2.600000e-07	-4.640967e-06	-1.013353e-08	-3.362118e+01	-6.636155e+02
2.700000e-07	-4.590436e-06	-1.005581e-08	-3.325511e+01	-6.606932e+02
2.800000e-07	-4.537753e-06	-1.000459e-08	-3.287345e+01	-6.576682e+02
2.900000e-07	-4.483222e-06	-9.981946e-09	-3.247840e+01	-6.545350e+02
3.000000e-07	-4.427064e-06	-9.910878e-09	-3.207157e+01	-6.512810e+02
3.100000e-07	-4.369142e-06	-9.857208e-09	-3.165196e+01	-6.478923e+02
3.200000e-07	-4.309369e-06	-9.814238e-09	-3.121894e+01	-6.443600e+02
3.300000e-07	-4.247955e-06	-9.797919e-09	-3.077402e+01	-6.406832e+02
3.400000e-07	-4.185079e-06	-9.712525e-09	-3.031852e+01	-6.368692e+02
3.500000e-07	-4.120730e-06	-9.641531e-09	-2.985235e+01	-6.329294e+02
3.600000e-07	-4.054768e-06	-9.588546e-09	-2.937449e+01	-6.288754e+02
3.700000e-07	-3.987103e-06	-9.496266e-09	-2.888430e+01	-6.247143e+02
3.800000e-07	-3.917864e-06	-9.456092e-09	-2.838270e+01	-6.204473e+02
3.900000e-07	-3.847275e-06	-9.402949e-09	-2.787132e+01	-6.160716e+02
4.000000e-07	-3.775367e-06	-9.329277e-09	-2.735039e+01	-6.115825e+02
4.100000e-07	-3.702033e-06	-9.262984e-09	-2.681913e+01	-6.069768e+02
4.200000e-07	-3.627112e-06	-9.187549e-09	-2.627637e+01	-6.022535e+02
4.300000e-07	-3.550620e-06	-9.114071e-09	-2.572223e+01	-5.974118e+02
4.400000e-07	-3.472675e-06	-9.030036e-09	-2.515756e+01	-5.924485e+02
4.500000e-07	-3.393193e-06	-8.960617e-09	-2.458176e+01	-5.873548e+02
4.600000e-07	-3.312183e-06	-8.882069e-09	-2.399489e+01	-5.821153e+02
4.700000e-07	-3.229881e-06	-8.806183e-09	-2.339866e+01	-5.767111e+02
4.800000e-07	-3.146459e-06	-8.731477e-09	-2.279431e+01	-5.711252e+02
4.900000e-07	-3.062028e-06	-8.633845e-09	-2.218266e+01	-5.653481e+02
5.000000e-07	-2.976616e-06	-8.539253e-09	-2.156390e+01	-5.593827e+02
5.100000e-07	-2.890195e-06	-8.439724e-09	-2.093783e+01	-5.532442e+02
5.200000e-07	-2.802847e-06	-8.348325e-09	-2.030504e+01	-5.469556e+02
5.300000e-07	-2.714535e-06	-8.254584e-09	-1.966527e+01	-5.405403e+02
5.400000e-07	-2.625121e-06	-8.158168e-09	-1.901751e+01	-5.340136e+02
5.500000e-07	-2.534519e-06	-8.059937e-09	-1.836115e+01	-5.273769e+02
5.600000e-07	-2.442754e-06	-7.955200e-09	-1.769637e+01	-5.206171e+02
5.700000e-07	-2.350114e-06	-7.850087e-09	-1.702524e+01	-5.137098e+02
5.800000e-07	-2.256737e-06	-7.735885e-09	-1.634878e+01	-5.066275e+02
5.900000e-07	-2.162537e-06	-7.621108e-09	-1.566636e+01	-4.993459e+02
6.000000e-07	-2.067554e-06	-7.507618e-09	-1.497825e+01	-4.918497e+02
6.100000e-07	-1.971733e-06	-7.396081e-09	-1.428408e+01	-4.841328e+02
6.200000e-07	-1.875080e-06	-7.275927e-09	-1.358389e+01	-4.761954e+02
6.300000e-07	-1.777763e-06	-7.145515e-09	-1.287888e+01	-4.680391e+02
6.400000e-07	-1.679777e-06	-7.017012e-09	-1.216903e+01	-4.596635e+02
6.500000e-07	-1.581032e-06	-6.889454e-09	-1.145368e+01	-4.510643e+02
6.600000e-07	-1.481543e-06	-6.757815e-09	-1.073294e+01	-4.422366e+02
6.700000e-07	-1.381418e-06	-6.616225e-09	-1.000759e+01	-4.331780e+02
6.800000e-07	-1.280774e-06	-6.470504e-09	-9.278480e+00	-4.238925e+02
6.900000e-07	-1.179787e-06	-6.322396e-09	-8.546890e+00	-4.143903e+02
7.000000e-07	-1.078514e-06	-6.174355e-09	-7.813221e+00	-4.046839e+02
7.100000e-07	-9.768395e-07	-6.025654e-09	-7.076648e+00	-3.947809e+02
7.200000e-07	-8.747308e-07	-5.870899e-09	-6.336929e+00	-3.846774e+02
7.300000e-07	-7.723438e-07	-5.713913e-09	-5.595193e+00	-3.743539e+02
7.400000e-07	-6.697417e-07	-5.554312e-09	-4.851899e+00	-3.637770e+02
7.500000e-07	-5.668941e-07	-5.390646e-09	-4.106826e+00	-3.529072e+02
7.600000e-07	-4.638330e-07	-5.218213e-09	-3.360207e+00	-3.417089e+02
7.700000e-07	-3.606020e-07	-5.037660e-09	-2.612357e+00	-3.301598e+02
7.800000e-07	-2.572949e-07	-4.852933e-09	-1.863956e+00	-3.182556e+02
7.900000e-07	-1.539436e-07	-4.667249e-09	-1.115234e+00	-3.060066e+02
8.000000e-07	-5.051007e-08	-4.481136e-09	-3.659168e-01	-2.934289e+02
8.100000e-07	5.296542e-08	-4.286387e-09	3.837044e-01	-2.805324e+02
8.200000e-07	1.564469e-07	-4.084431e-09	1.133369e+00	-2.673106e+02
8.300000e-07	2.598543e-07	-3.878116e-09	1.882497e+00	-2.537377e+02
8.400000e-07	3.631358e-07	-3.664964e-09	2.630713e+00	-2.397732e+02
8.500000e-07	4.663457e-07	-3.443810e-09	3.378410e+00	-2.253733e+02
8.600000e-07	5.694400e-07	-3.214836e-09	4.125270e+00	-2.105042e+02
8.700000e-07	6.723624e-07	-2.977769e-09	4.870884e+00	-1.951524e+02
8.800000e-07	7.750339e-07	-2.737416e-09	5.614681e+00	-1.793266e+02
8.900000e-07	8.774119e-07	-2.493310e-09	6.356351e+00	-1.630513e+02
9.000000e-07	9.794904e-07	-2.239942e-09	7.095853e+00	-1.463538e+02
9.100000e-07	1.081190e-06	-1.977578e-09	7.832611e+00	-1.292498e+02
9.200000e-07	1.182470e-06	-1.711105e-09	8.566325e+00	-1.117346e+02
9.300000e-07	1.283382e-06	-1.439338e-09	9.297377e+00	-9.378123e+01
9.400000e-07	1.383917e-06	-1.157604e-09	1.002569e+01	-7.534851e+01
9.500000e-07	1.483938e-06	-8.645308e-10	1.075029e+01	-5.639392e+01
9.600000e-07	1.583302e-06	-5.615330e-10	1.147013e+01	-3.688611e+01
9.700000e-07	1.681897e-06	-2.552664e-10	1.218439e+01	-1.681164e+01
9.800000e-07	1.779647e-06	5.618032e-11	1.289254e+01	3.826905e+00
9.900000e-07	1.876589e-06	3.785395e-10	1.359482e+01	2.502050e+01
1.000000e-06	1.972812e-06	7.135188e-10	1.429190e+01	4.676604e+01
1.010000e-06	2.068348e-06	1.057386e-09	1.498401e+01	6.907497e+01
1.020000e-06	2.163168e-06	1.408818e-09	1.567092e+01	9.197271e+01
1.030000e-06	2.257212e-06	1.768471e-09	1.635222e+01	1.154868e+02
1.040000e-06	2.350463e-06	2.138377e-09	1.702777e+01	1.396258e+02
1.050000e-06	2.442954e-06	2.519793e-09	1.769781e+01	1.643566e+02
1.060000e-06	2.534512e-06	2.908347e-09	1.836110e+01	1.895856e+02
1.070000e-06	2.624992e-06	3.298698e-09	1.901658e+01	2.151533e+02
1.080000e-06	2.714395e-06	3.687335e-09	1.966425e+01	2.408430e+02
1.090000e-06	2.802694e-06	4.075114e-09	2.030393e+01	2.664027e+02
1.100000e-06	2.889958e-06	4.457814e-09	2.093611e+01	2.915731e+02
1.110000e-06	2.976238e-06	4.830539e-09	2.156116e+01	3.161156e+02
1.120000e-06	3.061533e-06	5.189890e-09	2.217907e+01	3.398318e+02
1.130000e-06	3.145829e-06	5.536946e-09	2.278975e+01	3.625728e+02
1.140000e-06	3.228998e-06	5.868761e-09	2.339226e+01	3.842370e+02
1.150000e-06	3.310912e-06	6.180355e-09	2.398568e+01	4.047626e+02
1.160000e-06	3.391515e-06	6.470724e-09	2.456961e+01	4.241185e+02
1.170000e-06	3.470766e-06	6.741082e-09	2.514374e+01	4.422976e+02
1.180000e-06	3.548743e-06	6.996255e-09	2.570863e+01	4.593150e+02
1.190000e-06	3.625490e-06	7.235818e-09	2.626462e+01	4.752090e+02
1.200000e-06	3.700760e-06	7.460761e-09	2.680991e+01	4.900418e+02
1.210000e-06	3.774341e-06	7.673444e-09	2.734296e+01	5.038959e+02
1.220000e-06	3.846411e-06	7.872853e-09	2.786507e+01	5.168665e+02
1.230000e-06	3.917060e-06	8.058648e-09	2.837688e+01	5.290490e+02
1.240000e-06	3.986277e-06	8.232764e-09	2.887832e+01	5.405258e+02
1.250000e-06	4.054035e-06	8.394041e-09	2.936918e+01	5.513577e+02
1.260000e-06	4.120119e-06	8.544984e-09	2.984793e+01	5.615811e+02
1.270000e-06	4.184530e-06	8.689033e-09	3.031455e+01	5.712131e+02
1.280000e-06	4.247438e-06	8.829123e-09	3.077028e+01	5.802625e+02
1.290000e-06	4.308943e-06	8.964086e-09	3.121585e+01	5.887409e+02
1.300000e-06	4.369010e-06	9.090685e-09	3.165100e+01	5.966720e+02
1.310000e-06	4.427358e-06	9.207098e-09	3.207370e+01	6.040938e+02
1.320000e-06	4.483854e-06	9.313476e-09	3.248298e+01	6.110546e+02
1.330000e-06	4.538657e-06	9.412256e-09	3.288000e+01	6.176051e+02
1.340000e-06	4.591708e-06	9.503865e-09	3.326432e+01	6.237894e+02
1.350000e-06	4.642697e-06	9.589755e-09	3.363371e+01	6.296399e+02
1.360000e-06	4.691584e-06	9.673033e-09	3.398786e+01	6.351763e+02
1.370000e-06	4.738668e-06	9.755954e-09	3.432896e+01	6.404104e+02
1.380000e-06	4.784166e-06	9.836646e-09	3.465857e+01	6.453524e+02
1.390000e-06	4.827979e-06	9.910831e-09	3.497597e+01	6.500163e+02
1.400000e-06	4.869817e-06	9.976872e-09	3.527906e+01	6.544218e+02
1.410000e-06	4.909713e-06	1.003859e-08	3.556809e+01	6.585917e+02
1.420000e-06	4.947929e-06	1.009772e-08	3.584494e+01	6.625461e+02
1.430000e-06	4.984465e-06	1.015441e-08	3.610962e+01	6.662963e+02
1.440000e-06	5.019066e-06	1.020894e-08	3.636029e+01	6.698412e+02
1.450000e-06	5.051662e-06	1.026139e-08	3.659643e+01	6.731684e+02
1.460000e-06	5.082471e-06	1.030924e-08	3.681962e+01	6.762597e+02
1.470000e-06	5.111585e-06	1.035358e-08	3.703053e+01	6.790979e+02
1.480000e-06	5.138770e-06	1.039533e-08	3.722747e+01	6.816751e+02
1.490000e-06	5.163819e-06	1.043282e-08	3.740894e+01	6.839957e+02
1.500000e-06	5.186856e-06	1.046483e-08	3.757583e+01	6.860770e+02
1.510000e-06	5.208087e-06	1.049306e-08	3.772964e+01	6.879445e+02
1.520000e-06	5.227502e-06	1.052036e-08	3.787029e+01	6.896263e+02
1.530000e-06	5.244881e-06	1.054613e-08	3.799619e+01	6.911470e+02
1.540000e-06	5.260177e-06	1.056919e-08	3.810700e+01	6.925248e+02
1.550000e-06	5.273416e-06	1.058861e-08	3.820291e+01	6.937700e+02
1.560000e-06	5.284413e-06	1.060592e-08	3.828258e+01	6.948868e+02
1.570000e-06	5.293201e-06	1.062120e-08	3.834624e+01	6.958747e+02
1.580000e-06	5.300037e-06	1.063500e-08	3.839576e+01	6.967300e+02
1.590000e-06	5.305038e-06	1.064699e-08	3.843199e+01	6.974460e+02
1.600000e-06	5.308018e-06	1.065731e-08	3.845358e+01	6.980127e+02
1.610000e-06	5.308904e-06	1.066709e-08	3.846000e+01	6.984176e+02
1.620000e-06	5.307982e-06	1.067382e-08	3.845332e+01	6.986479e+02
1.630000e-06	5.305344e-06	1.067251e-08	3.843421e+01	6.986945e+02
1.640000e-06	5.300856e-06	1.066847e-08	3.840169e+01	6.985569e+02
1.650000e-06	5.294361e-06	1.066221e-08	3.835464e+01	6.982465e+02
1.660000e-06	5.286028e-06	1.065496e-08	3.829428e+01	6.977873e+02
1.670000e-06	5.276088e-06	1.064849e-08	3.822227e+01	6.972113e+02
1.680000e-06	5.264245e-06	1.064515e-08	3.813647e+01	6.965521e+02
1.690000e-06	5.250291e-06	1.065955e-08	3.803538e+01	6.958359e+02
1.700000e-06	5.234228e-06	1.060030e-08	3.791902e+01	6.950752e+02
1.710000e-06	5.215624e-06	1.053834e-08	3.778424e+01	6.942660e+02
1.720000e-06	5.194217e-06	1.053777e-08	3.762916e+01	6.933912e+02
1.730000e-06	5.170662e-06	1.052320e-08	3.745852e+01	6.924269e+02
1.740000e-06	5.146062e-06	1.062277e-08	3.728030e+01	6.913516e+02
1.750000e-06	5.120588e-06	1.055427e-08	3.709576e+01	6.901522e+02
1.760000e-06	5.093134e-06	1.042865e-08	3.689687e+01	6.888270e+02
1.770000e-06	5.063340e-06	1.056984e-08	3.668102e+01	6.873830e+02
1.780000e-06	5.031877e-06	1.048129e-08	3.645309e+01	6.858297e+02
1.790000e-06	4.998643e-06	1.039782e-08	3.621233e+01	6.841721e+02
1.800000e-06	4.963626e-06	1.049611e-08	3.595866e+01	6.824064e+02
1.810000e-06	4.926888e-06	1.035776e-08	3.569251e+01	6.805195e+02
1.820000e-06	4.888026e-06	1.035185e-08	3.541098e+01	6.784935e+02
1.830000e-06	4.847317e-06	1.039208e-08	3.511606e+01	6.763122e+02
1.840000e-06	4.804912e-06	1.026250e-08	3.480886e+01	6.739677e+02
1.850000e-06	4.760645e-06	1.029495e-08	3.448817e+01	6.714636e+02
1.860000e-06	4.714646e-06	1.019875e-08	3.415494e+01	6.688137e+02
1.870000e-06	4.666715e-06	1.014830e-08	3.380770e+01	6.660366e+02
1.880000e-06	4.616858e-06	1.018135e-08	3.344652e+01	6.631484e+02
1.890000e-06	4.565143e-06	1.003430e-08	3.307187e+01	6.601573e+02
1.900000e-06	4.511307e-06	1.006235e-08	3.268186e+01	6.570608e+02
1.910000e-06	4.455592e-06	1.000390e-08	3.227824e+01	6.538478e+02
1.920000e-06	4.398258e-06	9.924807e-09	3.186289e+01	6.505044e+02
1.930000e-06	4.339373e-06	9.888136e-09	3.143629e+01	6.470195e+02
1.940000e-06	4.278776e-06	9.775418e-09	3.099730e+01	6.433895e+02
1.950000e-06	4.216350e-06	9.792027e-09	3.054507e+01	6.396191e+02
1.960000e-06	4.152418e-06	9.679064e-09	3.008192e+01	6.357191e+02
1.970000e-06	4.087017e-06	9.647977e-09	2.960812e+01	6.317015e+02
1.980000e-06	4.020148e-06	9.616491e-09	2.912370e+01	6.275751e+02
1.990000e-06	3.951693e-06	9.487538e-09	2.862777e+01	6.233430e+02
2.000000e-06	3.881456e-06	9.469401e-09	2.811895e+01	6.190035e+02
2.010000e-06	3.809750e-06	9.348303e-09	2.759948e+01	6.145520e+02
2.020000e-06	3.736707e-06	9.309443e-09	2.707033e+01	6.099847e+02
2.030000e-06	3.662271e-06	9.237883e-09	2.653107e+01	6.052999e+02
2.040000e-06	3.586248e-06	9.150473e-09	2.598033e+01	6.004971e+02
2.050000e-06	3.508571e-06	9.100296e-09	2.541761e+01	5.955743e+02
2.060000e-06	3.429483e-06	8.989893e-09	2.484466e+01	5.905246e+02
2.070000e-06	3.349160e-06	8.940679e-09	2.426277e+01	5.853346e+02
2.080000e-06	3.267707e-06	8.821068e-09	2.367269e+01	5.799862e+02
2.090000e-06	3.185065e-06	8.751272e-09	2.307399e+01	5.744609e+02
2.100000e-06	3.101264e-06	8.664887e-09	2.246690e+01	5.687463e+02
2.110000e-06	3.016288e-06	8.573797e-09	2.185130e+01	5.628410e+02
2.120000e-06	2.929943e-06	8.503742e-09	2.122578e+01	5.567566e+02
2.130000e-06	2.842423e-06	8.380657e-09	2.059174e+01	5.505142e+02
2.140000e-06	2.753955e-06	8.293068e-09	1.995084e+01	5.441382e+02
2.150000e-06	2.664512e-06	8.178010e-09	1.930288e+01	5.376471e+02
2.160000e-06	2.574134e-06	8.089908e-09	1.864814e+01	5.310473e+02
2.170000e-06	2.482856e-06	7.985826e-09	1.798688e+01	5.243299e+02
2.180000e-06	2.390646e-06	7.881549e-09	1.731888e+01	5.174738e+02
2.190000e-06	2.297471e-06	7.783811e-09	1.664388e+01	5.104514e+02
2.200000e-06	2.203219e-06	7.665614e-09	1.596107e+01	5.032367e+02
2.210000e-06	2.107978e-06	7.556489e-09	1.527111e+01	4.958113e+02
2.220000e-06	2.012066e-06	7.429048e-09	1.457628e+01	4.881662e+02
2.230000e-06	1.915467e-06	7.316030e-09	1.387647e+01	4.803002e+02
2.240000e-06	1.818148e-06	7.194424e-09	1.317145e+01	4.722149e+02
2.250000e-06	1.720321e-06	7.071315e-09	1.246275e+01	4.639107e+02
2.260000e-06	1.621980e-06	6.942094e-09	1.175033e+01	4.553847e+02
2.270000e-06	1.522975e-06	6.802921e-09	1.103309e+01	4.466316e+02
2.280000e-06	1.423407e-06	6.664765e-09	1.031178e+01	4.376478e+02
2.290000e-06	1.323398e-06	6.525427e-09	9.587269e+00	4.284351e+02
2.300000e-06	1.222991e-06	6.388901e-09	8.859878e+00	4.190019e+02
2.310000e-06	1.122156e-06	6.243621e-09	8.129385e+00	4.093606e+02
2.320000e-06	1.020792e-06	6.093884e-09	7.395058e+00	3.995213e+02
2.330000e-06	9.189461e-07	5.939508e-09	6.657243e+00	3.894844e+02
2.340000e-06	8.166668e-07	5.782781e-09	5.916288e+00	3.792353e+02
2.350000e-06	7.139721e-07	5.619897e-09	5.172323e+00	3.687448e+02
2.360000e-06	6.109213e-07	5.452899e-09	4.425778e+00	3.579742e+02
2.370000e-06	5.076075e-07	5.284447e-09	3.677329e+00	3.468854e+02
2.380000e-06	4.041247e-07	5.114508e-09	2.927654e+00	3.354511e+02
2.390000e-06	3.005220e-07	4.937987e-09	2.177111e+00	3.236612e+02
2.400000e-06	1.968361e-07	4.752209e-09	1.425966e+00	3.115220e+02
2.410000e-06	9.310533e-08	4.558416e-09	6.744953e-01	2.990491e+02
2.420000e-06	-1.064517e-08	4.362091e-09	-7.711821e-02	2.862555e+02
2.430000e-06	-1.144202e-07	4.161746e-09	-8.289096e-01	2.731409e+02
2.440000e-06	-2.181155e-07	3.955107e-09	-1.580123e+00	2.596855e+02
2.450000e-06	-3.216927e-07	3.744333e-09	-2.330481e+00	2.458524e+02
2.460000e-06	-4.251974e-07	3.525413e-09	-3.080314e+00	2.315976e+02
2.470000e-06	-5.286085e-07	3.303013e-09	-3.829469e+00	2.168826e+02
2.480000e-06	-6.318479e-07	3.075675e-09	-4.577379e+00	2.016867e+02
2.490000e-06	-7.347913e-07	2.839677e-09	-5.323146e+00	1.860119e+02
2.500000e-06	-8.373394e-07	2.592044e-09	-6.066049e+00	1.698786e+02
2.510000e-06	-9.394368e-07	2.333700e-09	-6.805687e+00	1.533150e+02
2.520000e-06	-1.041043e-06	2.070832e-09	-7.541770e+00	1.363418e+02
2.530000e-06	-1.142125e-06	1.804935e-09	-8.274046e+00	1.189615e+02
2.540000e-06	-1.242692e-06	1.534767e-09	-9.002603e+00	1.011536e+02
2.550000e-06	-1.342774e-06	1.257827e-09	-9.727635e+00	8.288056e+01
2.560000e-06	-1.442360e-06	9.744652e-10	-1.044908e+01	6.409860e+01
2.570000e-06	-1.541403e-06	6.851174e-10	-1.116659e+01	4.477168e+01
2.580000e-06	-1.639865e-06	3.830032e-10	-1.187989e+01	2.488042e+01
2.590000e-06	-1.737741e-06	6.809106e-11	-1.258895e+01	4.422968e+00
2.600000e-06	-1.835031e-06	-2.549467e-10	-1.329376e+01	-1.659237e+01
2.610000e-06	-1.931651e-06	-5.822749e-10	-1.399372e+01	-3.815933e+01
2.620000e-06	-2.027648e-06	-9.157451e-10	-1.468916e+01	-6.028422e+01
2.630000e-06	-2.123066e-06	-1.259385e-09	-1.538041e+01	-8.298874e+01
2.640000e-06	-2.217751e-06	-1.610560e-09	-1.606635e+01	-1.063016e+02
2.650000e-06	-2.311498e-06	-1.972266e-09	-1.674549e+01	-1.302403e+02
2.660000e-06	-2.404181e-06	-2.345475e-09	-1.741693e+01	-1.547872e+02
2.670000e-06	-2.495828e-06	-2.730061e-09	-1.808086e+01	-1.798696e+02
2.680000e-06	-2.586474e-06	-3.122008e-09	-1.873753e+01	-2.053489e+02
2.690000e-06	-2.676169e-06	-3.513339e-09	-1.938733e+01	-2.310251e+02
2.700000e-06	-2.764896e-06	-3.901411e-09	-2.003010e+01	-2.566544e+02
2.710000e-06	-2.852695e-06	-4.286618e-09	-2.066616e+01	-2.819767e+02
2.720000e-06	-2.939537e-06	-4.666625e-09	-2.129528e+01	-3.067442e+02
2.730000e-06	-3.025183e-06	-5.035810e-09	-2.191574e+01	-3.307440e+02
2.740000e-06	-3.109503e-06	-5.390494e-09	-2.252658e+01	-3.538109e+02
2.750000e-06	-3.192587e-06	-5.728348e-09	-2.312849e+01	-3.758289e+02
2.760000e-06	-3.274612e-06	-6.050580e-09	-2.372270e+01	-3.967245e+02
2.770000e-06	-3.355574e-06	-6.357069e-09	-2.430923e+01	-4.164576e+02
2.780000e-06	-3.435353e-06	-6.642619e-09	-2.488719e+01	-4.350136e+02
2.790000e-06	-3.513748e-06	-6.905405e-09	-2.545511e+01	-4.524007e+02
2.800000e-06	-3.590529e-06	-7.152113e-09	-2.601135e+01	-4.686494e+02
2.810000e-06	-3.665771e-06	-7.387743e-09	-2.655643e+01	-4.838144e+02
2.820000e-06	-3.739604e-06	-7.610039e-09	-2.709131e+01	-4.979724e+02
2.830000e-06	-3.812042e-06	-7.814828e-09	-2.761608e+01	-5.112157e+02
2.840000e-06	-3.883128e-06	-8.003859e-09	-2.813106e+01	-5.236409e+02
2.850000e-06	-3.952620e-06	-8.183084e-09	-2.863449e+01	-5.353361e+02
2.860000e-06	-4.020426e-06	-8.353229e-09	-2.912571e+01	-5.463695e+02
2.870000e-06	-4.086807e-06	-8.511400e-09	-2.960660e+01	-5.567851e+02
2.880000e-06	-4.151817e-06	-8.657482e-09	-3.007756e+01	-5.666054e+02
2.890000e-06	-4.215326e-06	-8.795851e-09	-3.053765e+01	-5.758404e+02
2.900000e-06	-4.277138e-06	-8.929338e-09	-3.098544e+01	-5.844997e+02
2.910000e-06	-4.337148e-06	-9.055016e-09	-3.142018e+01	-5.926026e+02
2.920000e-06	-4.395528e-06	-9.168916e-09	-3.184311e+01	-6.001824e+02
2.930000e-06	-4.452405e-06	-9.273299e-09	-3.225515e+01	-6.072851e+02
2.940000e-06	-4.507683e-06	-9.373424e-09	-3.265561e+01	-6.139615e+02
2.950000e-06	-4.561075e-06	-9.469983e-09	-3.304240e+01	-6.202587e+02
2.960000e-06	-4.612444e-06	-9.560182e-09	-3.341454e+01	-6.262130e+02
2.970000e-06	-4.661828e-06	-9.642978e-09	-3.377230e+01	-6.318481e+02
2.980000e-06	-4.709156e-06	-9.723602e-09	-3.411517e+01	-6.371776e+02
2.990000e-06	-4.754643e-06	-9.803892e-09	-3.444469e+01	-6.422115e+02
3.000000e-06	-4.798511e-06	-9.881452e-09	-3.476249e+01	-6.469622e+02
3.010000e-06	-4.840802e-06	-9.948688e-09	-3.506887e+01	-6.514476e+02
3.020000e-06	-4.881536e-06	-1.000854e-08	-3.536396e+01	-6.556901e+02
3.030000e-06	-4.920530e-06	-1.006706e-08	-3.564645e+01	-6.597113e+02
3.040000e-06	-4.957501e-06	-1.012459e-08	-3.591428e+01	-6.635259e+02
3.050000e-06	-4.992513e-06	-1.017828e-08	-3.616793e+01	-6.671370e+02
3.060000e-06	-5.025789e-06	-1.022759e-08	-3.640899e+01	-6.705353e+02
3.070000e-06	-5.057294e-06	-1.027655e-08	-3.663723e+01	-6.737038e+02
3.080000e-06	-5.086787e-06	-1.032594e-08	-3.685089e+01	-6.766241e+02
3.090000e-06	-5.114292e-06	-1.037114e-08	-3.705014e+01	-6.792846e+02
3.100000e-06	-5.139978e-06	-1.040579e-08	-3.723623e+01	-6.816857e+02
3.110000e-06	-5.163795e-06	-1.043017e-08	-3.740877e+01	-6.838407e+02
3.120000e-06	-5.185560e-06	-1.045263e-08	-3.756644e+01	-6.857731e+02
3.130000e-06	-5.205261e-06	-1.047766e-08	-3.770917e+01	-6.875109e+02
3.140000e-06	-5.223137e-06	-1.050207e-08	-3.783867e+01	-6.890804e+02
3.150000e-06	-5.239167e-06	-1.052418e-08	-3.795480e+01	-6.905019e+02
3.160000e-06	-5.253014e-06	-1.054590e-08	-3.805511e+01	-6.917883e+02
3.170000e-06	-5.264560e-06	-1.056755e-08	-3.813876e+01	-6.929455e+02
3.180000e-06	-5.274063e-06	-1.058474e-08	-3.820760e+01	-6.939744e+02
3.190000e-06	-5.281691e-06	-1.059479e-08	-3.826286e+01	-6.948722e+02
3.200000e-06	-5.287229e-06	-1.059787e-08	-3.830297e+01	-6.956332e+02
3.210000e-06	-5.290671e-06	-1.060095e-08	-3.832791e+01	-6.962485e+02
3.220000e-06	-5.292302e-06	-1.060701e-08	-3.833973e+01	-6.967062e+02
