# Temperatura_=_65.63
# Concentracion g/m^3_=_18600.0
# C_Vs_to_Am_M_A/Vsm_=_65563218390.804596
# pendiente_HvsI_1/m_=_3716.3
# ordenada_HvsI_A/m_=_1297.0
# frecuencia_Hz_=_310003.57943897526

Tiempo_(s)	Campo_(V.s)	Magnetizacion_(V.s)	Campo_(kA/m)	Magnetizacion_(A/m)
0.000000e+00	-5.298213e-06	-1.153486e-08	-3.834479e+01	-7.582948e+02
1.000000e-08	-5.296903e-06	-1.153644e-08	-3.833531e+01	-7.582808e+02
2.000000e-08	-5.293604e-06	-1.153855e-08	-3.831144e+01	-7.581051e+02
3.000000e-08	-5.288483e-06	-1.153269e-08	-3.827438e+01	-7.577604e+02
4.000000e-08	-5.281693e-06	-1.152032e-08	-3.822523e+01	-7.572476e+02
5.000000e-08	-5.273198e-06	-1.150954e-08	-3.816375e+01	-7.565827e+02
6.000000e-08	-5.262763e-06	-1.149891e-08	-3.808823e+01	-7.557983e+02
7.000000e-08	-5.250223e-06	-1.149252e-08	-3.799747e+01	-7.549355e+02
8.000000e-08	-5.235601e-06	-1.145227e-08	-3.789165e+01	-7.540316e+02
9.000000e-08	-5.218654e-06	-1.140905e-08	-3.776900e+01	-7.531064e+02
1.000000e-07	-5.199339e-06	-1.147291e-08	-3.762921e+01	-7.521527e+02
1.100000e-07	-5.177982e-06	-1.150526e-08	-3.747465e+01	-7.511372e+02
1.200000e-07	-5.154867e-06	-1.149001e-08	-3.730735e+01	-7.500109e+02
1.300000e-07	-5.130262e-06	-1.148166e-08	-3.712928e+01	-7.487253e+02
1.400000e-07	-5.104089e-06	-1.125252e-08	-3.693985e+01	-7.472498e+02
1.500000e-07	-5.076043e-06	-1.130696e-08	-3.673688e+01	-7.455821e+02
1.600000e-07	-5.046252e-06	-1.145004e-08	-3.652127e+01	-7.437474e+02
1.700000e-07	-5.014792e-06	-1.117378e-08	-3.629359e+01	-7.417873e+02
1.800000e-07	-4.981267e-06	-1.124620e-08	-3.605096e+01	-7.397421e+02
1.900000e-07	-4.945744e-06	-1.132233e-08	-3.579387e+01	-7.376334e+02
2.000000e-07	-4.908667e-06	-1.113558e-08	-3.552552e+01	-7.354542e+02
2.100000e-07	-4.869882e-06	-1.120908e-08	-3.524483e+01	-7.331705e+02
2.200000e-07	-4.829112e-06	-1.114008e-08	-3.494976e+01	-7.307335e+02
2.300000e-07	-4.786290e-06	-1.101808e-08	-3.463985e+01	-7.280980e+02
2.400000e-07	-4.741558e-06	-1.105701e-08	-3.431611e+01	-7.252385e+02
2.500000e-07	-4.695075e-06	-1.097566e-08	-3.397970e+01	-7.221585e+02
2.600000e-07	-4.646649e-06	-1.097440e-08	-3.362922e+01	-7.188867e+02
2.700000e-07	-4.596024e-06	-1.092576e-08	-3.326283e+01	-7.154650e+02
2.800000e-07	-4.543282e-06	-1.083095e-08	-3.288112e+01	-7.119307e+02
2.900000e-07	-4.488699e-06	-1.081274e-08	-3.248609e+01	-7.083020e+02
3.000000e-07	-4.432472e-06	-1.072913e-08	-3.207916e+01	-7.045717e+02
3.100000e-07	-4.374537e-06	-1.067056e-08	-3.165987e+01	-7.007119e+02
3.200000e-07	-4.314801e-06	-1.060508e-08	-3.122754e+01	-6.966881e+02
3.300000e-07	-4.253431e-06	-1.058809e-08	-3.078338e+01	-6.924755e+02
3.400000e-07	-4.190555e-06	-1.051861e-08	-3.032833e+01	-6.880715e+02
3.500000e-07	-4.126161e-06	-1.041031e-08	-2.986229e+01	-6.834996e+02
3.600000e-07	-4.060113e-06	-1.037442e-08	-2.938429e+01	-6.788018e+02
3.700000e-07	-3.992411e-06	-1.025949e-08	-2.889430e+01	-6.740237e+02
3.800000e-07	-3.923186e-06	-1.018039e-08	-2.839330e+01	-6.691975e+02
3.900000e-07	-3.852543e-06	-1.014413e-08	-2.788203e+01	-6.643298e+02
4.000000e-07	-3.780537e-06	-1.006852e-08	-2.736091e+01	-6.593987e+02
4.100000e-07	-3.707089e-06	-1.000584e-08	-2.682934e+01	-6.543607e+02
4.200000e-07	-3.632064e-06	-9.915906e-09	-2.628636e+01	-6.491647e+02
4.300000e-07	-3.555449e-06	-9.830251e-09	-2.573188e+01	-6.437677e+02
4.400000e-07	-3.477300e-06	-9.733528e-09	-2.516629e+01	-6.381458e+02
4.500000e-07	-3.397671e-06	-9.653969e-09	-2.458998e+01	-6.322976e+02
4.600000e-07	-3.316622e-06	-9.566681e-09	-2.400341e+01	-6.262398e+02
4.700000e-07	-3.234316e-06	-9.460191e-09	-2.340774e+01	-6.199971e+02
4.800000e-07	-3.150914e-06	-9.381188e-09	-2.280413e+01	-6.135921e+02
4.900000e-07	-3.066463e-06	-9.281630e-09	-2.219293e+01	-6.070382e+02
5.000000e-07	-2.980940e-06	-9.183338e-09	-2.157397e+01	-6.003385e+02
5.100000e-07	-2.894395e-06	-9.067633e-09	-2.094762e+01	-5.934899e+02
5.200000e-07	-2.806971e-06	-8.954182e-09	-2.031491e+01	-5.864884e+02
5.300000e-07	-2.718593e-06	-8.852777e-09	-1.967529e+01	-5.793340e+02
5.400000e-07	-2.629109e-06	-8.748168e-09	-1.902767e+01	-5.720309e+02
5.500000e-07	-2.538421e-06	-8.636552e-09	-1.837133e+01	-5.645829e+02
5.600000e-07	-2.446641e-06	-8.510407e-09	-1.770709e+01	-5.569874e+02
5.700000e-07	-2.354000e-06	-8.395000e-09	-1.703662e+01	-5.492295e+02
5.800000e-07	-2.260564e-06	-8.280041e-09	-1.636040e+01	-5.412808e+02
5.900000e-07	-2.166282e-06	-8.158711e-09	-1.567805e+01	-5.331030e+02
6.000000e-07	-2.071179e-06	-8.023852e-09	-1.498976e+01	-5.246571e+02
6.100000e-07	-1.975355e-06	-7.887072e-09	-1.429625e+01	-5.159133e+02
6.200000e-07	-1.878808e-06	-7.753391e-09	-1.359751e+01	-5.068594e+02
6.300000e-07	-1.781500e-06	-7.610946e-09	-1.289326e+01	-4.975034e+02
6.400000e-07	-1.683407e-06	-7.463012e-09	-1.218333e+01	-4.878699e+02
6.500000e-07	-1.584561e-06	-7.309998e-09	-1.146795e+01	-4.779912e+02
6.600000e-07	-1.485049e-06	-7.159211e-09	-1.074776e+01	-4.678967e+02
6.700000e-07	-1.384941e-06	-7.005643e-09	-1.002324e+01	-4.576031e+02
6.800000e-07	-1.284365e-06	-6.842864e-09	-9.295340e+00	-4.471101e+02
6.900000e-07	-1.183364e-06	-6.670796e-09	-8.564365e+00	-4.364001e+02
7.000000e-07	-1.081971e-06	-6.499864e-09	-7.830559e+00	-4.254435e+02
7.100000e-07	-9.802212e-07	-6.335101e-09	-7.094161e+00	-4.142054e+02
7.200000e-07	-8.780610e-07	-6.166301e-09	-6.354796e+00	-4.026519e+02
7.300000e-07	-7.755714e-07	-5.985637e-09	-5.613048e+00	-3.907540e+02
7.400000e-07	-6.728449e-07	-5.792180e-09	-4.869585e+00	-3.784886e+02
7.500000e-07	-5.698815e-07	-5.595717e-09	-4.124407e+00	-3.658380e+02
7.600000e-07	-4.666947e-07	-5.399070e-09	-3.377613e+00	-3.527882e+02
7.700000e-07	-3.633376e-07	-5.194161e-09	-2.629585e+00	-3.393275e+02
7.800000e-07	-2.598712e-07	-4.977386e-09	-1.880768e+00	-3.254463e+02
7.900000e-07	-1.563420e-07	-4.758269e-09	-1.131495e+00	-3.111375e+02
8.000000e-07	-5.277349e-08	-4.538481e-09	-3.819379e-01	-2.963953e+02
8.100000e-07	5.080864e-08	-4.311374e-09	3.677177e-01	-2.812136e+02
8.200000e-07	1.543889e-07	-4.071384e-09	1.117360e+00	-2.655826e+02
8.300000e-07	2.579438e-07	-3.818263e-09	1.866818e+00	-2.494856e+02
8.400000e-07	3.614127e-07	-3.560886e-09	2.615655e+00	-2.328969e+02
8.500000e-07	4.647753e-07	-3.303202e-09	3.363721e+00	-2.157819e+02
8.600000e-07	5.679804e-07	-3.038139e-09	4.110648e+00	-1.981005e+02
8.700000e-07	6.709527e-07	-2.756715e-09	4.855890e+00	-1.798134e+02
8.800000e-07	7.736921e-07	-2.464361e-09	5.599447e+00	-1.608876e+02
8.900000e-07	8.761707e-07	-2.165648e-09	6.341116e+00	-1.413012e+02
9.000000e-07	9.783240e-07	-1.858472e-09	7.080430e+00	-1.210440e+02
9.100000e-07	1.080131e-06	-1.537889e-09	7.817243e+00	-1.001136e+02
9.200000e-07	1.181525e-06	-1.204605e-09	8.551058e+00	-7.850849e+01
9.300000e-07	1.282499e-06	-8.640670e-10	9.281836e+00	-5.621939e+01
9.400000e-07	1.383102e-06	-5.165803e-10	1.000993e+01	-3.322255e+01
9.500000e-07	1.483230e-06	-1.557292e-10	1.073459e+01	-9.476637e+00
9.600000e-07	1.582764e-06	2.241907e-10	1.145495e+01	1.507443e+01
9.700000e-07	1.681615e-06	6.179292e-10	1.217036e+01	4.049257e+01
9.800000e-07	1.779678e-06	1.020446e-09	1.288008e+01	6.683149e+01
9.900000e-07	1.876878e-06	1.433735e-09	1.358354e+01	9.411928e+01
1.000000e-06	1.973220e-06	1.863144e-09	1.428079e+01	1.223403e+02
1.010000e-06	2.068797e-06	2.309234e-09	1.497252e+01	1.514190e+02
1.020000e-06	2.163657e-06	2.768455e-09	1.565905e+01	1.812095e+02
1.030000e-06	2.257752e-06	3.232304e-09	1.634004e+01	2.114914e+02
1.040000e-06	2.351051e-06	3.697206e-09	1.701528e+01	2.419771e+02
1.050000e-06	2.443590e-06	4.164185e-09	1.768501e+01	2.723274e+02
1.060000e-06	2.535319e-06	4.624444e-09	1.834888e+01	3.021776e+02
1.070000e-06	2.626030e-06	5.065682e-09	1.900539e+01	3.311696e+02
1.080000e-06	2.715520e-06	5.481095e-09	1.965305e+01	3.589841e+02
1.090000e-06	2.803882e-06	5.877195e-09	2.029255e+01	3.853694e+02
1.100000e-06	2.891295e-06	6.254814e-09	2.092519e+01	4.101597e+02
1.110000e-06	2.977742e-06	6.608082e-09	2.155083e+01	4.332797e+02
1.120000e-06	3.063121e-06	6.933213e-09	2.216875e+01	4.547362e+02
1.130000e-06	3.147468e-06	7.233756e-09	2.277919e+01	4.745995e+02
1.140000e-06	3.230812e-06	7.512066e-09	2.338238e+01	4.929783e+02
1.150000e-06	3.312863e-06	7.769400e-09	2.397621e+01	5.099980e+02
1.160000e-06	3.393544e-06	8.007155e-09	2.456012e+01	5.257836e+02
1.170000e-06	3.472983e-06	8.226519e-09	2.513504e+01	5.404519e+02
1.180000e-06	3.551132e-06	8.432745e-09	2.570063e+01	5.541117e+02
1.190000e-06	3.627920e-06	8.628322e-09	2.625637e+01	5.668672e+02
1.200000e-06	3.703274e-06	8.813364e-09	2.680173e+01	5.788212e+02
1.210000e-06	3.777046e-06	8.985779e-09	2.733564e+01	5.900747e+02
1.220000e-06	3.849226e-06	9.145660e-09	2.785803e+01	6.007203e+02
1.230000e-06	3.919947e-06	9.297299e-09	2.836985e+01	6.108338e+02
1.240000e-06	3.989258e-06	9.444982e-09	2.887148e+01	6.204661e+02
1.250000e-06	4.057198e-06	9.586714e-09	2.936319e+01	6.296394e+02
1.260000e-06	4.123522e-06	9.721970e-09	2.984319e+01	6.383523e+02
1.270000e-06	4.188085e-06	9.851181e-09	3.031046e+01	6.465906e+02
1.280000e-06	4.251091e-06	9.973960e-09	3.076645e+01	6.543420e+02
1.290000e-06	4.312657e-06	1.008887e-08	3.121202e+01	6.616093e+02
1.300000e-06	4.372793e-06	1.019321e-08	3.164724e+01	6.684177e+02
1.310000e-06	4.431264e-06	1.028816e-08	3.207042e+01	6.748128e+02
1.320000e-06	4.487869e-06	1.038012e-08	3.248008e+01	6.808516e+02
1.330000e-06	4.542726e-06	1.047034e-08	3.287710e+01	6.865895e+02
1.340000e-06	4.595839e-06	1.055758e-08	3.326150e+01	6.920685e+02
1.350000e-06	4.646957e-06	1.063785e-08	3.363145e+01	6.973112e+02
1.360000e-06	4.695997e-06	1.071327e-08	3.398637e+01	7.023226e+02
1.370000e-06	4.743160e-06	1.078759e-08	3.432770e+01	7.070980e+02
1.380000e-06	4.788650e-06	1.085982e-08	3.465693e+01	7.116328e+02
1.390000e-06	4.832433e-06	1.092651e-08	3.497380e+01	7.159304e+02
1.400000e-06	4.874265e-06	1.098621e-08	3.527655e+01	7.200040e+02
1.410000e-06	4.914230e-06	1.104297e-08	3.556579e+01	7.238715e+02
1.420000e-06	4.952511e-06	1.110008e-08	3.584284e+01	7.275475e+02
1.430000e-06	4.989053e-06	1.115767e-08	3.610731e+01	7.310349e+02
1.440000e-06	5.023754e-06	1.121122e-08	3.635845e+01	7.343215e+02
1.450000e-06	5.056461e-06	1.125904e-08	3.659516e+01	7.373835e+02
1.460000e-06	5.087272e-06	1.130249e-08	3.681814e+01	7.401948e+02
1.470000e-06	5.116364e-06	1.134266e-08	3.702869e+01	7.427395e+02
1.480000e-06	5.143574e-06	1.137804e-08	3.722562e+01	7.450201e+02
1.490000e-06	5.168625e-06	1.140897e-08	3.740692e+01	7.470612e+02
1.500000e-06	5.191643e-06	1.143644e-08	3.757351e+01	7.489029e+02
1.510000e-06	5.212870e-06	1.146354e-08	3.772714e+01	7.505896e+02
1.520000e-06	5.232250e-06	1.149244e-08	3.786739e+01	7.521567e+02
1.530000e-06	5.249606e-06	1.151962e-08	3.799301e+01	7.536205e+02
1.540000e-06	5.264894e-06	1.154134e-08	3.810365e+01	7.549757e+02
1.550000e-06	5.278160e-06	1.155820e-08	3.819966e+01	7.562011e+02
1.560000e-06	5.289268e-06	1.157387e-08	3.828006e+01	7.572695e+02
1.570000e-06	5.298173e-06	1.158671e-08	3.834450e+01	7.581596e+02
1.580000e-06	5.305068e-06	1.159640e-08	3.839440e+01	7.588626e+02
1.590000e-06	5.310090e-06	1.160519e-08	3.843075e+01	7.593831e+02
1.600000e-06	5.313142e-06	1.161368e-08	3.845284e+01	7.597333e+02
1.610000e-06	5.314132e-06	1.162008e-08	3.846000e+01	7.599245e+02
1.620000e-06	5.313224e-06	1.162662e-08	3.845343e+01	7.599611e+02
1.630000e-06	5.310527e-06	1.162457e-08	3.843391e+01	7.598386e+02
1.640000e-06	5.305993e-06	1.161359e-08	3.840110e+01	7.595489e+02
1.650000e-06	5.299554e-06	1.160262e-08	3.835450e+01	7.590895e+02
1.660000e-06	5.291290e-06	1.159556e-08	3.829469e+01	7.584709e+02
1.670000e-06	5.281330e-06	1.158611e-08	3.822261e+01	7.577209e+02
1.680000e-06	5.269506e-06	1.156076e-08	3.813703e+01	7.568789e+02
1.690000e-06	5.255574e-06	1.160075e-08	3.803620e+01	7.559853e+02
1.700000e-06	5.239458e-06	1.159876e-08	3.791957e+01	7.550666e+02
1.710000e-06	5.220885e-06	1.149241e-08	3.778515e+01	7.541248e+02
1.720000e-06	5.199608e-06	1.145747e-08	3.763116e+01	7.531343e+02
1.730000e-06	5.176151e-06	1.136609e-08	3.746139e+01	7.520495e+02
1.740000e-06	5.151463e-06	1.149453e-08	3.728272e+01	7.508198e+02
1.750000e-06	5.125842e-06	1.157980e-08	3.709729e+01	7.494074e+02
1.760000e-06	5.098470e-06	1.128094e-08	3.689919e+01	7.478001e+02
1.770000e-06	5.068835e-06	1.144152e-08	3.668471e+01	7.460153e+02
1.780000e-06	5.037398e-06	1.150869e-08	3.645720e+01	7.440909e+02
1.790000e-06	5.004243e-06	1.121196e-08	3.621724e+01	7.420698e+02
1.800000e-06	4.969266e-06	1.137361e-08	3.596410e+01	7.399811e+02
1.810000e-06	4.932450e-06	1.131010e-08	3.569765e+01	7.378274e+02
1.820000e-06	4.893566e-06	1.113104e-08	3.541624e+01	7.355824e+02
1.830000e-06	4.852835e-06	1.129176e-08	3.512145e+01	7.332004e+02
1.840000e-06	4.810456e-06	1.113320e-08	3.481474e+01	7.306330e+02
1.850000e-06	4.766258e-06	1.113058e-08	3.449487e+01	7.278468e+02
1.860000e-06	4.720271e-06	1.113310e-08	3.416205e+01	7.248358e+02
1.870000e-06	4.672383e-06	1.093614e-08	3.381547e+01	7.216216e+02
1.880000e-06	4.622519e-06	1.102759e-08	3.345458e+01	7.182437e+02
1.890000e-06	4.570748e-06	1.087742e-08	3.307990e+01	7.147428e+02
1.900000e-06	4.516923e-06	1.084649e-08	3.269036e+01	7.111443e+02
1.910000e-06	4.461236e-06	1.085370e-08	3.228733e+01	7.074491e+02
1.920000e-06	4.403922e-06	1.069878e-08	3.187253e+01	7.036350e+02
1.930000e-06	4.345012e-06	1.071132e-08	3.144618e+01	6.996677e+02
1.940000e-06	4.284446e-06	1.055034e-08	3.100785e+01	6.955175e+02
1.950000e-06	4.222084e-06	1.056104e-08	3.055651e+01	6.911739e+02
1.960000e-06	4.158081e-06	1.049185e-08	3.009331e+01	6.866523e+02
1.970000e-06	4.092585e-06	1.036368e-08	2.961929e+01	6.819901e+02
1.980000e-06	4.025626e-06	1.040396e-08	2.913469e+01	6.772335e+02
1.990000e-06	3.957105e-06	1.022901e-08	2.863878e+01	6.724209e+02
2.000000e-06	3.886868e-06	1.019439e-08	2.813045e+01	6.675679e+02
2.010000e-06	3.815106e-06	1.008518e-08	2.761109e+01	6.626614e+02
2.020000e-06	3.742015e-06	9.994799e-09	2.708211e+01	6.576635e+02
2.030000e-06	3.667517e-06	9.975387e-09	2.654294e+01	6.525239e+02
2.040000e-06	3.591399e-06	9.847825e-09	2.599206e+01	6.471955e+02
2.050000e-06	3.513677e-06	9.809855e-09	2.542956e+01	6.416473e+02
2.060000e-06	3.434536e-06	9.671416e-09	2.485679e+01	6.358710e+02
2.070000e-06	3.354137e-06	9.606409e-09	2.427491e+01	6.298782e+02
2.080000e-06	3.272592e-06	9.491822e-09	2.368475e+01	6.236925e+02
2.090000e-06	3.189892e-06	9.381750e-09	2.308622e+01	6.173379e+02
2.100000e-06	3.106030e-06	9.310829e-09	2.247929e+01	6.108313e+02
2.110000e-06	3.020897e-06	9.183948e-09	2.186316e+01	6.041790e+02
2.120000e-06	2.934462e-06	9.125361e-09	2.123760e+01	5.973789e+02
2.130000e-06	2.846872e-06	8.992779e-09	2.060369e+01	5.904271e+02
2.140000e-06	2.758267e-06	8.883584e-09	1.996242e+01	5.833218e+02
2.150000e-06	2.668712e-06	8.754743e-09	1.931429e+01	5.760662e+02
2.160000e-06	2.578227e-06	8.643105e-09	1.865942e+01	5.686648e+02
2.170000e-06	2.486843e-06	8.543668e-09	1.799804e+01	5.611179e+02
2.180000e-06	2.394499e-06	8.419762e-09	1.732973e+01	5.534150e+02
2.190000e-06	2.301170e-06	8.312888e-09	1.665427e+01	5.455318e+02
2.200000e-06	2.206876e-06	8.173992e-09	1.597184e+01	5.374323e+02
2.210000e-06	2.111666e-06	8.055664e-09	1.528278e+01	5.290767e+02
2.220000e-06	2.015677e-06	7.912740e-09	1.458807e+01	5.204312e+02
2.230000e-06	1.919012e-06	7.774443e-09	1.388848e+01	5.114773e+02
2.240000e-06	1.821757e-06	7.633647e-09	1.318461e+01	5.022166e+02
2.250000e-06	1.723906e-06	7.488839e-09	1.247643e+01	4.926691e+02
2.260000e-06	1.625409e-06	7.350311e-09	1.176359e+01	4.828660e+02
2.270000e-06	1.526317e-06	7.195485e-09	1.104642e+01	4.728385e+02
2.280000e-06	1.426739e-06	7.039851e-09	1.032575e+01	4.626084e+02
2.290000e-06	1.326692e-06	6.876016e-09	9.601680e+00	4.521808e+02
2.300000e-06	1.226200e-06	6.719175e-09	8.874385e+00	4.415436e+02
2.310000e-06	1.125236e-06	6.552442e-09	8.143678e+00	4.306702e+02
2.320000e-06	1.023728e-06	6.379770e-09	7.409034e+00	4.195267e+02
2.330000e-06	9.217249e-07	6.202124e-09	6.670806e+00	4.080783e+02
2.340000e-06	8.193245e-07	6.023326e-09	5.929703e+00	3.962941e+02
2.350000e-06	7.165167e-07	5.843354e-09	5.185651e+00	3.841493e+02
2.360000e-06	6.133737e-07	5.652606e-09	4.439174e+00	3.716244e+02
2.370000e-06	5.100144e-07	5.455668e-09	3.691130e+00	3.587046e+02
2.380000e-06	4.064543e-07	5.251862e-09	2.941634e+00	3.453773e+02
2.390000e-06	3.027784e-07	5.042611e-09	2.191300e+00	3.316324e+02
2.400000e-06	1.990623e-07	4.826714e-09	1.440675e+00	3.174621e+02
2.410000e-06	9.527226e-08	4.604158e-09	6.895145e-01	3.028600e+02
2.420000e-06	-8.566321e-09	4.373842e-09	-6.199709e-02	2.878206e+02
2.430000e-06	-1.124099e-07	4.139623e-09	-8.135451e-01	2.723357e+02
2.440000e-06	-2.162394e-07	3.900021e-09	-1.564991e+00	2.563911e+02
2.450000e-06	-3.199953e-07	3.651236e-09	-2.315904e+00	2.399641e+02
2.460000e-06	-4.236519e-07	3.390634e-09	-3.066099e+00	2.230227e+02
2.470000e-06	-5.271521e-07	3.121583e-09	-3.815161e+00	2.055280e+02
2.480000e-06	-6.304497e-07	2.848741e-09	-4.562758e+00	1.874399e+02
2.490000e-06	-7.335160e-07	2.567596e-09	-5.308680e+00	1.687226e+02
2.500000e-06	-8.362456e-07	2.272658e-09	-6.052166e+00	1.493505e+02
2.510000e-06	-9.385493e-07	1.963190e-09	-6.792569e+00	1.293097e+02
2.520000e-06	-1.040399e-06	1.646280e-09	-7.529688e+00	1.085960e+02
2.530000e-06	-1.141718e-06	1.321330e-09	-8.262964e+00	8.720843e+01
2.540000e-06	-1.242409e-06	9.850732e-10	-8.991697e+00	6.514121e+01
2.550000e-06	-1.342490e-06	6.389736e-10	-9.716015e+00	4.237577e+01
2.560000e-06	-1.442069e-06	2.838328e-10	-1.043670e+01	1.887641e+01
2.570000e-06	-1.541170e-06	-7.974514e-11	-1.115392e+01	-5.408883e+00
2.580000e-06	-1.639775e-06	-4.601650e-10	-1.186756e+01	-3.054149e+01
2.590000e-06	-1.737842e-06	-8.608150e-10	-1.257729e+01	-5.657953e+01
2.600000e-06	-1.835292e-06	-1.275941e-09	-1.328257e+01	-8.356133e+01
2.610000e-06	-1.932032e-06	-1.700319e-09	-1.398271e+01	-1.114872e+02
2.620000e-06	-2.028091e-06	-2.134890e-09	-1.467792e+01	-1.403024e+02
2.630000e-06	-2.123516e-06	-2.583843e-09	-1.536853e+01	-1.698843e+02
2.640000e-06	-2.218291e-06	-3.043071e-09	-1.605445e+01	-2.000364e+02
2.650000e-06	-2.312213e-06	-3.505894e-09	-1.673419e+01	-2.304913e+02
2.660000e-06	-2.404997e-06	-3.966458e-09	-1.740570e+01	-2.609239e+02
2.670000e-06	-2.496664e-06	-4.425231e-09	-1.806912e+01	-2.909747e+02
2.680000e-06	-2.587359e-06	-4.878990e-09	-1.872551e+01	-3.202797e+02
2.690000e-06	-2.677109e-06	-5.314378e-09	-1.937505e+01	-3.485035e+02
2.700000e-06	-2.765905e-06	-5.722538e-09	-2.001770e+01	-3.753705e+02
2.710000e-06	-2.853759e-06	-6.106632e-09	-2.065353e+01	-4.006857e+02
2.720000e-06	-2.940680e-06	-6.471897e-09	-2.128260e+01	-4.243452e+02
2.730000e-06	-3.026478e-06	-6.813343e-09	-2.190355e+01	-4.463311e+02
2.740000e-06	-3.110877e-06	-7.126917e-09	-2.251437e+01	-4.666957e+02
2.750000e-06	-3.194065e-06	-7.413647e-09	-2.311643e+01	-4.855381e+02
2.760000e-06	-3.276223e-06	-7.680089e-09	-2.371103e+01	-5.029806e+02
2.770000e-06	-3.357291e-06	-7.932184e-09	-2.429775e+01	-5.191493e+02
2.780000e-06	-3.437157e-06	-8.165314e-09	-2.487576e+01	-5.341643e+02
2.790000e-06	-3.515654e-06	-8.376955e-09	-2.544387e+01	-5.481366e+02
2.800000e-06	-3.592574e-06	-8.572189e-09	-2.600056e+01	-5.611712e+02
2.810000e-06	-3.667919e-06	-8.759573e-09	-2.654585e+01	-5.733714e+02
2.820000e-06	-3.741828e-06	-8.939470e-09	-2.708076e+01	-5.848391e+02
2.830000e-06	-3.814333e-06	-9.106546e-09	-2.760549e+01	-5.956706e+02
2.840000e-06	-3.885450e-06	-9.261071e-09	-2.812020e+01	-6.059481e+02
2.850000e-06	-3.955059e-06	-9.408731e-09	-2.862397e+01	-6.157310e+02
2.860000e-06	-4.023063e-06	-9.552830e-09	-2.911614e+01	-6.250507e+02
2.870000e-06	-4.089569e-06	-9.688025e-09	-2.959747e+01	-6.339126e+02
2.880000e-06	-4.154665e-06	-9.809062e-09	-3.006858e+01	-6.423050e+02
2.890000e-06	-4.218294e-06	-9.918899e-09	-3.052908e+01	-6.502132e+02
2.900000e-06	-4.280265e-06	-1.002848e-08	-3.097759e+01	-6.576343e+02
2.910000e-06	-4.340442e-06	-1.013987e-08	-3.141311e+01	-6.645858e+02
2.920000e-06	-4.398960e-06	-1.024331e-08	-3.183662e+01	-6.711076e+02
2.930000e-06	-4.455920e-06	-1.033442e-08	-3.224886e+01	-6.772543e+02
2.940000e-06	-4.511290e-06	-1.041981e-08	-3.264959e+01	-6.830832e+02
2.950000e-06	-4.564820e-06	-1.050450e-08	-3.303700e+01	-6.886417e+02
2.960000e-06	-4.616266e-06	-1.058650e-08	-3.340933e+01	-6.939588e+02
2.970000e-06	-4.665710e-06	-1.065851e-08	-3.376717e+01	-6.990446e+02
2.980000e-06	-4.713166e-06	-1.072542e-08	-3.411063e+01	-7.038963e+02
2.990000e-06	-4.758727e-06	-1.079706e-08	-3.444037e+01	-7.085083e+02
3.000000e-06	-4.802665e-06	-1.087305e-08	-3.475836e+01	-7.128809e+02
3.010000e-06	-4.845028e-06	-1.094092e-08	-3.506495e+01	-7.170244e+02
3.020000e-06	-4.885786e-06	-1.099554e-08	-3.535993e+01	-7.209559e+02
3.030000e-06	-4.924844e-06	-1.104558e-08	-3.564261e+01	-7.246922e+02
3.040000e-06	-4.961910e-06	-1.109655e-08	-3.591086e+01	-7.282406e+02
3.050000e-06	-4.997005e-06	-1.114612e-08	-3.616485e+01	-7.315937e+02
3.060000e-06	-5.030347e-06	-1.119033e-08	-3.640617e+01	-7.347305e+02
3.070000e-06	-5.061930e-06	-1.123244e-08	-3.663474e+01	-7.376247e+02
3.080000e-06	-5.091526e-06	-1.127504e-08	-3.684893e+01	-7.402555e+02
3.090000e-06	-5.119075e-06	-1.131842e-08	-3.704831e+01	-7.426191e+02
3.100000e-06	-5.144779e-06	-1.135301e-08	-3.723434e+01	-7.447331e+02
3.110000e-06	-5.168638e-06	-1.137417e-08	-3.740702e+01	-7.466337e+02
3.120000e-06	-5.190486e-06	-1.139100e-08	-3.756514e+01	-7.483655e+02
3.130000e-06	-5.210277e-06	-1.141186e-08	-3.770837e+01	-7.499680e+02
3.140000e-06	-5.228177e-06	-1.143619e-08	-3.783792e+01	-7.514643e+02
3.150000e-06	-5.244233e-06	-1.145877e-08	-3.795412e+01	-7.528559e+02
3.160000e-06	-5.258176e-06	-1.147881e-08	-3.805503e+01	-7.541257e+02
3.170000e-06	-5.269855e-06	-1.149731e-08	-3.813955e+01	-7.552471e+02
3.180000e-06	-5.279433e-06	-1.151319e-08	-3.820887e+01	-7.561959e+02
3.190000e-06	-5.287054e-06	-1.152372e-08	-3.826403e+01	-7.569589e+02
3.200000e-06	-5.292647e-06	-1.152597e-08	-3.830451e+01	-7.575366e+02
3.210000e-06	-5.296227e-06	-1.152503e-08	-3.833042e+01	-7.579398e+02
3.220000e-06	-5.297957e-06	-1.152909e-08	-3.834294e+01	-7.581810e+02
