4.658037e+02
4.732929e+02
4.803384e+02
4.804833e+02
4.836540e+02
4.843109e+02
4.888518e+02
4.899518e+02
4.855324e+02
4.839885e+02
4.825218e+02
4.801050e+02
4.760368e+02
4.765345e+02
4.727879e+02
4.696775e+02
4.686741e+02
4.656936e+02
4.640680e+02
4.639295e+02
4.638166e+02
4.659239e+02
4.618407e+02
4.637919e+02
4.640099e+02
4.640716e+02
4.594271e+02
4.604895e+02
4.585436e+02
4.597708e+02
4.586032e+02
4.586151e+02
4.595409e+02
4.597002e+02
4.575315e+02
4.558618e+02
4.551545e+02
4.524046e+02
4.531708e+02
4.509970e+02
4.537780e+02
4.515527e+02
4.493840e+02
4.476727e+02
4.469391e+02
4.456490e+02
4.468409e+02
4.457912e+02
4.466639e+02
4.442558e+02
4.452658e+02
4.432310e+02
4.437445e+02
4.431584e+02
4.419353e+02
4.380456e+02
4.398418e+02
4.390370e+02
4.397868e+02
4.384862e+02
4.393407e+02
4.386737e+02
4.372035e+02
