# Temperatura_=_43.9
# Concentracion g/m^3_=_18600.0
# C_Vs_to_Am_M_A/Vsm_=_65563218390.804596
# pendiente_HvsI_1/m_=_3716.3
# ordenada_HvsI_A/m_=_1297.0
# frecuencia_Hz_=_238272.93994589095

Tiempo_(s)	Campo_(V.s)	Magnetizacion_(V.s)	Campo_(kA/m)	Magnetizacion_(A/m)
0.000000e+00	-7.644039e-06	-1.076807e-08	-5.694933e+01	-7.077587e+02
1.000000e-08	-7.642172e-06	-1.076676e-08	-5.693542e+01	-7.076018e+02
2.000000e-08	-7.638564e-06	-1.076670e-08	-5.690853e+01	-7.073825e+02
3.000000e-08	-7.633505e-06	-1.076780e-08	-5.687084e+01	-7.071029e+02
4.000000e-08	-7.626965e-06	-1.076664e-08	-5.682212e+01	-7.067657e+02
5.000000e-08	-7.618995e-06	-1.075850e-08	-5.676274e+01	-7.063734e+02
6.000000e-08	-7.609370e-06	-1.074367e-08	-5.669104e+01	-7.059278e+02
7.000000e-08	-7.597777e-06	-1.072263e-08	-5.660467e+01	-7.054287e+02
8.000000e-08	-7.584321e-06	-1.071542e-08	-5.650442e+01	-7.048750e+02
9.000000e-08	-7.568710e-06	-1.072699e-08	-5.638811e+01	-7.042645e+02
1.000000e-07	-7.550755e-06	-1.072321e-08	-5.625435e+01	-7.035951e+02
1.100000e-07	-7.530968e-06	-1.072238e-08	-5.610693e+01	-7.028657e+02
1.200000e-07	-7.509732e-06	-1.069313e-08	-5.594871e+01	-7.020777e+02
1.300000e-07	-7.487282e-06	-1.063849e-08	-5.578146e+01	-7.012344e+02
1.400000e-07	-7.463622e-06	-1.069892e-08	-5.560519e+01	-7.003412e+02
1.500000e-07	-7.438266e-06	-1.065228e-08	-5.541628e+01	-6.994038e+02
1.600000e-07	-7.411155e-06	-1.056918e-08	-5.521430e+01	-6.984267e+02
1.700000e-07	-7.382552e-06	-1.064524e-08	-5.500120e+01	-6.974115e+02
1.800000e-07	-7.352266e-06	-1.058660e-08	-5.477557e+01	-6.963551e+02
1.900000e-07	-7.320490e-06	-1.054586e-08	-5.453883e+01	-6.952496e+02
2.000000e-07	-7.287353e-06	-1.059533e-08	-5.429195e+01	-6.940830e+02
2.100000e-07	-7.252394e-06	-1.052834e-08	-5.403151e+01	-6.928414e+02
2.200000e-07	-7.215777e-06	-1.049144e-08	-5.375870e+01	-6.915111e+02
2.300000e-07	-7.177591e-06	-1.049772e-08	-5.347421e+01	-6.900826e+02
2.400000e-07	-7.137793e-06	-1.046456e-08	-5.317771e+01	-6.885518e+02
2.500000e-07	-7.096433e-06	-1.046235e-08	-5.286957e+01	-6.869224e+02
2.600000e-07	-7.053278e-06	-1.041719e-08	-5.254806e+01	-6.852047e+02
2.700000e-07	-7.008435e-06	-1.037621e-08	-5.221397e+01	-6.834142e+02
2.800000e-07	-6.962070e-06	-1.037393e-08	-5.186855e+01	-6.815678e+02
2.900000e-07	-6.914188e-06	-1.034113e-08	-5.151182e+01	-6.796807e+02
3.000000e-07	-6.864644e-06	-1.030525e-08	-5.114271e+01	-6.777627e+02
3.100000e-07	-6.813164e-06	-1.027402e-08	-5.075917e+01	-6.758156e+02
3.200000e-07	-6.759847e-06	-1.025482e-08	-5.036195e+01	-6.738331e+02
3.300000e-07	-6.705023e-06	-1.022573e-08	-4.995350e+01	-6.718020e+02
3.400000e-07	-6.648892e-06	-1.020238e-08	-4.953532e+01	-6.697051e+02
3.500000e-07	-6.591287e-06	-1.016150e-08	-4.910615e+01	-6.675248e+02
3.600000e-07	-6.531997e-06	-1.009931e-08	-4.866443e+01	-6.652473e+02
3.700000e-07	-6.471233e-06	-1.007649e-08	-4.821173e+01	-6.628650e+02
3.800000e-07	-6.409160e-06	-1.006043e-08	-4.774928e+01	-6.603781e+02
3.900000e-07	-6.345780e-06	-1.001812e-08	-4.727708e+01	-6.577938e+02
4.000000e-07	-6.280987e-06	-9.976979e-09	-4.679436e+01	-6.551238e+02
4.100000e-07	-6.214638e-06	-9.936342e-09	-4.630006e+01	-6.523807e+02
4.200000e-07	-6.146770e-06	-9.900662e-09	-4.579443e+01	-6.495747e+02
4.300000e-07	-6.077543e-06	-9.855093e-09	-4.527868e+01	-6.467106e+02
4.400000e-07	-6.007031e-06	-9.797175e-09	-4.475335e+01	-6.437864e+02
4.500000e-07	-5.935203e-06	-9.742222e-09	-4.421822e+01	-6.407937e+02
4.600000e-07	-5.861985e-06	-9.702988e-09	-4.367273e+01	-6.377201e+02
4.700000e-07	-5.787317e-06	-9.671433e-09	-4.311645e+01	-6.345522e+02
4.800000e-07	-5.711134e-06	-9.619394e-09	-4.254887e+01	-6.312791e+02
4.900000e-07	-5.633418e-06	-9.559482e-09	-4.196988e+01	-6.278953e+02
5.000000e-07	-5.554226e-06	-9.501100e-09	-4.137988e+01	-6.244017e+02
5.100000e-07	-5.473631e-06	-9.450839e-09	-4.077943e+01	-6.208053e+02
5.200000e-07	-5.391792e-06	-9.397712e-09	-4.016972e+01	-6.171170e+02
5.300000e-07	-5.308848e-06	-9.335994e-09	-3.955177e+01	-6.133484e+02
5.400000e-07	-5.224847e-06	-9.274521e-09	-3.892595e+01	-6.095087e+02
5.500000e-07	-5.139783e-06	-9.219029e-09	-3.829221e+01	-6.056017e+02
5.600000e-07	-5.053731e-06	-9.165299e-09	-3.765111e+01	-6.016250e+02
5.700000e-07	-4.966734e-06	-9.102080e-09	-3.700297e+01	-5.975707e+02
5.800000e-07	-4.878729e-06	-9.032245e-09	-3.634732e+01	-5.934268e+02
5.900000e-07	-4.789662e-06	-8.964035e-09	-3.568375e+01	-5.891814e+02
6.000000e-07	-4.699490e-06	-8.901593e-09	-3.501196e+01	-5.848249e+02
6.100000e-07	-4.608141e-06	-8.838286e-09	-3.433139e+01	-5.803527e+02
6.200000e-07	-4.515724e-06	-8.765800e-09	-3.364287e+01	-5.757658e+02
6.300000e-07	-4.422433e-06	-8.689220e-09	-3.294784e+01	-5.710699e+02
6.400000e-07	-4.328246e-06	-8.617224e-09	-3.224613e+01	-5.662727e+02
6.500000e-07	-4.233142e-06	-8.546826e-09	-3.153759e+01	-5.613809e+02
6.600000e-07	-4.137110e-06	-8.472138e-09	-3.082214e+01	-5.563969e+02
6.700000e-07	-4.040063e-06	-8.389994e-09	-3.009912e+01	-5.513167e+02
6.800000e-07	-3.942059e-06	-8.307038e-09	-2.936898e+01	-5.461297e+02
6.900000e-07	-3.843199e-06	-8.231507e-09	-2.863245e+01	-5.408205e+02
7.000000e-07	-3.743446e-06	-8.155110e-09	-2.788927e+01	-5.353715e+02
7.100000e-07	-3.642805e-06	-8.066534e-09	-2.713948e+01	-5.297675e+02
7.200000e-07	-3.541376e-06	-7.967243e-09	-2.638382e+01	-5.239989e+02
7.300000e-07	-3.439175e-06	-7.871034e-09	-2.562241e+01	-5.180637e+02
7.400000e-07	-3.336218e-06	-7.782461e-09	-2.485536e+01	-5.119682e+02
7.500000e-07	-3.232471e-06	-7.695386e-09	-2.408243e+01	-5.057244e+02
7.600000e-07	-3.127935e-06	-7.602510e-09	-2.330362e+01	-4.993465e+02
7.700000e-07	-3.022722e-06	-7.502431e-09	-2.251976e+01	-4.928464e+02
7.800000e-07	-2.916854e-06	-7.400923e-09	-2.173103e+01	-4.862295e+02
7.900000e-07	-2.810328e-06	-7.299450e-09	-2.093739e+01	-4.794918e+02
8.000000e-07	-2.703114e-06	-7.193659e-09	-2.013864e+01	-4.726203e+02
8.100000e-07	-2.595191e-06	-7.078815e-09	-1.933459e+01	-4.655944e+02
8.200000e-07	-2.486606e-06	-6.962653e-09	-1.852562e+01	-4.583906e+02
8.300000e-07	-2.377434e-06	-6.852577e-09	-1.771227e+01	-4.509870e+02
8.400000e-07	-2.267828e-06	-6.746106e-09	-1.689568e+01	-4.433679e+02
8.500000e-07	-2.157843e-06	-6.631359e-09	-1.607627e+01	-4.355266e+02
8.600000e-07	-2.047404e-06	-6.504486e-09	-1.525349e+01	-4.274656e+02
8.700000e-07	-1.936521e-06	-6.372837e-09	-1.442739e+01	-4.191941e+02
8.800000e-07	-1.825232e-06	-6.243669e-09	-1.359827e+01	-4.107233e+02
8.900000e-07	-1.713489e-06	-6.113054e-09	-1.276577e+01	-4.020612e+02
9.000000e-07	-1.601389e-06	-5.972702e-09	-1.193061e+01	-3.932075e+02
9.100000e-07	-1.489017e-06	-5.828372e-09	-1.109342e+01	-3.841509e+02
9.200000e-07	-1.376308e-06	-5.686996e-09	-1.025371e+01	-3.748693e+02
9.300000e-07	-1.263340e-06	-5.548310e-09	-9.412088e+00	-3.653323e+02
9.400000e-07	-1.150117e-06	-5.402645e-09	-8.568558e+00	-3.555069e+02
9.500000e-07	-1.036604e-06	-5.245244e-09	-7.722869e+00	-3.453635e+02
9.600000e-07	-9.229015e-07	-5.082035e-09	-6.875765e+00	-3.348811e+02
9.700000e-07	-8.090192e-07	-4.917313e-09	-6.027323e+00	-3.240504e+02
9.800000e-07	-6.949464e-07	-4.747812e-09	-5.177462e+00	-3.128725e+02
9.900000e-07	-5.807081e-07	-4.570924e-09	-4.326369e+00	-3.013553e+02
1.000000e-06	-4.662575e-07	-4.388468e-09	-3.473694e+00	-2.895064e+02
1.010000e-06	-3.516616e-07	-4.205482e-09	-2.619936e+00	-2.773255e+02
1.020000e-06	-2.369977e-07	-4.019605e-09	-1.765671e+00	-2.647975e+02
1.030000e-06	-1.222834e-07	-3.823727e-09	-9.110310e-01	-2.518895e+02
1.040000e-06	-7.553631e-09	-3.619905e-09	-5.627577e-02	-2.385516e+02
1.050000e-06	1.071832e-07	-3.408273e-09	7.985325e-01	-2.247227e+02
1.060000e-06	2.219288e-07	-3.188314e-09	1.653405e+00	-2.103391e+02
1.070000e-06	3.366415e-07	-2.957110e-09	2.508034e+00	-1.953454e+02
1.080000e-06	4.512356e-07	-2.715959e-09	3.361778e+00	-1.797030e+02
1.090000e-06	5.656986e-07	-2.466486e-09	4.214546e+00	-1.633950e+02
1.100000e-06	6.800210e-07	-2.208686e-09	5.066266e+00	-1.464257e+02
1.110000e-06	7.941799e-07	-1.944914e-09	5.916768e+00	-1.288130e+02
1.120000e-06	9.081545e-07	-1.672726e-09	6.765898e+00	-1.105760e+02
1.130000e-06	1.021897e-06	-1.388115e-09	7.613298e+00	-9.172092e+01
1.140000e-06	1.135421e-06	-1.086209e-09	8.459072e+00	-7.222747e+01
1.150000e-06	1.248683e-06	-7.684883e-10	9.302891e+00	-5.204077e+01
1.160000e-06	1.361640e-06	-4.409989e-10	1.014443e+01	-3.107176e+01
1.170000e-06	1.474306e-06	-1.044976e-10	1.098382e+01	-9.207285e+00
1.180000e-06	1.586673e-06	2.437918e-10	1.182097e+01	1.367021e+01
1.190000e-06	1.698739e-06	6.039959e-10	1.265588e+01	3.765621e+01
1.200000e-06	1.810349e-06	9.811060e-10	1.348739e+01	6.279530e+01
1.210000e-06	1.921439e-06	1.378131e-09	1.431503e+01	8.905523e+01
1.220000e-06	2.032095e-06	1.794971e-09	1.513943e+01	1.163093e+02
1.230000e-06	2.142301e-06	2.227994e-09	1.596049e+01	1.443309e+02
1.240000e-06	2.252063e-06	2.668480e-09	1.677823e+01	1.728029e+02
1.250000e-06	2.361434e-06	3.107237e-09	1.759306e+01	2.013398e+02
1.260000e-06	2.470375e-06	3.535018e-09	1.840469e+01	2.295221e+02
1.270000e-06	2.578767e-06	3.946682e-09	1.921223e+01	2.569352e+02
1.280000e-06	2.686473e-06	4.340062e-09	2.001466e+01	2.832086e+02
1.290000e-06	2.793488e-06	4.714087e-09	2.081194e+01	3.080484e+02
1.300000e-06	2.899762e-06	5.064904e-09	2.160369e+01	3.312594e+02
1.310000e-06	3.005301e-06	5.391827e-09	2.238998e+01	3.527523e+02
1.320000e-06	3.110207e-06	5.692753e-09	2.317154e+01	3.725381e+02
1.330000e-06	3.214528e-06	5.964205e-09	2.394876e+01	3.907104e+02
1.340000e-06	3.318170e-06	6.210189e-09	2.472090e+01	4.074188e+02
1.350000e-06	3.420932e-06	6.439687e-09	2.548649e+01	4.228414e+02
1.360000e-06	3.522922e-06	6.658525e-09	2.624633e+01	4.371576e+02
1.370000e-06	3.624301e-06	6.865565e-09	2.700162e+01	4.505281e+02
1.380000e-06	3.725006e-06	7.059165e-09	2.775189e+01	4.630822e+02
1.390000e-06	3.824875e-06	7.238324e-09	2.849594e+01	4.749148e+02
1.400000e-06	3.923720e-06	7.404976e-09	2.923235e+01	4.860901e+02
1.410000e-06	4.021499e-06	7.561605e-09	2.996081e+01	4.966506e+02
1.420000e-06	4.118381e-06	7.709767e-09	3.068260e+01	5.066276e+02
1.430000e-06	4.214447e-06	7.850402e-09	3.139831e+01	5.160506e+02
1.440000e-06	4.309545e-06	7.984036e-09	3.210681e+01	5.249538e+02
1.450000e-06	4.403634e-06	8.113888e-09	3.280778e+01	5.333783e+02
1.460000e-06	4.496894e-06	8.240793e-09	3.350259e+01	5.413704e+02
1.470000e-06	4.589399e-06	8.359738e-09	3.419176e+01	5.489776e+02
1.480000e-06	4.680820e-06	8.467306e-09	3.487286e+01	5.562431e+02
1.490000e-06	4.770881e-06	8.570036e-09	3.554384e+01	5.632019e+02
1.500000e-06	4.859789e-06	8.672512e-09	3.620621e+01	5.698780e+02
1.510000e-06	4.947716e-06	8.771977e-09	3.686128e+01	5.762853e+02
1.520000e-06	5.034542e-06	8.863799e-09	3.750815e+01	5.824300e+02
1.530000e-06	5.120232e-06	8.950289e-09	3.814656e+01	5.883150e+02
1.540000e-06	5.204959e-06	9.036747e-09	3.877779e+01	5.939441e+02
1.550000e-06	5.288615e-06	9.122659e-09	3.940103e+01	5.993261e+02
1.560000e-06	5.371072e-06	9.202522e-09	4.001536e+01	6.044758e+02
1.570000e-06	5.452387e-06	9.272465e-09	4.062116e+01	6.094140e+02
1.580000e-06	5.532450e-06	9.339865e-09	4.121764e+01	6.141649e+02
1.590000e-06	5.611188e-06	9.410305e-09	4.180426e+01	6.187525e+02
1.600000e-06	5.688727e-06	9.481283e-09	4.238193e+01	6.231972e+02
1.610000e-06	5.765003e-06	9.546230e-09	4.295021e+01	6.275126e+02
1.620000e-06	5.839717e-06	9.605352e-09	4.350684e+01	6.317046e+02
1.630000e-06	5.912926e-06	9.666097e-09	4.405225e+01	6.357715e+02
1.640000e-06	5.984843e-06	9.728787e-09	4.458805e+01	6.397062e+02
1.650000e-06	6.055448e-06	9.785595e-09	4.511406e+01	6.434994e+02
1.660000e-06	6.124809e-06	9.834508e-09	4.563081e+01	6.471424e+02
1.670000e-06	6.192964e-06	9.883567e-09	4.613858e+01	6.506300e+02
1.680000e-06	6.259625e-06	9.936216e-09	4.663521e+01	6.539619e+02
1.690000e-06	6.324811e-06	9.988520e-09	4.712086e+01	6.571427e+02
1.700000e-06	6.388678e-06	1.003664e-08	4.759668e+01	6.601812e+02
1.710000e-06	6.451170e-06	1.008251e-08	4.806226e+01	6.630880e+02
1.720000e-06	6.512431e-06	1.012957e-08	4.851866e+01	6.658740e+02
1.730000e-06	6.572440e-06	1.017588e-08	4.896573e+01	6.685485e+02
1.740000e-06	6.630857e-06	1.021430e-08	4.940095e+01	6.711182e+02
1.750000e-06	6.687686e-06	1.024500e-08	4.982434e+01	6.735873e+02
1.760000e-06	6.743034e-06	1.027709e-08	5.023669e+01	6.759576e+02
1.770000e-06	6.796814e-06	1.031497e-08	5.063736e+01	6.782299e+02
1.780000e-06	6.848911e-06	1.035329e-08	5.102549e+01	6.804049e+02
1.790000e-06	6.899169e-06	1.038524e-08	5.139992e+01	6.824838e+02
1.800000e-06	6.947672e-06	1.041458e-08	5.176128e+01	6.844684e+02
1.810000e-06	6.994607e-06	1.044731e-08	5.211095e+01	6.863612e+02
1.820000e-06	7.040145e-06	1.047934e-08	5.245021e+01	6.881645e+02
1.830000e-06	7.084253e-06	1.050459e-08	5.277883e+01	6.898798e+02
1.840000e-06	7.126593e-06	1.052611e-08	5.309427e+01	6.915079e+02
1.850000e-06	7.167249e-06	1.055067e-08	5.339716e+01	6.930484e+02
1.860000e-06	7.206393e-06	1.057954e-08	5.368879e+01	6.945006e+02
1.870000e-06	7.244028e-06	1.060524e-08	5.396917e+01	6.958638e+02
1.880000e-06	7.280236e-06	1.062285e-08	5.423893e+01	6.971389e+02
1.890000e-06	7.314690e-06	1.063672e-08	5.449562e+01	6.983281e+02
1.900000e-06	7.347351e-06	1.065398e-08	5.473895e+01	6.994359e+02
1.910000e-06	7.378516e-06	1.067347e-08	5.497113e+01	7.004681e+02
1.920000e-06	7.408222e-06	1.069066e-08	5.519245e+01	7.014314e+02
1.930000e-06	7.436420e-06	1.070711e-08	5.540253e+01	7.023323e+02
1.940000e-06	7.462846e-06	1.072386e-08	5.559941e+01	7.031760e+02
1.950000e-06	7.487403e-06	1.073959e-08	5.578236e+01	7.039654e+02
1.960000e-06	7.510313e-06	1.075086e-08	5.595304e+01	7.047014e+02
1.970000e-06	7.531695e-06	1.075868e-08	5.611234e+01	7.053828e+02
1.980000e-06	7.551653e-06	1.076539e-08	5.626104e+01	7.060073e+02
1.990000e-06	7.570016e-06	1.077384e-08	5.639784e+01	7.065721e+02
2.000000e-06	7.586559e-06	1.078581e-08	5.652109e+01	7.070751e+02
2.010000e-06	7.601379e-06	1.079827e-08	5.663150e+01	7.075154e+02
2.020000e-06	7.614484e-06	1.081041e-08	5.672913e+01	7.078932e+02
2.030000e-06	7.625644e-06	1.081852e-08	5.681228e+01	7.082098e+02
2.040000e-06	7.634855e-06	1.082089e-08	5.688090e+01	7.084668e+02
2.050000e-06	7.642412e-06	1.082175e-08	5.693720e+01	7.086655e+02
2.060000e-06	7.648401e-06	1.082310e-08	5.698182e+01	7.088062e+02
2.070000e-06	7.652850e-06	1.082535e-08	5.701497e+01	7.088881e+02
2.080000e-06	7.655577e-06	1.082833e-08	5.703528e+01	7.089099e+02
2.090000e-06	7.656411e-06	1.083341e-08	5.704150e+01	7.088697e+02
2.100000e-06	7.655559e-06	1.083813e-08	5.703515e+01	7.087665e+02
2.110000e-06	7.653184e-06	1.083856e-08	5.701746e+01	7.086000e+02
2.120000e-06	7.649423e-06	1.083635e-08	5.698943e+01	7.083713e+02
2.130000e-06	7.644028e-06	1.082967e-08	5.694924e+01	7.080827e+02
2.140000e-06	7.636843e-06	1.082174e-08	5.689571e+01	7.077370e+02
2.150000e-06	7.628187e-06	1.081817e-08	5.683122e+01	7.073365e+02
2.160000e-06	7.618099e-06	1.082011e-08	5.675607e+01	7.068827e+02
2.170000e-06	7.606310e-06	1.082056e-08	5.666824e+01	7.063754e+02
2.180000e-06	7.592563e-06	1.078877e-08	5.656582e+01	7.058132e+02
2.190000e-06	7.576659e-06	1.077317e-08	5.644733e+01	7.051939e+02
2.200000e-06	7.558495e-06	1.076075e-08	5.631201e+01	7.045153e+02
2.210000e-06	7.538134e-06	1.077381e-08	5.616031e+01	7.037769e+02
2.220000e-06	7.515952e-06	1.079728e-08	5.599506e+01	7.029801e+02
2.230000e-06	7.492901e-06	1.069892e-08	5.582332e+01	7.021289e+02
2.240000e-06	7.468926e-06	1.071608e-08	5.564470e+01	7.012285e+02
2.250000e-06	7.443080e-06	1.073581e-08	5.545214e+01	7.002847e+02
2.260000e-06	7.415815e-06	1.062900e-08	5.524902e+01	6.993018e+02
2.270000e-06	7.387228e-06	1.069143e-08	5.503604e+01	6.982806e+02
2.280000e-06	7.356558e-06	1.069324e-08	5.480754e+01	6.972173e+02
2.290000e-06	7.324110e-06	1.059912e-08	5.456580e+01	6.961033e+02
2.300000e-06	7.290166e-06	1.064114e-08	5.431291e+01	6.949262e+02
2.310000e-06	7.254784e-06	1.061947e-08	5.404931e+01	6.936719e+02
2.320000e-06	7.218034e-06	1.057431e-08	5.377552e+01	6.923273e+02
2.330000e-06	7.179335e-06	1.056650e-08	5.348720e+01	6.908833e+02
2.340000e-06	7.138765e-06	1.048500e-08	5.318495e+01	6.893373e+02
2.350000e-06	7.096794e-06	1.050583e-08	5.287226e+01	6.876937e+02
2.360000e-06	7.053359e-06	1.050749e-08	5.254866e+01	6.859638e+02
2.370000e-06	7.008546e-06	1.043584e-08	5.221480e+01	6.841637e+02
2.380000e-06	6.962053e-06	1.043651e-08	5.186842e+01	6.823102e+02
2.390000e-06	6.913832e-06	1.039238e-08	5.150916e+01	6.804179e+02
2.400000e-06	6.864192e-06	1.035594e-08	5.113934e+01	6.784954e+02
2.410000e-06	6.812969e-06	1.033731e-08	5.075772e+01	6.765434e+02
2.420000e-06	6.760011e-06	1.029037e-08	5.036317e+01	6.745545e+02
2.430000e-06	6.705181e-06	1.025775e-08	4.995468e+01	6.725145e+02
2.440000e-06	6.648742e-06	1.022628e-08	4.953420e+01	6.704060e+02
2.450000e-06	6.590970e-06	1.022076e-08	4.910379e+01	6.682118e+02
2.460000e-06	6.531836e-06	1.017510e-08	4.866323e+01	6.659186e+02
2.470000e-06	6.471332e-06	1.010796e-08	4.821247e+01	6.635203e+02
2.480000e-06	6.409129e-06	1.007920e-08	4.774904e+01	6.610181e+02
2.490000e-06	6.345341e-06	1.003921e-08	4.727382e+01	6.584200e+02
2.500000e-06	6.280264e-06	1.000944e-08	4.678898e+01	6.557381e+02
2.510000e-06	6.213837e-06	9.962868e-09	4.629409e+01	6.529848e+02
2.520000e-06	6.146042e-06	9.910607e-09	4.578900e+01	6.501698e+02
2.530000e-06	6.076703e-06	9.878645e-09	4.527242e+01	6.472969e+02
2.540000e-06	6.005898e-06	9.836517e-09	4.474491e+01	6.443629e+02
2.550000e-06	5.933725e-06	9.784144e-09	4.420721e+01	6.413588e+02
2.560000e-06	5.860193e-06	9.717734e-09	4.365938e+01	6.382717e+02
2.570000e-06	5.785248e-06	9.665521e-09	4.310103e+01	6.350885e+02
2.580000e-06	5.708689e-06	9.633196e-09	4.253065e+01	6.317989e+02
2.590000e-06	5.630649e-06	9.593297e-09	4.194924e+01	6.283982e+02
2.600000e-06	5.551285e-06	9.540021e-09	4.135797e+01	6.248884e+02
2.610000e-06	5.470697e-06	9.471707e-09	4.075758e+01	6.212773e+02
2.620000e-06	5.388992e-06	9.413787e-09	4.014886e+01	6.175761e+02
2.630000e-06	5.306252e-06	9.360613e-09	3.953244e+01	6.137963e+02
2.640000e-06	5.222455e-06	9.298686e-09	3.890813e+01	6.099462e+02
2.650000e-06	5.137406e-06	9.236515e-09	3.827450e+01	6.060289e+02
2.660000e-06	5.051055e-06	9.173274e-09	3.763117e+01	6.020411e+02
2.670000e-06	4.963511e-06	9.124000e-09	3.697896e+01	5.979740e+02
2.680000e-06	4.874899e-06	9.065474e-09	3.631879e+01	5.938155e+02
2.690000e-06	4.785266e-06	8.990763e-09	3.565101e+01	5.895538e+02
2.700000e-06	4.694698e-06	8.910926e-09	3.497626e+01	5.851800e+02
2.710000e-06	4.603206e-06	8.840503e-09	3.429463e+01	5.806902e+02
2.720000e-06	4.510695e-06	8.780613e-09	3.360541e+01	5.760863e+02
2.730000e-06	4.417204e-06	8.713139e-09	3.290888e+01	5.713746e+02
2.740000e-06	4.322717e-06	8.640088e-09	3.220494e+01	5.665627e+02
2.750000e-06	4.227150e-06	8.561327e-09	3.149295e+01	5.616569e+02
2.760000e-06	4.130626e-06	8.489434e-09	3.077383e+01	5.566587e+02
2.770000e-06	4.033298e-06	8.415577e-09	3.004872e+01	5.515632e+02
2.780000e-06	3.935186e-06	8.331771e-09	2.931777e+01	5.463588e+02
2.790000e-06	3.836274e-06	8.241269e-09	2.858086e+01	5.410295e+02
2.800000e-06	3.736455e-06	8.156042e-09	2.783719e+01	5.355580e+02
2.810000e-06	3.635847e-06	8.079036e-09	2.708765e+01	5.299297e+02
2.820000e-06	3.534474e-06	7.995134e-09	2.633240e+01	5.241358e+02
2.830000e-06	3.432167e-06	7.900805e-09	2.557019e+01	5.181759e+02
2.840000e-06	3.328949e-06	7.801190e-09	2.480120e+01	5.120571e+02
2.850000e-06	3.224903e-06	7.706339e-09	2.402605e+01	5.057922e+02
2.860000e-06	3.120141e-06	7.612119e-09	2.324556e+01	4.993952e+02
2.870000e-06	3.014741e-06	7.512682e-09	2.246030e+01	4.928773e+02
2.880000e-06	2.908745e-06	7.405507e-09	2.167062e+01	4.862425e+02
2.890000e-06	2.802107e-06	7.300096e-09	2.087615e+01	4.794857e+02
2.900000e-06	2.694836e-06	7.198317e-09	2.007696e+01	4.725923e+02
2.910000e-06	2.587002e-06	7.093119e-09	1.927358e+01	4.655411e+02
2.920000e-06	2.478684e-06	6.978565e-09	1.846659e+01	4.583085e+02
2.930000e-06	2.369879e-06	6.858977e-09	1.765598e+01	4.508732e+02
2.940000e-06	2.260598e-06	6.743721e-09	1.684182e+01	4.432208e+02
2.950000e-06	2.150827e-06	6.630462e-09	1.602401e+01	4.353460e+02
2.960000e-06	2.040504e-06	6.511985e-09	1.520209e+01	4.272526e+02
2.970000e-06	1.929756e-06	6.382082e-09	1.437699e+01	4.189504e+02
2.980000e-06	1.818592e-06	6.248650e-09	1.354881e+01	4.104504e+02
2.990000e-06	1.706977e-06	6.117147e-09	1.271725e+01	4.017596e+02
3.000000e-06	1.595016e-06	5.985639e-09	1.188313e+01	3.928764e+02
3.010000e-06	1.482720e-06	5.845849e-09	1.104651e+01	3.837876e+02
3.020000e-06	1.370108e-06	5.699129e-09	1.020752e+01	3.744695e+02
3.030000e-06	1.257216e-06	5.549294e-09	9.366462e+00	3.648912e+02
3.040000e-06	1.144017e-06	5.401495e-09	8.523113e+00	3.550197e+02
3.050000e-06	1.030545e-06	5.252399e-09	7.677728e+00	3.448264e+02
3.060000e-06	9.167860e-07	5.091003e-09	6.830203e+00	3.342919e+02
3.070000e-06	8.027391e-07	4.919772e-09	5.980536e+00	3.234086e+02
3.080000e-06	6.884903e-07	4.748411e-09	5.129364e+00	3.121791e+02
3.090000e-06	5.740277e-07	4.578626e-09	4.276599e+00	3.006116e+02
3.100000e-06	4.593522e-07	4.399100e-09	3.422248e+00	2.887131e+02
3.110000e-06	3.445548e-07	4.208627e-09	2.566989e+00	2.764814e+02
3.120000e-06	2.296670e-07	4.012162e-09	1.711056e+00	2.638988e+02
3.130000e-06	1.147015e-07	3.814341e-09	8.545448e-01	2.509297e+02
3.140000e-06	-2.588423e-10	3.610759e-09	-1.928417e-03	2.375221e+02
3.150000e-06	-1.151844e-07	3.396390e-09	-8.581426e-01	2.236138e+02
3.160000e-06	-2.300951e-07	3.174228e-09	-1.714246e+00	2.091418e+02
3.170000e-06	-3.449714e-07	2.946599e-09	-2.570093e+00	1.940526e+02
3.180000e-06	-4.597727e-07	2.708800e-09	-3.425380e+00	1.783107e+02
3.190000e-06	-5.744417e-07	2.458877e-09	-4.279684e+00	1.619027e+02
3.200000e-06	-6.888783e-07	2.198658e-09	-5.132255e+00	1.448354e+02
3.210000e-06	-8.031444e-07	1.929868e-09	-5.983555e+00	1.271278e+02
3.220000e-06	-9.172658e-07	1.652460e-09	-6.833778e+00	1.087980e+02
3.230000e-06	-1.031073e-06	1.363994e-09	-7.681661e+00	8.984916e+01
3.240000e-06	-1.144570e-06	1.065876e-09	-8.527229e+00	7.025595e+01
3.250000e-06	-1.257674e-06	7.570330e-10	-9.369871e+00	4.995820e+01
3.260000e-06	-1.370331e-06	4.371978e-10	-1.020919e+01	2.886230e+01
3.270000e-06	-1.482630e-06	1.023689e-10	-1.104583e+01	6.853001e+00
3.280000e-06	-1.594638e-06	-2.498015e-10	-1.188031e+01	-1.618575e+01
3.290000e-06	-1.706333e-06	-6.164075e-10	-1.271245e+01	-4.034363e+01
3.300000e-06	-1.817535e-06	-9.973402e-10	-1.354093e+01	-6.565521e+01
3.310000e-06	-1.928222e-06	-1.395071e-09	-1.436557e+01	-9.207494e+01
3.320000e-06	-2.038415e-06	-1.810745e-09	-1.518652e+01	-1.194611e+02
3.330000e-06	-2.148118e-06	-2.240091e-09	-1.600383e+01	-1.475727e+02
3.340000e-06	-2.257322e-06	-2.677417e-09	-1.681741e+01	-1.760803e+02
3.350000e-06	-2.366030e-06	-3.115673e-09	-1.762731e+01	-2.045912e+02
3.360000e-06	-2.474249e-06	-3.547281e-09	-1.843356e+01	-2.326841e+02
3.370000e-06	-2.581983e-06	-3.965211e-09	-1.923619e+01	-2.599485e+02
3.380000e-06	-2.689250e-06	-4.365659e-09	-2.003535e+01	-2.860235e+02
3.390000e-06	-2.795957e-06	-4.744188e-09	-2.083033e+01	-3.106290e+02
3.400000e-06	-2.902031e-06	-5.096300e-09	-2.162060e+01	-3.335855e+02
3.410000e-06	-3.007500e-06	-5.420975e-09	-2.240636e+01	-3.548195e+02
3.420000e-06	-3.112404e-06	-5.718668e-09	-2.318791e+01	-3.743559e+02
3.430000e-06	-3.216694e-06	-5.992998e-09	-2.396489e+01	-3.922981e+02
3.440000e-06	-3.320262e-06	-6.248883e-09	-2.473649e+01	-4.088021e+02
3.450000e-06	-3.422918e-06	-6.488084e-09	-2.550129e+01	-4.240477e+02
3.460000e-06	-3.524726e-06	-6.712295e-09	-2.625977e+01	-4.382127e+02
3.470000e-06	-3.625767e-06	-6.923154e-09	-2.701255e+01	-4.514534e+02
3.480000e-06	-3.725980e-06	-7.119541e-09	-2.775915e+01	-4.638942e+02
3.490000e-06	-3.825420e-06	-7.300026e-09	-2.850000e+01	-4.756249e+02
3.500000e-06	-3.924063e-06	-7.464967e-09	-2.923490e+01	-4.867059e+02
3.510000e-06	-4.021786e-06	-7.619378e-09	-2.996296e+01	-4.971772e+02
3.520000e-06	-4.118668e-06	-7.764078e-09	-3.068474e+01	-5.070693e+02
3.530000e-06	-4.214869e-06	-7.902309e-09	-3.140145e+01	-5.164121e+02
3.540000e-06	-4.310234e-06	-8.038491e-09	-3.211194e+01	-5.252408e+02
3.550000e-06	-4.404473e-06	-8.173237e-09	-3.281403e+01	-5.335976e+02
3.560000e-06	-4.497573e-06	-8.300102e-09	-3.350765e+01	-5.415291e+02
3.570000e-06	-4.589667e-06	-8.418673e-09	-3.419376e+01	-5.490826e+02
3.580000e-06	-4.680731e-06	-8.530500e-09	-3.487220e+01	-5.563003e+02
3.590000e-06	-4.770713e-06	-8.634738e-09	-3.554258e+01	-5.632156e+02
3.600000e-06	-4.859635e-06	-8.732636e-09	-3.620507e+01	-5.698509e+02
3.610000e-06	-4.947614e-06	-8.825314e-09	-3.686052e+01	-5.762187e+02
3.620000e-06	-5.034526e-06	-8.914339e-09	-3.750803e+01	-5.823244e+02
3.630000e-06	-5.120126e-06	-9.001646e-09	-3.814577e+01	-5.881708e+02
3.640000e-06	-5.204502e-06	-9.087770e-09	-3.877438e+01	-5.937623e+02
3.650000e-06	-5.287801e-06	-9.176145e-09	-3.939497e+01	-5.991085e+02
3.660000e-06	-5.369994e-06	-9.263189e-09	-4.000732e+01	-6.042252e+02
3.670000e-06	-5.451104e-06	-9.340891e-09	-4.061160e+01	-6.091338e+02
3.680000e-06	-5.531131e-06	-9.409287e-09	-4.120782e+01	-6.138589e+02
3.690000e-06	-5.609895e-06	-9.472831e-09	-4.179463e+01	-6.184241e+02
3.700000e-06	-5.687225e-06	-9.537590e-09	-4.237074e+01	-6.228488e+02
3.710000e-06	-5.763172e-06	-9.605367e-09	-4.293656e+01	-6.271457e+02
3.720000e-06	-5.837749e-06	-9.672331e-09	-4.349217e+01	-6.313193e+02
3.730000e-06	-5.910923e-06	-9.736036e-09	-4.403733e+01	-6.353671e+02
3.740000e-06	-5.982855e-06	-9.799914e-09	-4.457324e+01	-6.392813e+02
3.750000e-06	-6.053374e-06	-9.857969e-09	-4.509861e+01	-6.430526e+02
3.760000e-06	-6.122340e-06	-9.910378e-09	-4.561242e+01	-6.466727e+02
3.770000e-06	-6.189995e-06	-9.959371e-09	-4.611646e+01	-6.501370e+02
3.780000e-06	-6.256372e-06	-1.000893e-08	-4.661098e+01	-6.534459e+02
3.790000e-06	-6.321461e-06	-1.005987e-08	-4.709590e+01	-6.566049e+02
3.800000e-06	-6.385332e-06	-1.010742e-08	-4.757175e+01	-6.596231e+02
3.810000e-06	-6.447702e-06	-1.014973e-08	-4.803642e+01	-6.625112e+02
3.820000e-06	-6.508429e-06	-1.019022e-08	-4.848884e+01	-6.652801e+02
3.830000e-06	-6.567772e-06	-1.022925e-08	-4.893096e+01	-6.679387e+02
3.840000e-06	-6.625782e-06	-1.026614e-08	-4.936315e+01	-6.704933e+02
3.850000e-06	-6.682426e-06	-1.030106e-08	-4.978515e+01	-6.729476e+02
3.860000e-06	-6.737579e-06	-1.033594e-08	-5.019605e+01	-6.753033e+02
3.870000e-06	-6.790937e-06	-1.036995e-08	-5.059358e+01	-6.775611e+02
3.880000e-06	-6.842515e-06	-1.040279e-08	-5.097784e+01	-6.797218e+02
3.890000e-06	-6.892367e-06	-1.043427e-08	-5.134925e+01	-6.817866e+02
3.900000e-06	-6.940343e-06	-1.046281e-08	-5.170667e+01	-6.837574e+02
3.910000e-06	-6.986642e-06	-1.049075e-08	-5.205161e+01	-6.856368e+02
3.920000e-06	-7.031520e-06	-1.051673e-08	-5.238596e+01	-6.874269e+02
3.930000e-06	-7.075018e-06	-1.054009e-08	-5.271003e+01	-6.891293e+02
3.940000e-06	-7.117175e-06	-1.055970e-08	-5.302411e+01	-6.907444e+02
3.950000e-06	-7.157952e-06	-1.058070e-08	-5.332789e+01	-6.922719e+02
3.960000e-06	-7.197271e-06	-1.060669e-08	-5.362083e+01	-6.937109e+02
3.970000e-06	-7.234854e-06	-1.063204e-08	-5.390083e+01	-6.950610e+02
3.980000e-06	-7.270706e-06	-1.064821e-08	-5.416793e+01	-6.963231e+02
3.990000e-06	-7.305021e-06	-1.065750e-08	-5.442359e+01	-6.974999e+02
4.000000e-06	-7.337846e-06	-1.066796e-08	-5.466814e+01	-6.985961e+02
4.010000e-06	-7.369084e-06	-1.068153e-08	-5.490086e+01	-6.996177e+02
4.020000e-06	-7.398490e-06	-1.069705e-08	-5.511995e+01	-7.005714e+02
4.030000e-06	-7.426208e-06	-1.070859e-08	-5.532645e+01	-7.014636e+02
4.040000e-06	-7.452408e-06	-1.072212e-08	-5.552164e+01	-7.022991e+02
4.050000e-06	-7.477029e-06	-1.073883e-08	-5.570507e+01	-7.030806e+02
4.060000e-06	-7.500060e-06	-1.075268e-08	-5.587665e+01	-7.038087e+02
4.070000e-06	-7.521332e-06	-1.075940e-08	-5.603514e+01	-7.044820e+02
4.080000e-06	-7.540864e-06	-1.075983e-08	-5.618065e+01	-7.050978e+02
4.090000e-06	-7.558852e-06	-1.076294e-08	-5.631467e+01	-7.056536e+02
4.100000e-06	-7.575357e-06	-1.076735e-08	-5.643763e+01	-7.061473e+02
4.110000e-06	-7.590141e-06	-1.077235e-08	-5.654778e+01	-7.065783e+02
4.120000e-06	-7.602869e-06	-1.077623e-08	-5.664260e+01	-7.069470e+02
4.130000e-06	-7.613781e-06	-1.078137e-08	-5.672390e+01	-7.072547e+02
4.140000e-06	-7.623094e-06	-1.078895e-08	-5.679328e+01	-7.075031e+02
4.150000e-06	-7.630804e-06	-1.079413e-08	-5.685072e+01	-7.076932e+02
4.160000e-06	-7.636713e-06	-1.079560e-08	-5.689474e+01	-7.078253e+02
4.170000e-06	-7.640810e-06	-1.079048e-08	-5.692527e+01	-7.078985e+02
4.180000e-06	-7.643350e-06	-1.078178e-08	-5.694419e+01	-7.079112e+02
4.190000e-06	-7.644354e-06	-1.077386e-08	-5.695167e+01	-7.078618e+02
