# Temperatura_=_27.98
# Concentracion g/m^3_=_18600.0
# C_Vs_to_Am_M_A/Vsm_=_65563218390.804596
# pendiente_HvsI_1/m_=_3716.3
# ordenada_HvsI_A/m_=_1297.0
# frecuencia_Hz_=_238275.01871253143

Tiempo_(s)	Campo_(V.s)	Magnetizacion_(V.s)	Campo_(kA/m)	Magnetizacion_(A/m)
0.000000e+00	-7.621443e-06	-1.235267e-08	-5.694652e+01	-8.116534e+02
1.000000e-08	-7.619540e-06	-1.235451e-08	-5.693230e+01	-8.116063e+02
2.000000e-08	-7.615907e-06	-1.235249e-08	-5.690515e+01	-8.115076e+02
3.000000e-08	-7.610821e-06	-1.235095e-08	-5.686715e+01	-8.113628e+02
4.000000e-08	-7.604339e-06	-1.235119e-08	-5.681872e+01	-8.111723e+02
5.000000e-08	-7.596400e-06	-1.234857e-08	-5.675940e+01	-8.109306e+02
6.000000e-08	-7.586738e-06	-1.233869e-08	-5.668721e+01	-8.106275e+02
7.000000e-08	-7.575137e-06	-1.232193e-08	-5.660053e+01	-8.102506e+02
8.000000e-08	-7.561712e-06	-1.232170e-08	-5.650022e+01	-8.097885e+02
9.000000e-08	-7.546137e-06	-1.232705e-08	-5.638384e+01	-8.092341e+02
1.000000e-07	-7.528253e-06	-1.231419e-08	-5.625022e+01	-8.085874e+02
1.100000e-07	-7.508522e-06	-1.231651e-08	-5.610279e+01	-8.078556e+02
1.200000e-07	-7.487356e-06	-1.228214e-08	-5.594464e+01	-8.070530e+02
1.300000e-07	-7.464974e-06	-1.224760e-08	-5.577740e+01	-8.061982e+02
1.400000e-07	-7.441373e-06	-1.231459e-08	-5.560106e+01	-8.053098e+02
1.500000e-07	-7.416101e-06	-1.223573e-08	-5.541223e+01	-8.044025e+02
1.600000e-07	-7.389009e-06	-1.217846e-08	-5.520980e+01	-8.034838e+02
1.700000e-07	-7.360453e-06	-1.225876e-08	-5.499643e+01	-8.025515e+02
1.800000e-07	-7.330288e-06	-1.217202e-08	-5.477104e+01	-8.015942e+02
1.900000e-07	-7.298637e-06	-1.215801e-08	-5.453455e+01	-8.005932e+02
2.000000e-07	-7.265644e-06	-1.220172e-08	-5.428803e+01	-7.995262e+02
2.100000e-07	-7.230858e-06	-1.211626e-08	-5.402812e+01	-7.983717e+02
2.200000e-07	-7.194366e-06	-1.209906e-08	-5.375545e+01	-7.971135e+02
2.300000e-07	-7.156312e-06	-1.209785e-08	-5.347112e+01	-7.957432e+02
2.400000e-07	-7.116681e-06	-1.205723e-08	-5.317499e+01	-7.942616e+02
2.500000e-07	-7.075452e-06	-1.206253e-08	-5.286694e+01	-7.926779e+02
2.600000e-07	-7.032408e-06	-1.202247e-08	-5.254532e+01	-7.910065e+02
2.700000e-07	-6.987675e-06	-1.199592e-08	-5.221108e+01	-7.892637e+02
2.800000e-07	-6.941417e-06	-1.198691e-08	-5.186545e+01	-7.874632e+02
2.900000e-07	-6.893702e-06	-1.195200e-08	-5.150892e+01	-7.856135e+02
3.000000e-07	-6.844335e-06	-1.191427e-08	-5.114006e+01	-7.837160e+02
3.100000e-07	-6.792956e-06	-1.187130e-08	-5.075616e+01	-7.817652e+02
3.200000e-07	-6.739756e-06	-1.185511e-08	-5.035866e+01	-7.797508e+02
3.300000e-07	-6.685103e-06	-1.182200e-08	-4.995030e+01	-7.776605e+02
3.400000e-07	-6.629177e-06	-1.180334e-08	-4.953242e+01	-7.754832e+02
3.500000e-07	-6.571793e-06	-1.176814e-08	-4.910366e+01	-7.732120e+02
3.600000e-07	-6.512716e-06	-1.171047e-08	-4.866224e+01	-7.708455e+02
3.700000e-07	-6.452061e-06	-1.169385e-08	-4.820904e+01	-7.683876e+02
3.800000e-07	-6.390001e-06	-1.166566e-08	-4.774533e+01	-7.658464e+02
3.900000e-07	-6.326714e-06	-1.162028e-08	-4.727246e+01	-7.632314e+02
4.000000e-07	-6.262158e-06	-1.157507e-08	-4.679010e+01	-7.605507e+02
4.100000e-07	-6.195990e-06	-1.153340e-08	-4.629571e+01	-7.578091e+02
4.200000e-07	-6.128253e-06	-1.150549e-08	-4.578958e+01	-7.550064e+02
4.300000e-07	-6.059157e-06	-1.146471e-08	-4.527330e+01	-7.521374e+02
4.400000e-07	-5.988744e-06	-1.141416e-08	-4.474719e+01	-7.491939e+02
4.500000e-07	-5.917150e-06	-1.135711e-08	-4.421224e+01	-7.461661e+02
4.600000e-07	-5.844180e-06	-1.131328e-08	-4.366702e+01	-7.430453e+02
4.700000e-07	-5.769655e-06	-1.127841e-08	-4.311018e+01	-7.398259e+02
4.800000e-07	-5.693655e-06	-1.122212e-08	-4.254232e+01	-7.365059e+02
4.900000e-07	-5.616215e-06	-1.116305e-08	-4.196370e+01	-7.330874e+02
5.000000e-07	-5.537272e-06	-1.110806e-08	-4.137384e+01	-7.295745e+02
5.100000e-07	-5.456829e-06	-1.106382e-08	-4.077278e+01	-7.259722e+02
5.200000e-07	-5.375198e-06	-1.101264e-08	-4.016284e+01	-7.222840e+02
5.300000e-07	-5.292492e-06	-1.094889e-08	-3.954487e+01	-7.185106e+02
5.400000e-07	-5.208698e-06	-1.088360e-08	-3.891878e+01	-7.146495e+02
5.500000e-07	-5.123907e-06	-1.082421e-08	-3.828523e+01	-7.106957e+02
5.600000e-07	-5.038140e-06	-1.076901e-08	-3.764438e+01	-7.066429e+02
5.700000e-07	-4.951387e-06	-1.070316e-08	-3.699617e+01	-7.024854e+02
5.800000e-07	-4.863668e-06	-1.063339e-08	-3.634075e+01	-6.982201e+02
5.900000e-07	-4.774874e-06	-1.056668e-08	-3.567729e+01	-6.938473e+02
6.000000e-07	-4.684888e-06	-1.050587e-08	-3.500493e+01	-6.893705e+02
6.100000e-07	-4.593857e-06	-1.044040e-08	-3.432476e+01	-6.847954e+02
6.200000e-07	-4.501856e-06	-1.036463e-08	-3.363734e+01	-6.801275e+02
6.300000e-07	-4.408849e-06	-1.028391e-08	-3.294240e+01	-6.753704e+02
6.400000e-07	-4.314856e-06	-1.020957e-08	-3.224010e+01	-6.705233e+02
6.500000e-07	-4.220007e-06	-1.014076e-08	-3.153139e+01	-6.655800e+02
6.600000e-07	-4.124333e-06	-1.006824e-08	-3.081653e+01	-6.605298e+02
6.700000e-07	-4.027636e-06	-9.988406e-09	-3.009402e+01	-6.553585e+02
6.800000e-07	-3.929917e-06	-9.905161e-09	-2.936387e+01	-6.500511e+02
6.900000e-07	-3.831361e-06	-9.825651e-09	-2.862748e+01	-6.445951e+02
7.000000e-07	-3.731946e-06	-9.742919e-09	-2.788466e+01	-6.389827e+02
7.100000e-07	-3.631598e-06	-9.652025e-09	-2.713487e+01	-6.332127e+02
7.200000e-07	-3.530419e-06	-9.554408e-09	-2.637887e+01	-6.272900e+02
7.300000e-07	-3.428499e-06	-9.460950e-09	-2.561734e+01	-6.212249e+02
7.400000e-07	-3.325925e-06	-9.374040e-09	-2.485092e+01	-6.150294e+02
7.500000e-07	-3.222688e-06	-9.285082e-09	-2.407954e+01	-6.087148e+02
7.600000e-07	-3.118622e-06	-9.186300e-09	-2.330197e+01	-6.022880e+02
7.700000e-07	-3.013681e-06	-9.080351e-09	-2.251787e+01	-5.957495e+02
7.800000e-07	-2.908001e-06	-8.977052e-09	-2.172824e+01	-5.890923e+02
7.900000e-07	-2.801698e-06	-8.876143e-09	-2.093395e+01	-5.823033e+02
8.000000e-07	-2.694787e-06	-8.770018e-09	-2.013513e+01	-5.753649e+02
8.100000e-07	-2.587229e-06	-8.657629e-09	-1.933147e+01	-5.682582e+02
8.200000e-07	-2.479031e-06	-8.545716e-09	-1.852302e+01	-5.609660e+02
8.300000e-07	-2.370265e-06	-8.435436e-09	-1.771034e+01	-5.534752e+02
8.400000e-07	-2.260995e-06	-8.322642e-09	-1.689389e+01	-5.457782e+02
8.500000e-07	-2.151275e-06	-8.201448e-09	-1.607407e+01	-5.378723e+02
8.600000e-07	-2.041155e-06	-8.074194e-09	-1.525127e+01	-5.297588e+02
8.700000e-07	-1.930695e-06	-7.944942e-09	-1.442592e+01	-5.214402e+02
8.800000e-07	-1.819846e-06	-7.815968e-09	-1.359767e+01	-5.129181e+02
8.900000e-07	-1.708588e-06	-7.683421e-09	-1.276636e+01	-5.041913e+02
9.000000e-07	-1.597008e-06	-7.543156e-09	-1.193265e+01	-4.952542e+02
9.100000e-07	-1.485106e-06	-7.400445e-09	-1.109653e+01	-4.860976e+02
9.200000e-07	-1.372768e-06	-7.257690e-09	-1.025716e+01	-4.767091e+02
9.300000e-07	-1.259992e-06	-7.113258e-09	-9.414510e+00	-4.670752e+02
9.400000e-07	-1.146941e-06	-6.965325e-09	-8.569809e+00	-4.571831e+02
9.500000e-07	-1.033668e-06	-6.813648e-09	-7.723444e+00	-4.470218e+02
9.600000e-07	-9.201648e-07	-6.657492e-09	-6.875362e+00	-4.365829e+02
9.700000e-07	-8.064915e-07	-6.494764e-09	-6.026009e+00	-4.258601e+02
9.800000e-07	-6.926324e-07	-6.323030e-09	-5.175268e+00	-4.148478e+02
9.900000e-07	-5.785987e-07	-6.146024e-09	-4.323221e+00	-4.035395e+02
1.000000e-06	-4.644617e-07	-5.967240e-09	-3.470403e+00	-3.919264e+02
1.010000e-06	-3.502510e-07	-5.787198e-09	-2.617034e+00	-3.799957e+02
1.020000e-06	-2.359797e-07	-5.604095e-09	-1.763212e+00	-3.677307e+02
1.030000e-06	-1.216269e-07	-5.416630e-09	-9.087816e-01	-3.551109e+02
1.040000e-06	-7.189759e-09	-5.221790e-09	-5.372102e-02	-3.421133e+02
1.050000e-06	1.073011e-07	-5.016502e-09	8.017412e-01	-3.287144e+02
1.060000e-06	2.217694e-07	-4.801114e-09	1.657035e+00	-3.148913e+02
1.070000e-06	3.361518e-07	-4.578967e-09	2.511686e+00	-3.006233e+02
1.080000e-06	4.504536e-07	-4.354027e-09	3.365736e+00	-2.858928e+02
1.090000e-06	5.646904e-07	-4.124373e-09	4.219300e+00	-2.706851e+02
1.100000e-06	6.788230e-07	-3.888574e-09	5.072085e+00	-2.549884e+02
1.110000e-06	7.927801e-07	-3.643750e-09	5.923559e+00	-2.387935e+02
1.120000e-06	9.065378e-07	-3.391590e-09	6.773543e+00	-2.220934e+02
1.130000e-06	1.020060e-06	-3.130866e-09	7.621767e+00	-2.048831e+02
1.140000e-06	1.133316e-06	-2.855297e-09	8.468000e+00	-1.871595e+02
1.150000e-06	1.246294e-06	-2.567997e-09	9.312162e+00	-1.689208e+02
1.160000e-06	1.358918e-06	-2.277125e-09	1.015368e+01	-1.501657e+02
1.170000e-06	1.471119e-06	-1.986139e-09	1.099203e+01	-1.308912e+02
1.180000e-06	1.582983e-06	-1.691346e-09	1.182786e+01	-1.110901e+02
1.190000e-06	1.694545e-06	-1.386984e-09	1.266144e+01	-9.074719e+01
1.200000e-06	1.805655e-06	-1.069064e-09	1.349164e+01	-6.983573e+01
1.210000e-06	1.916330e-06	-7.379979e-10	1.431859e+01	-4.831517e+01
1.220000e-06	2.026656e-06	-3.945886e-10	1.514293e+01	-2.613081e+01
1.230000e-06	2.136637e-06	-3.943643e-11	1.596469e+01	-3.216751e+00
1.240000e-06	2.246274e-06	3.306618e-10	1.678389e+01	2.049739e+01
1.250000e-06	2.355500e-06	7.108056e-10	1.760002e+01	4.507606e+01
1.260000e-06	2.464219e-06	1.099223e-09	1.841235e+01	7.056462e+01
1.270000e-06	2.572293e-06	1.495199e-09	1.921987e+01	9.697499e+01
1.280000e-06	2.679577e-06	1.902873e-09	2.002148e+01	1.242724e+02
1.290000e-06	2.786167e-06	2.329053e-09	2.081791e+01	1.523654e+02
1.300000e-06	2.892253e-06	2.770542e-09	2.161057e+01	1.811017e+02
1.310000e-06	2.997728e-06	3.222378e-09	2.239867e+01	2.102703e+02
1.320000e-06	3.102430e-06	3.673815e-09	2.318099e+01	2.396116e+02
1.330000e-06	3.206381e-06	4.120930e-09	2.395770e+01	2.688331e+02
1.340000e-06	3.309551e-06	4.559708e-09	2.472857e+01	2.976302e+02
1.350000e-06	3.411983e-06	4.984176e-09	2.549393e+01	3.257089e+02
1.360000e-06	3.513842e-06	5.391023e-09	2.625501e+01	3.528073e+02
1.370000e-06	3.615030e-06	5.779790e-09	2.701107e+01	3.787128e+02
1.380000e-06	3.715360e-06	6.151202e-09	2.776073e+01	4.032737e+02
1.390000e-06	3.814744e-06	6.504567e-09	2.850332e+01	4.264036e+02
1.400000e-06	3.913231e-06	6.836608e-09	2.923920e+01	4.480785e+02
1.410000e-06	4.010859e-06	7.145267e-09	2.996866e+01	4.683279e+02
1.420000e-06	4.107555e-06	7.430153e-09	3.069117e+01	4.872218e+02
1.430000e-06	4.203284e-06	7.694602e-09	3.140644e+01	5.048563e+02
1.440000e-06	4.298067e-06	7.942119e-09	3.211465e+01	5.213392e+02
1.450000e-06	4.392019e-06	8.173575e-09	3.281665e+01	5.367786e+02
1.460000e-06	4.485118e-06	8.390973e-09	3.351227e+01	5.512745e+02
1.470000e-06	4.577232e-06	8.596411e-09	3.420054e+01	5.649148e+02
1.480000e-06	4.668244e-06	8.792123e-09	3.488057e+01	5.777735e+02
1.490000e-06	4.758131e-06	8.979249e-09	3.555219e+01	5.899132e+02
1.500000e-06	4.846888e-06	9.155444e-09	3.621537e+01	6.013866e+02
1.510000e-06	4.934517e-06	9.317842e-09	3.687012e+01	6.122402e+02
1.520000e-06	5.021086e-06	9.470725e-09	3.751696e+01	6.225162e+02
1.530000e-06	5.106646e-06	9.619998e-09	3.815625e+01	6.322537e+02
1.540000e-06	5.191189e-06	9.764798e-09	3.878795e+01	6.414893e+02
1.550000e-06	5.274591e-06	9.900789e-09	3.941112e+01	6.502570e+02
1.560000e-06	5.356800e-06	1.002802e-08	4.002538e+01	6.585879e+02
1.570000e-06	5.437778e-06	1.015103e-08	4.063043e+01	6.665101e+02
1.580000e-06	5.517466e-06	1.027144e-08	4.122585e+01	6.740493e+02
1.590000e-06	5.595946e-06	1.038411e-08	4.181225e+01	6.812295e+02
1.600000e-06	5.673240e-06	1.048427e-08	4.238978e+01	6.880737e+02
1.610000e-06	5.749188e-06	1.057604e-08	4.295725e+01	6.946050e+02
1.620000e-06	5.823668e-06	1.066637e-08	4.351376e+01	7.008464e+02
1.630000e-06	5.896704e-06	1.075762e-08	4.405947e+01	7.068204e+02
1.640000e-06	5.968400e-06	1.084698e-08	4.459518e+01	7.125480e+02
1.650000e-06	6.038826e-06	1.093283e-08	4.512139e+01	7.180473e+02
1.660000e-06	6.108061e-06	1.101622e-08	4.563870e+01	7.233319e+02
1.670000e-06	6.176034e-06	1.109892e-08	4.614659e+01	7.284110e+02
1.680000e-06	6.242552e-06	1.117618e-08	4.664361e+01	7.332886e+02
1.690000e-06	6.307584e-06	1.124277e-08	4.712952e+01	7.379656e+02
1.700000e-06	6.371158e-06	1.130327e-08	4.760454e+01	7.424410e+02
1.710000e-06	6.433389e-06	1.136575e-08	4.806952e+01	7.467144e+02
1.720000e-06	6.494430e-06	1.143102e-08	4.852561e+01	7.507879e+02
1.730000e-06	6.554181e-06	1.149408e-08	4.897206e+01	7.546673e+02
1.740000e-06	6.612398e-06	1.155181e-08	4.940705e+01	7.583623e+02
1.750000e-06	6.669019e-06	1.160616e-08	4.983012e+01	7.618860e+02
1.760000e-06	6.724134e-06	1.166138e-08	5.024194e+01	7.652524e+02
1.770000e-06	6.777730e-06	1.171299e-08	5.064239e+01	7.684747e+02
1.780000e-06	6.829629e-06	1.175659e-08	5.103018e+01	7.715632e+02
1.790000e-06	6.879679e-06	1.179513e-08	5.140415e+01	7.745234e+02
1.800000e-06	6.927999e-06	1.183551e-08	5.176519e+01	7.773565e+02
1.810000e-06	6.974798e-06	1.187983e-08	5.211486e+01	7.800595e+02
1.820000e-06	7.020194e-06	1.192344e-08	5.245406e+01	7.826275e+02
1.830000e-06	7.064066e-06	1.196234e-08	5.278187e+01	7.850556e+02
1.840000e-06	7.106263e-06	1.199982e-08	5.309716e+01	7.873413e+02
1.850000e-06	7.146820e-06	1.203750e-08	5.340019e+01	7.894859e+02
1.860000e-06	7.185779e-06	1.207195e-08	5.369129e+01	7.914949e+02
1.870000e-06	7.223254e-06	1.210067e-08	5.397130e+01	7.933772e+02
1.880000e-06	7.259267e-06	1.212300e-08	5.424038e+01	7.951441e+02
1.890000e-06	7.293566e-06	1.214529e-08	5.449666e+01	7.968068e+02
1.900000e-06	7.326136e-06	1.217043e-08	5.474002e+01	7.983746e+02
1.910000e-06	7.357195e-06	1.219543e-08	5.497209e+01	7.998538e+02
1.920000e-06	7.386816e-06	1.221941e-08	5.519342e+01	8.012471e+02
1.930000e-06	7.414908e-06	1.224279e-08	5.540331e+01	8.025545e+02
1.940000e-06	7.441190e-06	1.226622e-08	5.559969e+01	8.037745e+02
1.950000e-06	7.465644e-06	1.228779e-08	5.578241e+01	8.049058e+02
1.960000e-06	7.488490e-06	1.230396e-08	5.595311e+01	8.059488e+02
1.970000e-06	7.509864e-06	1.231595e-08	5.611281e+01	8.069061e+02
1.980000e-06	7.529763e-06	1.232861e-08	5.626150e+01	8.077831e+02
1.990000e-06	7.548019e-06	1.234285e-08	5.639790e+01	8.085863e+02
2.000000e-06	7.564508e-06	1.235689e-08	5.652111e+01	8.093219e+02
2.010000e-06	7.579286e-06	1.236934e-08	5.663152e+01	8.099943e+02
2.020000e-06	7.592380e-06	1.238187e-08	5.672937e+01	8.106047e+02
2.030000e-06	7.603538e-06	1.239421e-08	5.681273e+01	8.111510e+02
2.040000e-06	7.612699e-06	1.240191e-08	5.688119e+01	8.116277e+02
2.050000e-06	7.620171e-06	1.240560e-08	5.693701e+01	8.120286e+02
2.060000e-06	7.626111e-06	1.240919e-08	5.698140e+01	8.123477e+02
2.070000e-06	7.630561e-06	1.241400e-08	5.701465e+01	8.125822e+02
2.080000e-06	7.633298e-06	1.241947e-08	5.703509e+01	8.127333e+02
2.090000e-06	7.634155e-06	1.242414e-08	5.704150e+01	8.128062e+02
2.100000e-06	7.633351e-06	1.242451e-08	5.703550e+01	8.128100e+02
2.110000e-06	7.631067e-06	1.242398e-08	5.701843e+01	8.127546e+02
2.120000e-06	7.627349e-06	1.242517e-08	5.699065e+01	8.126487e+02
2.130000e-06	7.621925e-06	1.242351e-08	5.695012e+01	8.124973e+02
2.140000e-06	7.614736e-06	1.241825e-08	5.689640e+01	8.122996e+02
2.150000e-06	7.606051e-06	1.241264e-08	5.683151e+01	8.120494e+02
2.160000e-06	7.595865e-06	1.241302e-08	5.675540e+01	8.117360e+02
2.170000e-06	7.584070e-06	1.240724e-08	5.666727e+01	8.113470e+02
2.180000e-06	7.570354e-06	1.238480e-08	5.656479e+01	8.108714e+02
2.190000e-06	7.554417e-06	1.238490e-08	5.644571e+01	8.103030e+02
2.200000e-06	7.536219e-06	1.236538e-08	5.630973e+01	8.096428e+02
2.210000e-06	7.515882e-06	1.238054e-08	5.615778e+01	8.088993e+02
2.220000e-06	7.493806e-06	1.237679e-08	5.599283e+01	8.080878e+02
2.230000e-06	7.470758e-06	1.228613e-08	5.582062e+01	8.072268e+02
2.240000e-06	7.446651e-06	1.234395e-08	5.564050e+01	8.063347e+02
2.250000e-06	7.420759e-06	1.231789e-08	5.544704e+01	8.054255e+02
2.260000e-06	7.393529e-06	1.222305e-08	5.524357e+01	8.045051e+02
2.270000e-06	7.364954e-06	1.232397e-08	5.503007e+01	8.035700e+02
2.280000e-06	7.334359e-06	1.227930e-08	5.480146e+01	8.026075e+02
2.290000e-06	7.302014e-06	1.220255e-08	5.455979e+01	8.015980e+02
2.300000e-06	7.268142e-06	1.227100e-08	5.430670e+01	8.005192e+02
2.310000e-06	7.232853e-06	1.221752e-08	5.404302e+01	7.993500e+02
2.320000e-06	7.196173e-06	1.219364e-08	5.376895e+01	7.980753e+02
2.330000e-06	7.157537e-06	1.218023e-08	5.348027e+01	7.966880e+02
2.340000e-06	7.117079e-06	1.209521e-08	5.317797e+01	7.951904e+02
2.350000e-06	7.075229e-06	1.213296e-08	5.286528e+01	7.935925e+02
2.360000e-06	7.031949e-06	1.209573e-08	5.254189e+01	7.919094e+02
2.370000e-06	6.987266e-06	1.205535e-08	5.220802e+01	7.901571e+02
2.380000e-06	6.940924e-06	1.206285e-08	5.186176e+01	7.883489e+02
2.390000e-06	6.892887e-06	1.199877e-08	5.150284e+01	7.864921e+02
2.400000e-06	6.843374e-06	1.199907e-08	5.113288e+01	7.845871e+02
2.410000e-06	6.792229e-06	1.195634e-08	5.075073e+01	7.826276e+02
2.420000e-06	6.739343e-06	1.190570e-08	5.035558e+01	7.806026e+02
2.430000e-06	6.684673e-06	1.187074e-08	4.994708e+01	7.784998e+02
2.440000e-06	6.628440e-06	1.182907e-08	4.952692e+01	7.763088e+02
2.450000e-06	6.570870e-06	1.183508e-08	4.909677e+01	7.740232e+02
2.460000e-06	6.511947e-06	1.177120e-08	4.865650e+01	7.716426e+02
2.470000e-06	6.451597e-06	1.173165e-08	4.820557e+01	7.691716e+02
2.480000e-06	6.389533e-06	1.170199e-08	4.774184e+01	7.666188e+02
2.490000e-06	6.325893e-06	1.165401e-08	4.726632e+01	7.639934e+02
2.500000e-06	6.260908e-06	1.162970e-08	4.678077e+01	7.613035e+02
2.510000e-06	6.194592e-06	1.155515e-08	4.628526e+01	7.585529e+02
2.520000e-06	6.126929e-06	1.151227e-08	4.577969e+01	7.557406e+02
2.530000e-06	6.057663e-06	1.146719e-08	4.526214e+01	7.528610e+02
2.540000e-06	5.986954e-06	1.143208e-08	4.473381e+01	7.499055e+02
2.550000e-06	5.914993e-06	1.139322e-08	4.419612e+01	7.468642e+02
2.560000e-06	5.841697e-06	1.132674e-08	4.364847e+01	7.437290e+02
2.570000e-06	5.766980e-06	1.129115e-08	4.309019e+01	7.404945e+02
2.580000e-06	5.690728e-06	1.124156e-08	4.252045e+01	7.371595e+02
2.590000e-06	5.612994e-06	1.119479e-08	4.193963e+01	7.337265e+02
2.600000e-06	5.533894e-06	1.112738e-08	4.134860e+01	7.301999e+02
2.610000e-06	5.453574e-06	1.106368e-08	4.074846e+01	7.265846e+02
2.620000e-06	5.372051e-06	1.101311e-08	4.013933e+01	7.228836e+02
2.630000e-06	5.289463e-06	1.095992e-08	3.952224e+01	7.190973e+02
2.640000e-06	5.205824e-06	1.090776e-08	3.889730e+01	7.152227e+02
2.650000e-06	5.120900e-06	1.084144e-08	3.826276e+01	7.112545e+02
2.660000e-06	5.034744e-06	1.078308e-08	3.761901e+01	7.071862e+02
2.670000e-06	4.947468e-06	1.072224e-08	3.696690e+01	7.030127e+02
2.680000e-06	4.859123e-06	1.065769e-08	3.630679e+01	6.987312e+02
2.690000e-06	4.769806e-06	1.058091e-08	3.563943e+01	6.943425e+02
2.700000e-06	4.679574e-06	1.050260e-08	3.496522e+01	6.898506e+02
2.710000e-06	4.588413e-06	1.043539e-08	3.428408e+01	6.852612e+02
2.720000e-06	4.496166e-06	1.037392e-08	3.359482e+01	6.805798e+02
2.730000e-06	4.402813e-06	1.030775e-08	3.289730e+01	6.758094e+02
2.740000e-06	4.308487e-06	1.023136e-08	3.219251e+01	6.709483e+02
2.750000e-06	4.213175e-06	1.015468e-08	3.148035e+01	6.659899e+02
2.760000e-06	4.116908e-06	1.007748e-08	3.076105e+01	6.609225e+02
2.770000e-06	4.019817e-06	9.997031e-09	3.003560e+01	6.557316e+02
2.780000e-06	3.921949e-06	9.906042e-09	2.930434e+01	6.504027e+02
2.790000e-06	3.823285e-06	9.816487e-09	2.856713e+01	6.449236e+02
2.800000e-06	3.723744e-06	9.731814e-09	2.782338e+01	6.392875e+02
2.810000e-06	3.623304e-06	9.651941e-09	2.707290e+01	6.334941e+02
2.820000e-06	3.522082e-06	9.568309e-09	2.631658e+01	6.275493e+02
2.830000e-06	3.420009e-06	9.472943e-09	2.555390e+01	6.214638e+02
2.840000e-06	3.317020e-06	9.375284e-09	2.478438e+01	6.152498e+02
2.850000e-06	3.213250e-06	9.277161e-09	2.400902e+01	6.089181e+02
2.860000e-06	3.108730e-06	9.177427e-09	2.322806e+01	6.024747e+02
2.870000e-06	3.003513e-06	9.071246e-09	2.244190e+01	5.959190e+02
2.880000e-06	2.897744e-06	8.963378e-09	2.165160e+01	5.892430e+02
2.890000e-06	2.791432e-06	8.862610e-09	2.085725e+01	5.824328e+02
2.900000e-06	2.684506e-06	8.765986e-09	2.005831e+01	5.754704e+02
2.910000e-06	2.576984e-06	8.661095e-09	1.925492e+01	5.683368e+02
2.920000e-06	2.468932e-06	8.545018e-09	1.844757e+01	5.610155e+02
2.930000e-06	2.360426e-06	8.424038e-09	1.763682e+01	5.534942e+02
2.940000e-06	2.251474e-06	8.304980e-09	1.682274e+01	5.457659e+02
2.950000e-06	2.142070e-06	8.187132e-09	1.600529e+01	5.378288e+02
2.960000e-06	2.032170e-06	8.063524e-09	1.518414e+01	5.296843e+02
2.970000e-06	1.921795e-06	7.933485e-09	1.435943e+01	5.213351e+02
2.980000e-06	1.810903e-06	7.802988e-09	1.353085e+01	5.127825e+02
2.990000e-06	1.699532e-06	7.675133e-09	1.269871e+01	5.040246e+02
3.000000e-06	1.587815e-06	7.541176e-09	1.186397e+01	4.950553e+02
3.010000e-06	1.475824e-06	7.397636e-09	1.102718e+01	4.858647e+02
3.020000e-06	1.363587e-06	7.247868e-09	1.018856e+01	4.764403e+02
3.030000e-06	1.250976e-06	7.096916e-09	9.347144e+00	4.667685e+02
3.040000e-06	1.138067e-06	6.947225e-09	8.503505e+00	4.568366e+02
3.050000e-06	1.024954e-06	6.793297e-09	7.658333e+00	4.466342e+02
3.060000e-06	9.115775e-07	6.633910e-09	6.811199e+00	4.361531e+02
3.070000e-06	7.979318e-07	6.471322e-09	5.962052e+00	4.253872e+02
3.080000e-06	6.840905e-07	6.305552e-09	5.111443e+00	4.143309e+02
3.090000e-06	5.700588e-07	6.132646e-09	4.259412e+00	4.029776e+02
3.100000e-06	4.558408e-07	5.949066e-09	3.405989e+00	3.913177e+02
3.110000e-06	3.415142e-07	5.759730e-09	2.551754e+00	3.793381e+02
3.120000e-06	2.271369e-07	5.571909e-09	1.697140e+00	3.670212e+02
3.130000e-06	1.126754e-07	5.382474e-09	8.418970e-01	3.543462e+02
3.140000e-06	-1.837257e-09	5.185214e-09	-1.372777e-02	3.412900e+02
3.150000e-06	-1.163545e-07	4.979037e-09	-8.693872e-01	3.278288e+02
3.160000e-06	-2.308501e-07	4.768056e-09	-1.724885e+00	3.139402e+02
3.170000e-06	-3.452413e-07	4.551589e-09	-2.579602e+00	2.996040e+02
3.180000e-06	-4.595114e-07	4.324702e-09	-3.433415e+00	2.848027e+02
3.190000e-06	-5.736386e-07	4.089647e-09	-4.286160e+00	2.695223e+02
3.200000e-06	-6.876341e-07	3.847864e-09	-5.137920e+00	2.537515e+02
3.210000e-06	-8.014329e-07	3.601289e-09	-5.988212e+00	2.374812e+02
3.220000e-06	-9.149855e-07	3.348725e-09	-6.836663e+00	2.207049e+02
3.230000e-06	-1.028271e-06	3.086238e-09	-7.683121e+00	2.034177e+02
3.240000e-06	-1.141223e-06	2.814139e-09	-8.527082e+00	1.856170e+02
3.250000e-06	-1.253795e-06	2.535680e-09	-9.368210e+00	1.673009e+02
3.260000e-06	-1.366014e-06	2.251214e-09	-1.020670e+01	1.484681e+02
3.270000e-06	-1.478006e-06	1.958997e-09	-1.104348e+01	1.291153e+02
3.280000e-06	-1.589678e-06	1.657319e-09	-1.187788e+01	1.092341e+02
3.290000e-06	-1.700894e-06	1.346521e-09	-1.270888e+01	8.880793e+01
3.300000e-06	-1.811652e-06	1.028360e-09	-1.353645e+01	6.780804e+01
3.310000e-06	-1.921918e-06	7.004377e-10	-1.436035e+01	4.619173e+01
3.320000e-06	-2.031713e-06	3.598539e-10	-1.518072e+01	2.390233e+01
3.330000e-06	-2.141068e-06	7.044194e-12	-1.599781e+01	8.727308e-01
3.340000e-06	-2.249932e-06	-3.553167e-10	-1.681122e+01	-2.296729e+01
3.350000e-06	-2.358360e-06	-7.296016e-10	-1.762139e+01	-4.768020e+01
3.360000e-06	-2.466349e-06	-1.117623e-09	-1.842827e+01	-7.330727e+01
3.370000e-06	-2.573845e-06	-1.518171e-09	-1.923146e+01	-9.985420e+01
3.380000e-06	-2.680895e-06	-1.932702e-09	-2.003133e+01	-1.272782e+02
3.390000e-06	-2.787412e-06	-2.363317e-09	-2.082721e+01	-1.554789e+02
3.400000e-06	-2.893258e-06	-2.805898e-09	-2.161808e+01	-1.842949e+02
3.410000e-06	-2.998456e-06	-3.252315e-09	-2.240411e+01	-2.135070e+02
3.420000e-06	-3.103078e-06	-3.698264e-09	-2.318583e+01	-2.428495e+02
3.430000e-06	-3.207053e-06	-4.142189e-09	-2.396272e+01	-2.720267e+02
3.440000e-06	-3.310298e-06	-4.581882e-09	-2.473415e+01	-3.007342e+02
3.450000e-06	-3.412715e-06	-5.011407e-09	-2.549940e+01	-3.286816e+02
3.460000e-06	-3.514274e-06	-5.426243e-09	-2.625824e+01	-3.556132e+02
3.470000e-06	-3.615055e-06	-5.822276e-09	-2.701126e+01	-3.813250e+02
3.480000e-06	-3.715066e-06	-6.198180e-09	-2.775853e+01	-4.056752e+02
3.490000e-06	-3.814229e-06	-6.552214e-09	-2.849947e+01	-4.285869e+02
3.500000e-06	-3.912491e-06	-6.880997e-09	-2.923367e+01	-4.500450e+02
3.510000e-06	-4.009900e-06	-7.186638e-09	-2.996150e+01	-4.700858e+02
3.520000e-06	-4.106533e-06	-7.471301e-09	-3.068353e+01	-4.887843e+02
3.530000e-06	-4.202426e-06	-7.737403e-09	-3.140003e+01	-5.062390e+02
3.540000e-06	-4.297454e-06	-7.988341e-09	-3.211007e+01	-5.225586e+02
3.550000e-06	-4.391450e-06	-8.227590e-09	-3.281239e+01	-5.378504e+02
3.560000e-06	-4.484364e-06	-8.453219e-09	-3.350664e+01	-5.522127e+02
3.570000e-06	-4.576245e-06	-8.665593e-09	-3.419316e+01	-5.657313e+02
3.580000e-06	-4.667066e-06	-8.863037e-09	-3.487176e+01	-5.784785e+02
3.590000e-06	-4.756798e-06	-9.045791e-09	-3.554223e+01	-5.905150e+02
3.600000e-06	-4.845534e-06	-9.218126e-09	-3.620525e+01	-6.018926e+02
3.610000e-06	-4.933249e-06	-9.381057e-09	-3.686066e+01	-6.126570e+02
3.620000e-06	-5.019763e-06	-9.534246e-09	-3.750708e+01	-6.228497e+02
3.630000e-06	-5.105051e-06	-9.679514e-09	-3.814433e+01	-6.325096e+02
3.640000e-06	-5.189207e-06	-9.819284e-09	-3.877314e+01	-6.416730e+02
3.650000e-06	-5.272274e-06	-9.956639e-09	-3.939381e+01	-6.503733e+02
3.660000e-06	-5.354215e-06	-1.008796e-08	-4.000606e+01	-6.586411e+02
3.670000e-06	-5.435023e-06	-1.020790e-08	-4.060984e+01	-6.665043e+02
3.680000e-06	-5.514687e-06	-1.031794e-08	-4.120509e+01	-6.739882e+02
3.690000e-06	-5.593046e-06	-1.042185e-08	-4.179058e+01	-6.811165e+02
3.700000e-06	-5.670021e-06	-1.052321e-08	-4.236572e+01	-6.879123e+02
3.710000e-06	-5.745608e-06	-1.062078e-08	-4.293050e+01	-6.943986e+02
3.720000e-06	-5.819817e-06	-1.071414e-08	-4.348498e+01	-7.005985e+02
3.730000e-06	-5.892758e-06	-1.080734e-08	-4.402999e+01	-7.065343e+02
3.740000e-06	-5.964525e-06	-1.090171e-08	-4.456622e+01	-7.122266e+02
3.750000e-06	-6.034952e-06	-1.099006e-08	-4.509245e+01	-7.176929e+02
3.760000e-06	-6.103867e-06	-1.106857e-08	-4.560737e+01	-7.229462e+02
3.770000e-06	-6.171404e-06	-1.113917e-08	-4.611200e+01	-7.279949e+02
3.780000e-06	-6.237681e-06	-1.120937e-08	-4.660721e+01	-7.328424e+02
3.790000e-06	-6.302667e-06	-1.128232e-08	-4.709278e+01	-7.374893e+02
3.800000e-06	-6.366335e-06	-1.135323e-08	-4.756850e+01	-7.419344e+02
3.810000e-06	-6.428531e-06	-1.141726e-08	-4.803322e+01	-7.461776e+02
3.820000e-06	-6.489169e-06	-1.147777e-08	-4.848630e+01	-7.502215e+02
3.830000e-06	-6.548364e-06	-1.153807e-08	-4.892860e+01	-7.540724e+02
3.840000e-06	-6.606218e-06	-1.159398e-08	-4.936088e+01	-7.577409e+02
3.850000e-06	-6.662651e-06	-1.164300e-08	-4.978254e+01	-7.612401e+02
3.860000e-06	-6.717586e-06	-1.168979e-08	-5.019301e+01	-7.645841e+02
3.870000e-06	-6.770873e-06	-1.173760e-08	-5.059116e+01	-7.677858e+02
3.880000e-06	-6.822389e-06	-1.178869e-08	-5.097608e+01	-7.708547e+02
3.890000e-06	-6.872167e-06	-1.183780e-08	-5.134802e+01	-7.737960e+02
3.900000e-06	-6.920054e-06	-1.187752e-08	-5.170582e+01	-7.766098e+02
3.910000e-06	-6.966200e-06	-1.191195e-08	-5.205062e+01	-7.792929e+02
3.920000e-06	-7.010960e-06	-1.194732e-08	-5.238506e+01	-7.818401e+02
3.930000e-06	-7.054359e-06	-1.198287e-08	-5.270933e+01	-7.842470e+02
3.940000e-06	-7.096367e-06	-1.201159e-08	-5.302322e+01	-7.865114e+02
3.950000e-06	-7.136992e-06	-1.203939e-08	-5.332676e+01	-7.886352e+02
3.960000e-06	-7.176176e-06	-1.207471e-08	-5.361953e+01	-7.906245e+02
3.970000e-06	-7.213646e-06	-1.211186e-08	-5.389951e+01	-7.924888e+02
3.980000e-06	-7.249346e-06	-1.213997e-08	-5.416626e+01	-7.942394e+02
3.990000e-06	-7.283521e-06	-1.215561e-08	-5.442161e+01	-7.958873e+02
4.000000e-06	-7.316232e-06	-1.216791e-08	-5.466602e+01	-7.974414e+02
4.010000e-06	-7.347368e-06	-1.218651e-08	-5.489866e+01	-7.989076e+02
4.020000e-06	-7.376753e-06	-1.220908e-08	-5.511823e+01	-8.002881e+02
4.030000e-06	-7.404465e-06	-1.222839e-08	-5.532529e+01	-8.015825e+02
4.040000e-06	-7.430634e-06	-1.224620e-08	-5.552082e+01	-8.027893e+02
4.050000e-06	-7.455216e-06	-1.226525e-08	-5.570449e+01	-8.039073e+02
4.060000e-06	-7.478173e-06	-1.228396e-08	-5.587602e+01	-8.049371e+02
4.070000e-06	-7.499382e-06	-1.229594e-08	-5.603449e+01	-8.058820e+02
4.080000e-06	-7.518888e-06	-1.229952e-08	-5.618024e+01	-8.067475e+02
4.090000e-06	-7.536877e-06	-1.230226e-08	-5.631465e+01	-8.075402e+02
4.100000e-06	-7.553335e-06	-1.231044e-08	-5.643763e+01	-8.082661e+02
4.110000e-06	-7.568002e-06	-1.232531e-08	-5.654721e+01	-8.089292e+02
4.120000e-06	-7.580680e-06	-1.233826e-08	-5.664194e+01	-8.095302e+02
4.130000e-06	-7.591536e-06	-1.234501e-08	-5.672306e+01	-8.100664e+02
4.140000e-06	-7.600757e-06	-1.235018e-08	-5.679195e+01	-8.105322e+02
4.150000e-06	-7.608395e-06	-1.235626e-08	-5.684902e+01	-8.109211e+02
4.160000e-06	-7.614294e-06	-1.236058e-08	-5.689310e+01	-8.112277e+02
4.170000e-06	-7.618377e-06	-1.235736e-08	-5.692361e+01	-8.114495e+02
4.180000e-06	-7.620884e-06	-1.235177e-08	-5.694235e+01	-8.115883e+02
4.190000e-06	-7.621856e-06	-1.235054e-08	-5.694960e+01	-8.116503e+02
