# Temperatura_=_47.15
# Concentracion g/m^3_=_18600.0
# C_Vs_to_Am_M_A/Vsm_=_65563218390.804596
# pendiente_HvsI_1/m_=_3716.3
# ordenada_HvsI_A/m_=_1297.0
# frecuencia_Hz_=_238271.03647586232

Tiempo_(s)	Campo_(V.s)	Magnetizacion_(V.s)	Campo_(kA/m)	Magnetizacion_(A/m)
0.000000e+00	-7.637742e-06	-1.250177e-08	-5.694917e+01	-8.213162e+02
1.000000e-08	-7.636022e-06	-1.250562e-08	-5.693635e+01	-8.212468e+02
2.000000e-08	-7.632495e-06	-1.250617e-08	-5.691004e+01	-8.211364e+02
3.000000e-08	-7.627446e-06	-1.250288e-08	-5.687240e+01	-8.209798e+02
4.000000e-08	-7.620955e-06	-1.249936e-08	-5.682400e+01	-8.207666e+02
5.000000e-08	-7.612997e-06	-1.249306e-08	-5.676467e+01	-8.204841e+02
6.000000e-08	-7.603437e-06	-1.248122e-08	-5.669338e+01	-8.201204e+02
7.000000e-08	-7.591964e-06	-1.246404e-08	-5.660783e+01	-8.196675e+02
8.000000e-08	-7.578643e-06	-1.244557e-08	-5.650851e+01	-8.191240e+02
9.000000e-08	-7.563228e-06	-1.247161e-08	-5.639357e+01	-8.184960e+02
1.000000e-07	-7.545399e-06	-1.249291e-08	-5.626063e+01	-8.177964e+02
1.100000e-07	-7.525708e-06	-1.247211e-08	-5.611381e+01	-8.170423e+02
1.200000e-07	-7.504649e-06	-1.244812e-08	-5.595679e+01	-8.162523e+02
1.300000e-07	-7.482360e-06	-1.238010e-08	-5.579059e+01	-8.154417e+02
1.400000e-07	-7.458827e-06	-1.239924e-08	-5.561513e+01	-8.146200e+02
1.500000e-07	-7.433563e-06	-1.244792e-08	-5.542676e+01	-8.137883e+02
1.600000e-07	-7.406443e-06	-1.232111e-08	-5.522454e+01	-8.129388e+02
1.700000e-07	-7.377865e-06	-1.232980e-08	-5.501145e+01	-8.120564e+02
1.800000e-07	-7.347704e-06	-1.238855e-08	-5.478656e+01	-8.111206e+02
1.900000e-07	-7.316032e-06	-1.228604e-08	-5.455041e+01	-8.101095e+02
2.000000e-07	-7.283007e-06	-1.231452e-08	-5.430416e+01	-8.090033e+02
2.100000e-07	-7.248150e-06	-1.231572e-08	-5.404426e+01	-8.077872e+02
2.200000e-07	-7.211588e-06	-1.221041e-08	-5.377164e+01	-8.064529e+02
2.300000e-07	-7.173510e-06	-1.222819e-08	-5.348772e+01	-8.050000e+02
2.400000e-07	-7.133770e-06	-1.222514e-08	-5.319141e+01	-8.034342e+02
2.500000e-07	-7.092488e-06	-1.219028e-08	-5.288360e+01	-8.017662e+02
2.600000e-07	-7.049519e-06	-1.218062e-08	-5.256321e+01	-8.000089e+02
2.700000e-07	-7.004931e-06	-1.212546e-08	-5.223075e+01	-7.981753e+02
2.800000e-07	-6.958836e-06	-1.211474e-08	-5.188705e+01	-7.962762e+02
2.900000e-07	-6.911175e-06	-1.208990e-08	-5.153168e+01	-7.943189e+02
3.000000e-07	-6.861790e-06	-1.204816e-08	-5.116345e+01	-7.923068e+02
3.100000e-07	-6.810363e-06	-1.202016e-08	-5.078000e+01	-7.902398e+02
3.200000e-07	-6.757081e-06	-1.198488e-08	-5.038271e+01	-7.881145e+02
3.300000e-07	-6.702322e-06	-1.197325e-08	-4.997441e+01	-7.859259e+02
3.400000e-07	-6.646281e-06	-1.192990e-08	-4.955656e+01	-7.836679e+02
3.500000e-07	-6.588833e-06	-1.189295e-08	-4.912820e+01	-7.813348e+02
3.600000e-07	-6.529662e-06	-1.184716e-08	-4.868701e+01	-7.789215e+02
3.700000e-07	-6.468935e-06	-1.179945e-08	-4.823421e+01	-7.764243e+02
3.800000e-07	-6.406911e-06	-1.179374e-08	-4.777174e+01	-7.738408e+02
3.900000e-07	-6.343616e-06	-1.175216e-08	-4.729980e+01	-7.711699e+02
4.000000e-07	-6.278930e-06	-1.170767e-08	-4.681748e+01	-7.684118e+02
4.100000e-07	-6.212699e-06	-1.166431e-08	-4.632365e+01	-7.655671e+02
4.200000e-07	-6.144939e-06	-1.161598e-08	-4.581841e+01	-7.626368e+02
4.300000e-07	-6.075742e-06	-1.157733e-08	-4.530245e+01	-7.596215e+02
4.400000e-07	-6.005237e-06	-1.152432e-08	-4.477675e+01	-7.565210e+02
4.500000e-07	-5.933547e-06	-1.147421e-08	-4.424221e+01	-7.533338e+02
4.600000e-07	-5.860533e-06	-1.142199e-08	-4.369779e+01	-7.500572e+02
4.700000e-07	-5.785980e-06	-1.138214e-08	-4.314190e+01	-7.466874e+02
4.800000e-07	-5.709848e-06	-1.133413e-08	-4.257425e+01	-7.432198e+02
4.900000e-07	-5.632255e-06	-1.126898e-08	-4.199569e+01	-7.396499e+02
5.000000e-07	-5.553256e-06	-1.120890e-08	-4.140665e+01	-7.359745e+02
5.100000e-07	-5.472833e-06	-1.114962e-08	-4.080699e+01	-7.321921e+02
5.200000e-07	-5.391084e-06	-1.109757e-08	-4.019745e+01	-7.283036e+02
5.300000e-07	-5.308220e-06	-1.103878e-08	-3.957960e+01	-7.243126e+02
5.400000e-07	-5.224358e-06	-1.097285e-08	-3.895430e+01	-7.202241e+02
5.500000e-07	-5.139404e-06	-1.090733e-08	-3.832085e+01	-7.160441e+02
5.600000e-07	-5.053458e-06	-1.084347e-08	-3.768001e+01	-7.117777e+02
5.700000e-07	-4.966630e-06	-1.077995e-08	-3.703260e+01	-7.074280e+02
5.800000e-07	-4.878827e-06	-1.070877e-08	-3.637792e+01	-7.029946e+02
5.900000e-07	-4.789922e-06	-1.063776e-08	-3.571502e+01	-6.984732e+02
6.000000e-07	-4.699865e-06	-1.056835e-08	-3.504352e+01	-6.938561e+02
6.100000e-07	-4.608676e-06	-1.049985e-08	-3.436360e+01	-6.891330e+02
6.200000e-07	-4.516442e-06	-1.042474e-08	-3.367587e+01	-6.842931e+02
6.300000e-07	-4.423270e-06	-1.034226e-08	-3.298115e+01	-6.793264e+02
6.400000e-07	-4.329152e-06	-1.026194e-08	-3.227938e+01	-6.742257e+02
6.500000e-07	-4.234088e-06	-1.018593e-08	-3.157056e+01	-6.689870e+02
6.600000e-07	-4.138188e-06	-1.011295e-08	-3.085550e+01	-6.636103e+02
6.700000e-07	-4.041396e-06	-1.003039e-08	-3.013379e+01	-6.580977e+02
6.800000e-07	-3.943657e-06	-9.941296e-09	-2.940502e+01	-6.524527e+02
6.900000e-07	-3.844990e-06	-9.853144e-09	-2.866934e+01	-6.466776e+02
7.000000e-07	-3.745337e-06	-9.763519e-09	-2.792629e+01	-6.407722e+02
7.100000e-07	-3.644718e-06	-9.668293e-09	-2.717605e+01	-6.347330e+02
7.200000e-07	-3.543307e-06	-9.567192e-09	-2.641990e+01	-6.285528e+02
7.300000e-07	-3.441245e-06	-9.467664e-09	-2.565890e+01	-6.222222e+02
7.400000e-07	-3.338452e-06	-9.373301e-09	-2.489244e+01	-6.157309e+02
7.500000e-07	-3.234862e-06	-9.281417e-09	-2.412005e+01	-6.090699e+02
7.600000e-07	-3.130520e-06	-9.181732e-09	-2.334205e+01	-6.022331e+02
7.700000e-07	-3.025411e-06	-9.071481e-09	-2.255832e+01	-5.952183e+02
7.800000e-07	-2.919559e-06	-8.956987e-09	-2.176906e+01	-5.880267e+02
7.900000e-07	-2.813073e-06	-8.842731e-09	-2.097507e+01	-5.806617e+02
8.000000e-07	-2.705985e-06	-8.727942e-09	-2.017659e+01	-5.731270e+02
8.100000e-07	-2.598229e-06	-8.609347e-09	-1.937313e+01	-5.654238e+02
8.200000e-07	-2.489793e-06	-8.489883e-09	-1.856460e+01	-5.575495e+02
8.300000e-07	-2.380785e-06	-8.370300e-09	-1.775181e+01	-5.494964e+02
8.400000e-07	-2.271339e-06	-8.250837e-09	-1.693575e+01	-5.412519e+02
8.500000e-07	-2.161523e-06	-8.123162e-09	-1.611693e+01	-5.328005e+02
8.600000e-07	-2.051297e-06	-7.984369e-09	-1.529505e+01	-5.241259e+02
8.700000e-07	-1.940578e-06	-7.840682e-09	-1.446950e+01	-5.152135e+02
8.800000e-07	-1.829427e-06	-7.700297e-09	-1.364072e+01	-5.060528e+02
8.900000e-07	-1.717920e-06	-7.562696e-09	-1.280929e+01	-4.966378e+02
9.000000e-07	-1.606070e-06	-7.416541e-09	-1.197531e+01	-4.869668e+02
9.100000e-07	-1.493882e-06	-7.260167e-09	-1.113880e+01	-4.770402e+02
9.200000e-07	-1.381367e-06	-7.100709e-09	-1.029986e+01	-4.668580e+02
9.300000e-07	-1.268547e-06	-6.943732e-09	-9.458646e+00	-4.564166e+02
9.400000e-07	-1.155303e-06	-6.784901e-09	-8.614263e+00	-4.457069e+02
9.500000e-07	-1.041715e-06	-6.620126e-09	-7.767325e+00	-4.347133e+02
9.600000e-07	-9.280330e-07	-6.446513e-09	-6.919677e+00	-4.234145e+02
9.700000e-07	-8.141702e-07	-6.268934e-09	-6.070683e+00	-4.117860e+02
9.800000e-07	-7.000825e-07	-6.088452e-09	-5.220014e+00	-3.998034e+02
9.900000e-07	-5.858741e-07	-5.899136e-09	-4.368443e+00	-3.874449e+02
1.000000e-06	-4.715286e-07	-5.698739e-09	-3.515851e+00	-3.746940e+02
1.010000e-06	-3.570027e-07	-5.494145e-09	-2.661914e+00	-3.615388e+02
1.020000e-06	-2.423206e-07	-5.292083e-09	-1.806811e+00	-3.479706e+02
1.030000e-06	-1.276296e-07	-5.088609e-09	-9.516422e-01	-3.339804e+02
1.040000e-06	-1.296490e-08	-4.875854e-09	-9.666994e-02	-3.195541e+02
1.050000e-06	1.016860e-07	-4.647790e-09	7.581997e-01	-3.046694e+02
1.060000e-06	2.163049e-07	-4.408285e-09	1.612831e+00	-2.892934e+02
1.070000e-06	3.308966e-07	-4.162285e-09	2.467259e+00	-2.733845e+02
1.080000e-06	4.454324e-07	-3.909323e-09	3.321270e+00	-2.568955e+02
1.090000e-06	5.598904e-07	-3.644164e-09	4.174702e+00	-2.397809e+02
1.100000e-06	6.742630e-07	-3.368878e-09	5.027496e+00	-2.220034e+02
1.110000e-06	7.884924e-07	-3.089979e-09	5.879223e+00	-2.035410e+02
1.120000e-06	9.025259e-07	-2.807435e-09	6.729489e+00	-1.843894e+02
1.130000e-06	1.016297e-06	-2.512445e-09	7.577795e+00	-1.645610e+02
1.140000e-06	1.129763e-06	-2.197197e-09	8.423837e+00	-1.440782e+02
1.150000e-06	1.242992e-06	-1.865515e-09	9.268102e+00	-1.229625e+02
1.160000e-06	1.355876e-06	-1.527874e-09	1.010980e+01	-1.012215e+02
1.170000e-06	1.468380e-06	-1.187811e-09	1.094866e+01	-7.883605e+01
1.180000e-06	1.580520e-06	-8.392429e-10	1.178480e+01	-5.575213e+01
1.190000e-06	1.692325e-06	-4.761891e-10	1.261846e+01	-3.187971e+01
1.200000e-06	1.803769e-06	-9.690368e-11	1.344941e+01	-7.100531e+00
1.210000e-06	1.914758e-06	2.983637e-10	1.427698e+01	1.871476e+01
1.220000e-06	2.025355e-06	7.098132e-10	1.510162e+01	4.568201e+01
1.230000e-06	2.135504e-06	1.142414e-09	1.592292e+01	7.387509e+01
1.240000e-06	2.245217e-06	1.597419e-09	1.674098e+01	1.032982e+02
1.250000e-06	2.354545e-06	2.067552e-09	1.755615e+01	1.338645e+02
1.260000e-06	2.463415e-06	2.546584e-09	1.836792e+01	1.653846e+02
1.270000e-06	2.571710e-06	3.030757e-09	1.917540e+01	1.975693e+02
1.280000e-06	2.679309e-06	3.521887e-09	1.997768e+01	2.300461e+02
1.290000e-06	2.786273e-06	4.015810e-09	2.077524e+01	2.623876e+02
1.300000e-06	2.892594e-06	4.503830e-09	2.156800e+01	2.941492e+02
1.310000e-06	2.998213e-06	4.975327e-09	2.235553e+01	3.249091e+02
1.320000e-06	3.103173e-06	5.420797e-09	2.313814e+01	3.543052e+02
1.330000e-06	3.207434e-06	5.838999e-09	2.391554e+01	3.820634e+02
1.340000e-06	3.310955e-06	6.228440e-09	2.468742e+01	4.080144e+02
1.350000e-06	3.413712e-06	6.587226e-09	2.545361e+01	4.320952e+02
1.360000e-06	3.515752e-06	6.917977e-09	2.621444e+01	4.543388e+02
1.370000e-06	3.617083e-06	7.227951e-09	2.697000e+01	4.748531e+02
1.380000e-06	3.717666e-06	7.519320e-09	2.771997e+01	4.937939e+02
1.390000e-06	3.817353e-06	7.789864e-09	2.846326e+01	5.113377e+02
1.400000e-06	3.916042e-06	8.039006e-09	2.919912e+01	5.276574e+02
1.410000e-06	4.013794e-06	8.269118e-09	2.992799e+01	5.429058e+02
1.420000e-06	4.110671e-06	8.484138e-09	3.065033e+01	5.572067e+02
1.430000e-06	4.206692e-06	8.684442e-09	3.136629e+01	5.706541e+02
1.440000e-06	4.301776e-06	8.869620e-09	3.207526e+01	5.833181e+02
1.450000e-06	4.395867e-06	9.045521e-09	3.277683e+01	5.952532e+02
1.460000e-06	4.489073e-06	9.216483e-09	3.347180e+01	6.065076e+02
1.470000e-06	4.581399e-06	9.381590e-09	3.416021e+01	6.171300e+02
1.480000e-06	4.672725e-06	9.538506e-09	3.484116e+01	6.271725e+02
1.490000e-06	4.762875e-06	9.685263e-09	3.551335e+01	6.366903e+02
1.500000e-06	4.851785e-06	9.824194e-09	3.617628e+01	6.457378e+02
1.510000e-06	4.939622e-06	9.955931e-09	3.683122e+01	6.543636e+02
1.520000e-06	5.026438e-06	1.008050e-08	3.747854e+01	6.626062e+02
1.530000e-06	5.112164e-06	1.019869e-08	3.811774e+01	6.704911e+02
1.540000e-06	5.196876e-06	1.031337e-08	3.874938e+01	6.780319e+02
1.550000e-06	5.280547e-06	1.042599e-08	3.937326e+01	6.852330e+02
1.560000e-06	5.363039e-06	1.053245e-08	3.998834e+01	6.920953e+02
1.570000e-06	5.444294e-06	1.063015e-08	4.059420e+01	6.986216e+02
1.580000e-06	5.524254e-06	1.072363e-08	4.119040e+01	7.048219e+02
1.590000e-06	5.602978e-06	1.081403e-08	4.177739e+01	7.107155e+02
1.600000e-06	5.680522e-06	1.089830e-08	4.235558e+01	7.163308e+02
1.610000e-06	5.756791e-06	1.097662e-08	4.292426e+01	7.217022e+02
1.620000e-06	5.831580e-06	1.105183e-08	4.348191e+01	7.268654e+02
1.630000e-06	5.904863e-06	1.112759e-08	4.402833e+01	7.318515e+02
1.640000e-06	5.976804e-06	1.120376e-08	4.456474e+01	7.366826e+02
1.650000e-06	6.047453e-06	1.127817e-08	4.509152e+01	7.413696e+02
1.660000e-06	6.116855e-06	1.134741e-08	4.560900e+01	7.459117e+02
1.670000e-06	6.185015e-06	1.141302e-08	4.611723e+01	7.502996e+02
1.680000e-06	6.251676e-06	1.147462e-08	4.661427e+01	7.545199e+02
1.690000e-06	6.316783e-06	1.153254e-08	4.709972e+01	7.585596e+02
1.700000e-06	6.380540e-06	1.158829e-08	4.757511e+01	7.624116e+02
1.710000e-06	6.443010e-06	1.164337e-08	4.804091e+01	7.660761e+02
1.720000e-06	6.504267e-06	1.169968e-08	4.849765e+01	7.695622e+02
1.730000e-06	6.564315e-06	1.175574e-08	4.894539e+01	7.728850e+02
1.740000e-06	6.622806e-06	1.180882e-08	4.938152e+01	7.760628e+02
1.750000e-06	6.679593e-06	1.185549e-08	4.980494e+01	7.791128e+02
1.760000e-06	6.734908e-06	1.189836e-08	5.021738e+01	7.820471e+02
1.770000e-06	6.788735e-06	1.194054e-08	5.061873e+01	7.848710e+02
1.780000e-06	6.840862e-06	1.198170e-08	5.100740e+01	7.875827e+02
1.790000e-06	6.891140e-06	1.201976e-08	5.138230e+01	7.901746e+02
1.800000e-06	6.939644e-06	1.205664e-08	5.174395e+01	7.926366e+02
1.810000e-06	6.986604e-06	1.209492e-08	5.209410e+01	7.949599e+02
1.820000e-06	7.032131e-06	1.213435e-08	5.243356e+01	7.971396e+02
1.830000e-06	7.076226e-06	1.217085e-08	5.276234e+01	7.991771e+02
1.840000e-06	7.118619e-06	1.220095e-08	5.307844e+01	8.010801e+02
1.850000e-06	7.159295e-06	1.222674e-08	5.338173e+01	8.028612e+02
1.860000e-06	7.198480e-06	1.225235e-08	5.367390e+01	8.045352e+02
1.870000e-06	7.236187e-06	1.227946e-08	5.395506e+01	8.061166e+02
1.880000e-06	7.272449e-06	1.230432e-08	5.422544e+01	8.076164e+02
1.890000e-06	7.306999e-06	1.232541e-08	5.448305e+01	8.090411e+02
1.900000e-06	7.339761e-06	1.234582e-08	5.472734e+01	8.103921e+02
1.910000e-06	7.370998e-06	1.236826e-08	5.496025e+01	8.116675e+02
1.920000e-06	7.400741e-06	1.239017e-08	5.518203e+01	8.128639e+02
1.930000e-06	7.429059e-06	1.240740e-08	5.539317e+01	8.139785e+02
1.940000e-06	7.455623e-06	1.242290e-08	5.559124e+01	8.150116e+02
1.950000e-06	7.480263e-06	1.244022e-08	5.577496e+01	8.159665e+02
1.960000e-06	7.503281e-06	1.245832e-08	5.594659e+01	8.168497e+02
1.970000e-06	7.524782e-06	1.247384e-08	5.610691e+01	8.176690e+02
1.980000e-06	7.544867e-06	1.248505e-08	5.625667e+01	8.184317e+02
1.990000e-06	7.563308e-06	1.249676e-08	5.639417e+01	8.191420e+02
2.000000e-06	7.579924e-06	1.251131e-08	5.651806e+01	8.198001e+02
2.010000e-06	7.594812e-06	1.252436e-08	5.662907e+01	8.204018e+02
2.020000e-06	7.607996e-06	1.253446e-08	5.672737e+01	8.209395e+02
2.030000e-06	7.619286e-06	1.254086e-08	5.681156e+01	8.214041e+02
2.040000e-06	7.628566e-06	1.254436e-08	5.688075e+01	8.217880e+02
2.050000e-06	7.636112e-06	1.254877e-08	5.693702e+01	8.220872e+02
2.060000e-06	7.642086e-06	1.255442e-08	5.698156e+01	8.223024e+02
2.070000e-06	7.646561e-06	1.255955e-08	5.701493e+01	8.224399e+02
2.080000e-06	7.649297e-06	1.256258e-08	5.703533e+01	8.225093e+02
2.090000e-06	7.650125e-06	1.256762e-08	5.704150e+01	8.225220e+02
2.100000e-06	7.649367e-06	1.257368e-08	5.703584e+01	8.224878e+02
2.110000e-06	7.647146e-06	1.257293e-08	5.701929e+01	8.224123e+02
2.120000e-06	7.643518e-06	1.256858e-08	5.699224e+01	8.222954e+02
2.130000e-06	7.638191e-06	1.256340e-08	5.695251e+01	8.221310e+02
2.140000e-06	7.630974e-06	1.255816e-08	5.689871e+01	8.219082e+02
2.150000e-06	7.622260e-06	1.255448e-08	5.683373e+01	8.216142e+02
2.160000e-06	7.612216e-06	1.255469e-08	5.675884e+01	8.212374e+02
2.170000e-06	7.600626e-06	1.257026e-08	5.667242e+01	8.207708e+02
2.180000e-06	7.587090e-06	1.253613e-08	5.657149e+01	8.202140e+02
2.190000e-06	7.571337e-06	1.248331e-08	5.645403e+01	8.195742e+02
2.200000e-06	7.553261e-06	1.248116e-08	5.631926e+01	8.188652e+02
2.210000e-06	7.533058e-06	1.248047e-08	5.616861e+01	8.181046e+02
2.220000e-06	7.511090e-06	1.253862e-08	5.600481e+01	8.173105e+02
2.230000e-06	7.488029e-06	1.248177e-08	5.583286e+01	8.164978e+02
2.240000e-06	7.464011e-06	1.238917e-08	5.565378e+01	8.156747e+02
2.250000e-06	7.438204e-06	1.248430e-08	5.546136e+01	8.148410e+02
2.260000e-06	7.410918e-06	1.242148e-08	5.525790e+01	8.139877e+02
2.270000e-06	7.382367e-06	1.235425e-08	5.504502e+01	8.130985e+02
2.280000e-06	7.351787e-06	1.246707e-08	5.481701e+01	8.121527e+02
2.290000e-06	7.319411e-06	1.238233e-08	5.457560e+01	8.111286e+02
2.300000e-06	7.285518e-06	1.232986e-08	5.432289e+01	8.100066e+02
2.310000e-06	7.250129e-06	1.241570e-08	5.405902e+01	8.087730e+02
2.320000e-06	7.213364e-06	1.231652e-08	5.378489e+01	8.074208e+02
2.330000e-06	7.174682e-06	1.229959e-08	5.349646e+01	8.059503e+02
2.340000e-06	7.134157e-06	1.227902e-08	5.319430e+01	8.043684e+02
2.350000e-06	7.092283e-06	1.219955e-08	5.288207e+01	8.026861e+02
2.360000e-06	7.048947e-06	1.227446e-08	5.255895e+01	8.009166e+02
2.370000e-06	7.004212e-06	1.218846e-08	5.222539e+01	7.990725e+02
2.380000e-06	6.957862e-06	1.214986e-08	5.187979e+01	7.971642e+02
2.390000e-06	6.909771e-06	1.216866e-08	5.152121e+01	7.951985e+02
2.400000e-06	6.860212e-06	1.207019e-08	5.115168e+01	7.931782e+02
2.410000e-06	6.809038e-06	1.209081e-08	5.077012e+01	7.911027e+02
2.420000e-06	6.756159e-06	1.202908e-08	5.037583e+01	7.889682e+02
2.430000e-06	6.701464e-06	1.198969e-08	4.996801e+01	7.867695e+02
2.440000e-06	6.645128e-06	1.198464e-08	4.954796e+01	7.845006e+02
2.450000e-06	6.587469e-06	1.192300e-08	4.911803e+01	7.821557e+02
2.460000e-06	6.528452e-06	1.193726e-08	4.867799e+01	7.797300e+02
2.470000e-06	6.468106e-06	1.183724e-08	4.822803e+01	7.772199e+02
2.480000e-06	6.406069e-06	1.180631e-08	4.776546e+01	7.746232e+02
2.490000e-06	6.342397e-06	1.178431e-08	4.729071e+01	7.719392e+02
2.500000e-06	6.277411e-06	1.171515e-08	4.680615e+01	7.691680e+02
2.510000e-06	6.211050e-06	1.171184e-08	4.631135e+01	7.663104e+02
2.520000e-06	6.143362e-06	1.162535e-08	4.580665e+01	7.633672e+02
2.530000e-06	6.074168e-06	1.160492e-08	4.529072e+01	7.603391e+02
2.540000e-06	6.003438e-06	1.155381e-08	4.476334e+01	7.572257e+02
2.550000e-06	5.931320e-06	1.149603e-08	4.422560e+01	7.540253e+02
2.560000e-06	5.857891e-06	1.145186e-08	4.367809e+01	7.507349e+02
2.570000e-06	5.783080e-06	1.137396e-08	4.312028e+01	7.473507e+02
2.580000e-06	5.706716e-06	1.135849e-08	4.255089e+01	7.438679e+02
2.590000e-06	5.628838e-06	1.129502e-08	4.197021e+01	7.402823e+02
2.600000e-06	5.549559e-06	1.124872e-08	4.137908e+01	7.365908e+02
2.610000e-06	5.469116e-06	1.117779e-08	4.077928e+01	7.327924e+02
2.620000e-06	5.387556e-06	1.111255e-08	4.017114e+01	7.288882e+02
2.630000e-06	5.304930e-06	1.106646e-08	3.955506e+01	7.248821e+02
2.640000e-06	5.221220e-06	1.099329e-08	3.893089e+01	7.207795e+02
2.650000e-06	5.136264e-06	1.093964e-08	3.829744e+01	7.165862e+02
2.660000e-06	5.050083e-06	1.086037e-08	3.765485e+01	7.123072e+02
2.670000e-06	4.962712e-06	1.080534e-08	3.700339e+01	7.079450e+02
2.680000e-06	4.874291e-06	1.073763e-08	3.634409e+01	7.034986e+02
2.690000e-06	4.784881e-06	1.066629e-08	3.567743e+01	6.989634e+02
2.700000e-06	4.694542e-06	1.058814e-08	3.500384e+01	6.943310e+02
2.710000e-06	4.603223e-06	1.050990e-08	3.432294e+01	6.895911e+02
2.720000e-06	4.510844e-06	1.044734e-08	3.363413e+01	6.847327e+02
2.730000e-06	4.417466e-06	1.037300e-08	3.293788e+01	6.797463e+02
2.740000e-06	4.323039e-06	1.030063e-08	3.223380e+01	6.746249e+02
2.750000e-06	4.227557e-06	1.021008e-08	3.152186e+01	6.693654e+02
2.760000e-06	4.131130e-06	1.012696e-08	3.080288e+01	6.639681e+02
2.770000e-06	4.033930e-06	1.004018e-08	3.007813e+01	6.584354e+02
2.780000e-06	3.935965e-06	9.954288e-09	2.934767e+01	6.527707e+02
2.790000e-06	3.837192e-06	9.864046e-09	2.861119e+01	6.469761e+02
2.800000e-06	3.737569e-06	9.774499e-09	2.786837e+01	6.410509e+02
2.810000e-06	3.637013e-06	9.687061e-09	2.711860e+01	6.349910e+02
2.820000e-06	3.535645e-06	9.593130e-09	2.636277e+01	6.287889e+02
2.830000e-06	3.433501e-06	9.495569e-09	2.560116e+01	6.224348e+02
2.840000e-06	3.330465e-06	9.387919e-09	2.483289e+01	6.159185e+02
2.850000e-06	3.226486e-06	9.282126e-09	2.405759e+01	6.092313e+02
2.860000e-06	3.121758e-06	9.175302e-09	2.327671e+01	6.023679e+02
2.870000e-06	3.016447e-06	9.072388e-09	2.249148e+01	5.953263e+02
2.880000e-06	2.910527e-06	8.962046e-09	2.170171e+01	5.881084e+02
2.890000e-06	2.804011e-06	8.850783e-09	2.090750e+01	5.807177e+02
2.900000e-06	2.696968e-06	8.737939e-09	2.010936e+01	5.731576e+02
2.910000e-06	2.589387e-06	8.622076e-09	1.930721e+01	5.654291e+02
2.920000e-06	2.481244e-06	8.498235e-09	1.850086e+01	5.575285e+02
2.930000e-06	2.372552e-06	8.366138e-09	1.769042e+01	5.494475e+02
2.940000e-06	2.263347e-06	8.235572e-09	1.687616e+01	5.411730e+02
2.950000e-06	2.153695e-06	8.108300e-09	1.605856e+01	5.326891e+02
2.960000e-06	2.043569e-06	7.983341e-09	1.523743e+01	5.239796e+02
2.970000e-06	1.932946e-06	7.847239e-09	1.441259e+01	5.150305e+02
2.980000e-06	1.821823e-06	7.704180e-09	1.358403e+01	5.058319e+02
2.990000e-06	1.710299e-06	7.559213e-09	1.275248e+01	4.963784e+02
3.000000e-06	1.598404e-06	7.415235e-09	1.191816e+01	4.866690e+02
3.010000e-06	1.486108e-06	7.265298e-09	1.108084e+01	4.767040e+02
3.020000e-06	1.373494e-06	7.105432e-09	1.024116e+01	4.664833e+02
3.030000e-06	1.260634e-06	6.942625e-09	9.399644e+00	4.560023e+02
3.040000e-06	1.147510e-06	6.781309e-09	8.556156e+00	4.452512e+02
3.050000e-06	1.034138e-06	6.618652e-09	7.710823e+00	4.342131e+02
3.060000e-06	9.205537e-07	6.445639e-09	6.863910e+00	4.228664e+02
3.070000e-06	8.067623e-07	6.263283e-09	6.015449e+00	4.111863e+02
3.080000e-06	6.927602e-07	6.079069e-09	5.165416e+00	3.991485e+02
3.090000e-06	5.785201e-07	5.893354e-09	4.313610e+00	3.867321e+02
3.100000e-06	4.640656e-07	5.699063e-09	3.460204e+00	3.739211e+02
3.110000e-06	3.494961e-07	5.493770e-09	2.605942e+00	3.607044e+02
3.120000e-06	2.348476e-07	5.283783e-09	1.751090e+00	3.470736e+02
3.130000e-06	1.200431e-07	5.073401e-09	8.950755e-01	3.330190e+02
3.140000e-06	5.167665e-09	4.856611e-09	3.853157e-02	3.185255e+02
3.150000e-06	-1.096842e-07	4.624661e-09	-8.178368e-01	3.035694e+02
3.160000e-06	-2.244961e-07	4.383047e-09	-1.673907e+00	2.881163e+02
3.170000e-06	-3.392044e-07	4.140007e-09	-2.529204e+00	2.721233e+02
3.180000e-06	-4.538091e-07	3.889971e-09	-3.383729e+00	2.555433e+02
3.190000e-06	-5.683105e-07	3.628073e-09	-4.237484e+00	2.383312e+02
3.200000e-06	-6.826361e-07	3.355788e-09	-5.089928e+00	2.204519e+02
3.210000e-06	-7.967799e-07	3.076565e-09	-5.941017e+00	2.018859e+02
3.220000e-06	-9.106997e-07	2.790087e-09	-6.790435e+00	1.826316e+02
3.230000e-06	-1.024367e-06	2.489799e-09	-7.637967e+00	1.627034e+02
3.240000e-06	-1.137749e-06	2.173267e-09	-8.483380e+00	1.421245e+02
3.250000e-06	-1.250758e-06	1.843266e-09	-9.326008e+00	1.209150e+02
3.260000e-06	-1.363427e-06	1.507406e-09	-1.016610e+01	9.907929e+01
3.270000e-06	-1.475711e-06	1.168353e-09	-1.100332e+01	7.659335e+01
3.280000e-06	-1.587577e-06	8.179011e-10	-1.183742e+01	5.339767e+01
3.290000e-06	-1.699075e-06	4.533712e-10	-1.266879e+01	2.939723e+01
3.300000e-06	-1.810180e-06	7.777047e-11	-1.349722e+01	4.470803e+00
3.310000e-06	-1.920821e-06	-3.119984e-10	-1.432219e+01	-2.151064e+01
3.320000e-06	-2.030921e-06	-7.244963e-10	-1.514312e+01	-4.865852e+01
3.330000e-06	-2.140471e-06	-1.162255e-09	-1.595996e+01	-7.703791e+01
3.340000e-06	-2.249529e-06	-1.617421e-09	-1.677313e+01	-1.066406e+02
3.350000e-06	-2.358170e-06	-2.083221e-09	-1.758318e+01	-1.373645e+02
3.360000e-06	-2.466391e-06	-2.559262e-09	-1.839011e+01	-1.690051e+02
3.370000e-06	-2.574083e-06	-3.045424e-09	-1.919309e+01	-2.012592e+02
3.380000e-06	-2.681247e-06	-3.539656e-09	-1.999214e+01	-2.337438e+02
3.390000e-06	-2.787916e-06	-4.035212e-09	-2.078749e+01	-2.660266e+02
3.400000e-06	-2.893999e-06	-4.522694e-09	-2.157847e+01	-2.976639e+02
3.410000e-06	-2.999494e-06	-4.994566e-09	-2.236508e+01	-3.282405e+02
3.420000e-06	-3.104381e-06	-5.445717e-09	-2.314714e+01	-3.574059e+02
3.430000e-06	-3.208547e-06	-5.870673e-09	-2.392383e+01	-3.849013e+02
3.440000e-06	-3.311987e-06	-6.265605e-09	-2.469511e+01	-4.105732e+02
3.450000e-06	-3.414654e-06	-6.629282e-09	-2.546063e+01	-4.343743e+02
3.460000e-06	-3.516535e-06	-6.965760e-09	-2.622028e+01	-4.563502e+02
3.470000e-06	-3.617642e-06	-7.279431e-09	-2.697416e+01	-4.766178e+02
3.480000e-06	-3.717908e-06	-7.571858e-09	-2.772178e+01	-4.953377e+02
3.490000e-06	-3.817290e-06	-7.842916e-09	-2.846280e+01	-5.126872e+02
3.500000e-06	-3.915806e-06	-8.090493e-09	-2.919736e+01	-5.288372e+02
3.510000e-06	-4.013504e-06	-8.321257e-09	-2.992582e+01	-5.439364e+02
3.520000e-06	-4.110406e-06	-8.539484e-09	-3.064835e+01	-5.581039e+02
3.530000e-06	-4.206518e-06	-8.744897e-09	-3.136499e+01	-5.714299e+02
3.540000e-06	-4.301766e-06	-8.936400e-09	-3.207519e+01	-5.839814e+02
3.550000e-06	-4.396045e-06	-9.118598e-09	-3.277816e+01	-5.958114e+02
3.560000e-06	-4.489253e-06	-9.292060e-09	-3.347314e+01	-6.069679e+02
3.570000e-06	-4.581382e-06	-9.457258e-09	-3.416008e+01	-6.174999e+02
3.580000e-06	-4.672418e-06	-9.611922e-09	-3.483888e+01	-6.274602e+02
3.590000e-06	-4.762377e-06	-9.751617e-09	-3.550963e+01	-6.369042e+02
3.600000e-06	-4.851338e-06	-9.882455e-09	-3.617295e+01	-6.458856e+02
3.610000e-06	-4.939329e-06	-1.001263e-08	-3.682904e+01	-6.544518e+02
3.620000e-06	-5.026216e-06	-1.014006e-08	-3.747689e+01	-6.626395e+02
3.630000e-06	-5.111842e-06	-1.025957e-08	-3.811534e+01	-6.704722e+02
3.640000e-06	-5.196253e-06	-1.037218e-08	-3.874473e+01	-6.779620e+02
3.650000e-06	-5.279523e-06	-1.048455e-08	-3.936562e+01	-6.851123e+02
3.660000e-06	-5.361639e-06	-1.059583e-08	-3.997790e+01	-6.919239e+02
3.670000e-06	-5.442646e-06	-1.069523e-08	-4.058191e+01	-6.984005e+02
3.680000e-06	-5.522536e-06	-1.078072e-08	-4.117759e+01	-7.045534e+02
3.690000e-06	-5.601191e-06	-1.086187e-08	-4.176406e+01	-7.104033e+02
3.700000e-06	-5.678426e-06	-1.094805e-08	-4.233995e+01	-7.159798e+02
3.710000e-06	-5.754201e-06	-1.103598e-08	-4.290495e+01	-7.213178e+02
3.720000e-06	-5.828608e-06	-1.111761e-08	-4.345976e+01	-7.264527e+02
3.730000e-06	-5.901715e-06	-1.119271e-08	-4.400486e+01	-7.314144e+02
3.740000e-06	-5.973628e-06	-1.126881e-08	-4.454106e+01	-7.362236e+02
3.750000e-06	-6.044206e-06	-1.134364e-08	-4.506731e+01	-7.408891e+02
3.760000e-06	-6.113303e-06	-1.141390e-08	-4.558252e+01	-7.454089e+02
3.770000e-06	-6.181017e-06	-1.147645e-08	-4.608741e+01	-7.497727e+02
3.780000e-06	-6.247411e-06	-1.153400e-08	-4.658246e+01	-7.539666e+02
3.790000e-06	-6.312512e-06	-1.159323e-08	-4.706788e+01	-7.579786e+02
3.800000e-06	-6.376423e-06	-1.165593e-08	-4.754442e+01	-7.618022e+02
3.810000e-06	-6.438922e-06	-1.171511e-08	-4.801043e+01	-7.654393e+02
3.820000e-06	-6.499726e-06	-1.176610e-08	-4.846380e+01	-7.688998e+02
3.830000e-06	-6.559016e-06	-1.181225e-08	-4.890588e+01	-7.721997e+02
3.840000e-06	-6.616967e-06	-1.185829e-08	-4.933798e+01	-7.753574e+02
3.850000e-06	-6.673572e-06	-1.190531e-08	-4.976005e+01	-7.783894e+02
3.860000e-06	-6.728708e-06	-1.194972e-08	-5.017115e+01	-7.813071e+02
3.870000e-06	-6.782102e-06	-1.198758e-08	-5.056927e+01	-7.841145e+02
3.880000e-06	-6.833705e-06	-1.202519e-08	-5.095404e+01	-7.868089e+02
3.890000e-06	-6.883614e-06	-1.206753e-08	-5.132617e+01	-7.893820e+02
3.900000e-06	-6.931704e-06	-1.210727e-08	-5.168475e+01	-7.918237e+02
3.910000e-06	-6.978102e-06	-1.213843e-08	-5.203070e+01	-7.941257e+02
3.920000e-06	-7.023025e-06	-1.216285e-08	-5.236567e+01	-7.962839e+02
3.930000e-06	-7.066517e-06	-1.218942e-08	-5.268995e+01	-7.983006e+02
3.940000e-06	-7.108647e-06	-1.221715e-08	-5.300409e+01	-8.001845e+02
3.950000e-06	-7.149453e-06	-1.224478e-08	-5.330835e+01	-8.019486e+02
3.960000e-06	-7.188840e-06	-1.227180e-08	-5.360203e+01	-8.036080e+02
3.970000e-06	-7.226491e-06	-1.229734e-08	-5.388277e+01	-8.051766e+02
3.980000e-06	-7.262372e-06	-1.232039e-08	-5.415030e+01	-8.066649e+02
3.990000e-06	-7.296749e-06	-1.233774e-08	-5.440663e+01	-8.080785e+02
4.000000e-06	-7.329655e-06	-1.235009e-08	-5.465198e+01	-8.094184e+02
4.010000e-06	-7.360972e-06	-1.236156e-08	-5.488549e+01	-8.106822e+02
4.020000e-06	-7.390469e-06	-1.237854e-08	-5.510543e+01	-8.118665e+02
4.030000e-06	-7.418255e-06	-1.239899e-08	-5.531261e+01	-8.129689e+02
4.040000e-06	-7.444554e-06	-1.241924e-08	-5.550871e+01	-8.139900e+02
4.050000e-06	-7.469346e-06	-1.243619e-08	-5.569356e+01	-8.149337e+02
4.060000e-06	-7.492526e-06	-1.244865e-08	-5.586640e+01	-8.158069e+02
4.070000e-06	-7.513844e-06	-1.245734e-08	-5.602535e+01	-8.166174e+02
4.080000e-06	-7.533463e-06	-1.246275e-08	-5.617164e+01	-8.173720e+02
4.090000e-06	-7.551616e-06	-1.246674e-08	-5.630699e+01	-8.180747e+02
4.100000e-06	-7.568232e-06	-1.247264e-08	-5.643088e+01	-8.187248e+02
4.110000e-06	-7.583066e-06	-1.248224e-08	-5.654149e+01	-8.193175e+02
4.120000e-06	-7.595863e-06	-1.249377e-08	-5.663690e+01	-8.198447e+02
4.130000e-06	-7.606826e-06	-1.250420e-08	-5.671865e+01	-8.202977e+02
4.140000e-06	-7.616187e-06	-1.251078e-08	-5.678845e+01	-8.206692e+02
4.150000e-06	-7.624001e-06	-1.251069e-08	-5.684671e+01	-8.209556e+02
4.160000e-06	-7.630056e-06	-1.250786e-08	-5.689186e+01	-8.211587e+02
4.170000e-06	-7.634280e-06	-1.250536e-08	-5.692335e+01	-8.212853e+02
4.180000e-06	-7.636917e-06	-1.250410e-08	-5.694302e+01	-8.213456e+02
4.190000e-06	-7.637987e-06	-1.250245e-08	-5.695100e+01	-8.213507e+02
