# Temperatura_=_47.9
# Concentracion g/m^3_=_18600.0
# C_Vs_to_Am_M_A/Vsm_=_65563218390.804596
# pendiente_HvsI_1/m_=_3716.3
# ordenada_HvsI_A/m_=_1297.0
# frecuencia_Hz_=_238272.64718545455

Tiempo_(s)	Campo_(V.s)	Magnetizacion_(V.s)	Campo_(kA/m)	Magnetizacion_(A/m)
0.000000e+00	-7.614630e-06	-1.160352e-08	-5.695108e+01	-7.620099e+02
1.000000e-08	-7.613149e-06	-1.160343e-08	-5.694000e+01	-7.619272e+02
2.000000e-08	-7.609939e-06	-1.160265e-08	-5.691599e+01	-7.618047e+02
3.000000e-08	-7.605141e-06	-1.160040e-08	-5.688011e+01	-7.616366e+02
4.000000e-08	-7.598865e-06	-1.159874e-08	-5.683316e+01	-7.614130e+02
5.000000e-08	-7.591186e-06	-1.159539e-08	-5.677573e+01	-7.611235e+02
6.000000e-08	-7.581936e-06	-1.158594e-08	-5.670655e+01	-7.607595e+02
7.000000e-08	-7.570766e-06	-1.157209e-08	-5.662301e+01	-7.603174e+02
8.000000e-08	-7.557659e-06	-1.155504e-08	-5.652498e+01	-7.597991e+02
9.000000e-08	-7.542415e-06	-1.155354e-08	-5.641097e+01	-7.592127e+02
1.000000e-07	-7.524835e-06	-1.156596e-08	-5.627948e+01	-7.585701e+02
1.100000e-07	-7.505369e-06	-1.156382e-08	-5.613389e+01	-7.578850e+02
1.200000e-07	-7.484492e-06	-1.154384e-08	-5.597775e+01	-7.571695e+02
1.300000e-07	-7.462370e-06	-1.151642e-08	-5.581230e+01	-7.564313e+02
1.400000e-07	-7.439046e-06	-1.151168e-08	-5.563786e+01	-7.556724e+02
1.500000e-07	-7.414166e-06	-1.151655e-08	-5.545177e+01	-7.548881e+02
1.600000e-07	-7.387446e-06	-1.147203e-08	-5.525193e+01	-7.540681e+02
1.700000e-07	-7.359179e-06	-1.144771e-08	-5.504052e+01	-7.531987e+02
1.800000e-07	-7.329301e-06	-1.145718e-08	-5.481706e+01	-7.522651e+02
1.900000e-07	-7.297869e-06	-1.142561e-08	-5.458197e+01	-7.512539e+02
2.000000e-07	-7.265150e-06	-1.141666e-08	-5.433726e+01	-7.501550e+02
2.100000e-07	-7.230695e-06	-1.141323e-08	-5.407956e+01	-7.489630e+02
2.200000e-07	-7.194434e-06	-1.136059e-08	-5.380836e+01	-7.476768e+02
2.300000e-07	-7.156584e-06	-1.134255e-08	-5.352528e+01	-7.462988e+02
2.400000e-07	-7.117193e-06	-1.133885e-08	-5.323066e+01	-7.448340e+02
2.500000e-07	-7.076324e-06	-1.131342e-08	-5.292500e+01	-7.432881e+02
2.600000e-07	-7.033691e-06	-1.129825e-08	-5.260614e+01	-7.416668e+02
2.700000e-07	-6.989309e-06	-1.125769e-08	-5.227420e+01	-7.399746e+02
2.800000e-07	-6.943374e-06	-1.123525e-08	-5.193064e+01	-7.382149e+02
2.900000e-07	-6.895909e-06	-1.122423e-08	-5.157565e+01	-7.363902e+02
3.000000e-07	-6.846818e-06	-1.118272e-08	-5.120849e+01	-7.345020e+02
3.100000e-07	-6.795766e-06	-1.115062e-08	-5.082666e+01	-7.325515e+02
3.200000e-07	-6.742887e-06	-1.112127e-08	-5.043117e+01	-7.305393e+02
3.300000e-07	-6.688531e-06	-1.109908e-08	-5.002463e+01	-7.284654e+02
3.400000e-07	-6.632802e-06	-1.107285e-08	-4.960782e+01	-7.263286e+02
3.500000e-07	-6.575620e-06	-1.103512e-08	-4.918015e+01	-7.241262e+02
3.600000e-07	-6.516787e-06	-1.099065e-08	-4.874012e+01	-7.218544e+02
3.700000e-07	-6.456453e-06	-1.094508e-08	-4.828888e+01	-7.195079e+02
3.800000e-07	-6.394793e-06	-1.092873e-08	-4.782771e+01	-7.170811e+02
3.900000e-07	-6.331796e-06	-1.089917e-08	-4.735655e+01	-7.145688e+02
4.000000e-07	-6.267453e-06	-1.085218e-08	-4.687532e+01	-7.119671e+02
4.100000e-07	-6.201614e-06	-1.081259e-08	-4.638290e+01	-7.092741e+02
4.200000e-07	-6.134204e-06	-1.077012e-08	-4.587873e+01	-7.064901e+02
4.300000e-07	-6.065388e-06	-1.073412e-08	-4.536404e+01	-7.036169e+02
4.400000e-07	-5.995226e-06	-1.068641e-08	-4.483929e+01	-7.006572e+02
4.500000e-07	-5.923771e-06	-1.063247e-08	-4.430486e+01	-6.976132e+02
4.600000e-07	-5.851043e-06	-1.058336e-08	-4.376092e+01	-6.944857e+02
4.700000e-07	-5.776887e-06	-1.054277e-08	-4.320629e+01	-6.912733e+02
4.800000e-07	-5.701215e-06	-1.050177e-08	-4.264033e+01	-6.879725e+02
4.900000e-07	-5.624017e-06	-1.044308e-08	-4.206296e+01	-6.845787e+02
5.000000e-07	-5.545365e-06	-1.038368e-08	-4.147470e+01	-6.810872e+02
5.100000e-07	-5.465340e-06	-1.032699e-08	-4.087618e+01	-6.774946e+02
5.200000e-07	-5.384037e-06	-1.027743e-08	-4.026810e+01	-6.738004e+02
5.300000e-07	-5.301600e-06	-1.022255e-08	-3.965154e+01	-6.700074e+02
5.400000e-07	-5.218091e-06	-1.015775e-08	-3.902696e+01	-6.661212e+02
5.500000e-07	-5.133546e-06	-1.009643e-08	-3.839464e+01	-6.621492e+02
5.600000e-07	-5.048038e-06	-1.003898e-08	-3.775511e+01	-6.580981e+02
5.700000e-07	-4.961545e-06	-9.983171e-09	-3.710821e+01	-6.539729e+02
5.800000e-07	-4.874083e-06	-9.917176e-09	-3.645407e+01	-6.497738e+02
5.900000e-07	-4.785543e-06	-9.845098e-09	-3.579187e+01	-6.454963e+02
6.000000e-07	-4.695871e-06	-9.774664e-09	-3.512119e+01	-6.411312e+02
6.100000e-07	-4.605133e-06	-9.709053e-09	-3.444255e+01	-6.366660e+02
6.200000e-07	-4.513330e-06	-9.643040e-09	-3.375594e+01	-6.320870e+02
6.300000e-07	-4.420562e-06	-9.569827e-09	-3.306211e+01	-6.273824e+02
6.400000e-07	-4.326879e-06	-9.494711e-09	-3.236144e+01	-6.225441e+02
6.500000e-07	-4.232270e-06	-9.420355e-09	-3.165385e+01	-6.175692e+02
6.600000e-07	-4.136818e-06	-9.345794e-09	-3.093995e+01	-6.124599e+02
6.700000e-07	-4.040476e-06	-9.260298e-09	-3.021939e+01	-6.072221e+02
6.800000e-07	-3.943118e-06	-9.167301e-09	-2.949123e+01	-6.018634e+02
6.900000e-07	-3.844832e-06	-9.083121e-09	-2.875613e+01	-5.963900e+02
7.000000e-07	-3.745649e-06	-9.007733e-09	-2.801433e+01	-5.908043e+02
7.100000e-07	-3.645476e-06	-8.927025e-09	-2.726512e+01	-5.851041e+02
7.200000e-07	-3.544459e-06	-8.831146e-09	-2.650959e+01	-5.792819e+02
7.300000e-07	-3.442775e-06	-8.731500e-09	-2.574908e+01	-5.733264e+02
7.400000e-07	-3.340343e-06	-8.638752e-09	-2.498298e+01	-5.672250e+02
7.500000e-07	-3.237165e-06	-8.549942e-09	-2.421129e+01	-5.609667e+02
7.600000e-07	-3.133268e-06	-8.453328e-09	-2.343423e+01	-5.545437e+02
7.700000e-07	-3.028601e-06	-8.347594e-09	-2.265141e+01	-5.479536e+02
7.800000e-07	-2.923283e-06	-8.243642e-09	-2.186371e+01	-5.411984e+02
7.900000e-07	-2.817355e-06	-8.144707e-09	-2.107147e+01	-5.342832e+02
8.000000e-07	-2.710704e-06	-8.040981e-09	-2.027380e+01	-5.272136e+02
8.100000e-07	-2.603251e-06	-7.923388e-09	-1.947015e+01	-5.199925e+02
8.200000e-07	-2.495151e-06	-7.799658e-09	-1.866165e+01	-5.126177e+02
8.300000e-07	-2.386519e-06	-7.682347e-09	-1.784917e+01	-5.050809e+02
8.400000e-07	-2.277414e-06	-7.573318e-09	-1.703315e+01	-4.973678e+02
8.500000e-07	-2.167897e-06	-7.457567e-09	-1.621406e+01	-4.894601e+02
8.600000e-07	-2.057934e-06	-7.330240e-09	-1.539163e+01	-4.813387e+02
8.700000e-07	-1.947556e-06	-7.197288e-09	-1.456609e+01	-4.729866e+02
8.800000e-07	-1.836820e-06	-7.067320e-09	-1.373788e+01	-4.643918e+02
8.900000e-07	-1.725694e-06	-6.936154e-09	-1.290675e+01	-4.555483e+02
9.000000e-07	-1.614148e-06	-6.792900e-09	-1.207248e+01	-4.464556e+02
9.100000e-07	-1.502257e-06	-6.643171e-09	-1.123562e+01	-4.371163e+02
9.200000e-07	-1.390019e-06	-6.495624e-09	-1.039618e+01	-4.275331e+02
9.300000e-07	-1.277440e-06	-6.352482e-09	-9.554187e+00	-4.177054e+02
9.400000e-07	-1.164552e-06	-6.204904e-09	-8.709877e+00	-4.076264e+02
9.500000e-07	-1.051390e-06	-6.045897e-09	-7.863523e+00	-3.972819e+02
9.600000e-07	-9.380659e-07	-5.877984e-09	-7.015950e+00	-3.866515e+02
9.700000e-07	-8.245901e-07	-5.709123e-09	-6.167246e+00	-3.757108e+02
9.800000e-07	-7.108715e-07	-5.538838e-09	-5.316725e+00	-3.644347e+02
9.900000e-07	-5.969551e-07	-5.362044e-09	-4.464726e+00	-3.528007e+02
1.000000e-06	-4.829538e-07	-5.175160e-09	-3.612092e+00	-3.407911e+02
1.010000e-06	-3.689129e-07	-4.983900e-09	-2.759161e+00	-3.283930e+02
1.020000e-06	-2.548284e-07	-4.794442e-09	-1.905903e+00	-3.155967e+02
1.030000e-06	-1.406642e-07	-4.603687e-09	-1.052051e+00	-3.023922e+02
1.040000e-06	-2.643217e-08	-4.401686e-09	-1.976905e-01	-2.887650e+02
1.050000e-06	8.777352e-08	-4.184157e-09	6.564726e-01	-2.746929e+02
1.060000e-06	2.019620e-07	-3.955929e-09	1.510507e+00	-2.601443e+02
1.070000e-06	3.161488e-07	-3.721253e-09	2.364529e+00	-2.450803e+02
1.080000e-06	4.302566e-07	-3.482001e-09	3.217960e+00	-2.294580e+02
1.090000e-06	5.442654e-07	-3.231648e-09	4.070651e+00	-2.132372e+02
1.100000e-06	6.581785e-07	-2.972070e-09	4.922626e+00	-1.963868e+02
1.110000e-06	7.719747e-07	-2.709778e-09	5.773726e+00	-1.788899e+02
1.120000e-06	8.855797e-07	-2.444390e-09	6.623397e+00	-1.607451e+02
1.130000e-06	9.989872e-07	-2.166380e-09	7.471590e+00	-1.419636e+02
1.140000e-06	1.112230e-06	-1.867574e-09	8.318548e+00	-1.225620e+02
1.150000e-06	1.225190e-06	-1.551462e-09	9.163401e+00	-1.025504e+02
1.160000e-06	1.337793e-06	-1.229419e-09	1.000558e+01	-8.192157e+01
1.170000e-06	1.450052e-06	-9.059763e-10	1.084518e+01	-6.063980e+01
1.180000e-06	1.561974e-06	-5.750688e-10	1.168226e+01	-3.863706e+01
1.190000e-06	1.673539e-06	-2.297230e-10	1.251668e+01	-1.581581e+01
1.200000e-06	1.784773e-06	1.316041e-10	1.334861e+01	7.938993e+00
1.210000e-06	1.895572e-06	5.099679e-10	1.417729e+01	3.273970e+01
1.220000e-06	2.005829e-06	9.074194e-10	1.500193e+01	5.867038e+01
1.230000e-06	2.115670e-06	1.324501e-09	1.582344e+01	8.575970e+01
1.240000e-06	2.225170e-06	1.759835e-09	1.664241e+01	1.139575e+02
1.250000e-06	2.334318e-06	2.205860e-09	1.745875e+01	1.431197e+02
1.260000e-06	2.442986e-06	2.659050e-09	1.827150e+01	1.730050e+02
1.270000e-06	2.551081e-06	3.117110e-09	1.907996e+01	2.032851e+02
1.280000e-06	2.658504e-06	3.577888e-09	1.988339e+01	2.335687e+02
1.290000e-06	2.765154e-06	4.035914e-09	2.068105e+01	2.634341e+02
1.300000e-06	2.871152e-06	4.480634e-09	2.147382e+01	2.924680e+02
1.310000e-06	2.976582e-06	4.905184e-09	2.226235e+01	3.203028e+02
1.320000e-06	3.081371e-06	5.304482e-09	2.304608e+01	3.466478e+02
1.330000e-06	3.185448e-06	5.674766e-09	2.382449e+01	3.713097e+02
1.340000e-06	3.288716e-06	6.014530e-09	2.459685e+01	3.941989e+02
1.350000e-06	3.391186e-06	6.327616e-09	2.536324e+01	4.153239e+02
1.360000e-06	3.492996e-06	6.620033e-09	2.612470e+01	4.347729e+02
1.370000e-06	3.594162e-06	6.893720e-09	2.688133e+01	4.526890e+02
1.380000e-06	3.694573e-06	7.148488e-09	2.763232e+01	4.692431e+02
1.390000e-06	3.794095e-06	7.385871e-09	2.837666e+01	4.846085e+02
1.400000e-06	3.892632e-06	7.607131e-09	2.911364e+01	4.989418e+02
1.410000e-06	3.990266e-06	7.811878e-09	2.984386e+01	5.123719e+02
1.420000e-06	4.087084e-06	8.000812e-09	3.056797e+01	5.249969e+02
1.430000e-06	4.182946e-06	8.175258e-09	3.128494e+01	5.368884e+02
1.440000e-06	4.277772e-06	8.338854e-09	3.199417e+01	5.480991e+02
1.450000e-06	4.371709e-06	8.495945e-09	3.269673e+01	5.586727e+02
1.460000e-06	4.464843e-06	8.648334e-09	3.339330e+01	5.686515e+02
1.470000e-06	4.557052e-06	8.795063e-09	3.408294e+01	5.780808e+02
1.480000e-06	4.648134e-06	8.933766e-09	3.476416e+01	5.870096e+02
1.490000e-06	4.738048e-06	9.067098e-09	3.543664e+01	5.954882e+02
1.500000e-06	4.826882e-06	9.197924e-09	3.610105e+01	6.035634e+02
1.510000e-06	4.914631e-06	9.319814e-09	3.675734e+01	6.112738e+02
1.520000e-06	5.001298e-06	9.428146e-09	3.740554e+01	6.186471e+02
1.530000e-06	5.086913e-06	9.528011e-09	3.804586e+01	6.256998e+02
1.540000e-06	5.171544e-06	9.626821e-09	3.867883e+01	6.324393e+02
1.550000e-06	5.255148e-06	9.725162e-09	3.930412e+01	6.388688e+02
1.560000e-06	5.337577e-06	9.820706e-09	3.992062e+01	6.449926e+02
1.570000e-06	5.418814e-06	9.910767e-09	4.052821e+01	6.508208e+02
1.580000e-06	5.498733e-06	9.997195e-09	4.112593e+01	6.563717e+02
1.590000e-06	5.577386e-06	1.008091e-08	4.171419e+01	6.616719e+02
1.600000e-06	5.654872e-06	1.015745e-08	4.229373e+01	6.667535e+02
1.610000e-06	5.730991e-06	1.022714e-08	4.286303e+01	6.716489e+02
1.620000e-06	5.805662e-06	1.029287e-08	4.342150e+01	6.763861e+02
1.630000e-06	5.878986e-06	1.036014e-08	4.396991e+01	6.809834e+02
1.640000e-06	5.950975e-06	1.042941e-08	4.450833e+01	6.854478e+02
1.650000e-06	6.021553e-06	1.049700e-08	4.503619e+01	6.897746e+02
1.660000e-06	6.090853e-06	1.056096e-08	4.555450e+01	6.939506e+02
1.670000e-06	6.158942e-06	1.062152e-08	4.606375e+01	6.979586e+02
1.680000e-06	6.225668e-06	1.067802e-08	4.656280e+01	7.017834e+02
1.690000e-06	6.290870e-06	1.073039e-08	4.705046e+01	7.054163e+02
1.700000e-06	6.354590e-06	1.078053e-08	4.752703e+01	7.088575e+02
1.710000e-06	6.416986e-06	1.082986e-08	4.799370e+01	7.121176e+02
1.720000e-06	6.478168e-06	1.087941e-08	4.845129e+01	7.152142e+02
1.730000e-06	6.538092e-06	1.092825e-08	4.889947e+01	7.181691e+02
1.740000e-06	6.596500e-06	1.097387e-08	4.933632e+01	7.210030e+02
1.750000e-06	6.653269e-06	1.101614e-08	4.976090e+01	7.237315e+02
1.760000e-06	6.708525e-06	1.105775e-08	5.017417e+01	7.263624e+02
1.770000e-06	6.762314e-06	1.109733e-08	5.057646e+01	7.288955e+02
1.780000e-06	6.814461e-06	1.113309e-08	5.096648e+01	7.313240e+02
1.790000e-06	6.864828e-06	1.116544e-08	5.134318e+01	7.336380e+02
1.800000e-06	6.913396e-06	1.119756e-08	5.170643e+01	7.358284e+02
1.810000e-06	6.960375e-06	1.123076e-08	5.205780e+01	7.378902e+02
1.820000e-06	7.005950e-06	1.126130e-08	5.239866e+01	7.398250e+02
1.830000e-06	7.050072e-06	1.128951e-08	5.272865e+01	7.416409e+02
1.840000e-06	7.092537e-06	1.131848e-08	5.304626e+01	7.433511e+02
1.850000e-06	7.133249e-06	1.134885e-08	5.335075e+01	7.449708e+02
1.860000e-06	7.172386e-06	1.137872e-08	5.364346e+01	7.465141e+02
1.870000e-06	7.210064e-06	1.140160e-08	5.392526e+01	7.479906e+02
1.880000e-06	7.246311e-06	1.141950e-08	5.419636e+01	7.494040e+02
1.890000e-06	7.280959e-06	1.143748e-08	5.445550e+01	7.507524e+02
1.900000e-06	7.313860e-06	1.145769e-08	5.470157e+01	7.520295e+02
1.910000e-06	7.345155e-06	1.147722e-08	5.493562e+01	7.532273e+02
1.920000e-06	7.374954e-06	1.149500e-08	5.515850e+01	7.543398e+02
1.930000e-06	7.403285e-06	1.151330e-08	5.537039e+01	7.553649e+02
1.940000e-06	7.429905e-06	1.153106e-08	5.556949e+01	7.563058e+02
1.950000e-06	7.454644e-06	1.154768e-08	5.575451e+01	7.571706e+02
1.960000e-06	7.477737e-06	1.155919e-08	5.592723e+01	7.579705e+02
1.970000e-06	7.499334e-06	1.156897e-08	5.608876e+01	7.587169e+02
1.980000e-06	7.519434e-06	1.158171e-08	5.623909e+01	7.594185e+02
1.990000e-06	7.537943e-06	1.159680e-08	5.637752e+01	7.600790e+02
2.000000e-06	7.554754e-06	1.160919e-08	5.650325e+01	7.606963e+02
2.010000e-06	7.569816e-06	1.161695e-08	5.661591e+01	7.612627e+02
2.020000e-06	7.583120e-06	1.162387e-08	5.671541e+01	7.617676e+02
2.030000e-06	7.594550e-06	1.163012e-08	5.680089e+01	7.621996e+02
2.040000e-06	7.604070e-06	1.163508e-08	5.687209e+01	7.625503e+02
2.050000e-06	7.611863e-06	1.164034e-08	5.693038e+01	7.628162e+02
2.060000e-06	7.617982e-06	1.164561e-08	5.697615e+01	7.629996e+02
2.070000e-06	7.622579e-06	1.165182e-08	5.701053e+01	7.631084e+02
2.080000e-06	7.625570e-06	1.165725e-08	5.703290e+01	7.631536e+02
2.090000e-06	7.626720e-06	1.165929e-08	5.704150e+01	7.631468e+02
2.100000e-06	7.626220e-06	1.165856e-08	5.703776e+01	7.630969e+02
2.110000e-06	7.624183e-06	1.165602e-08	5.702253e+01	7.630083e+02
2.120000e-06	7.620714e-06	1.165456e-08	5.699658e+01	7.628794e+02
2.130000e-06	7.615643e-06	1.165278e-08	5.695865e+01	7.627036e+02
2.140000e-06	7.608769e-06	1.164950e-08	5.690724e+01	7.624707e+02
2.150000e-06	7.600329e-06	1.164574e-08	5.684411e+01	7.621703e+02
2.160000e-06	7.590436e-06	1.164232e-08	5.677012e+01	7.617947e+02
2.170000e-06	7.578995e-06	1.164496e-08	5.668455e+01	7.613408e+02
2.180000e-06	7.565756e-06	1.163587e-08	5.658554e+01	7.608116e+02
2.190000e-06	7.550392e-06	1.160217e-08	5.647063e+01	7.602158e+02
2.200000e-06	7.532659e-06	1.158654e-08	5.633800e+01	7.595659e+02
2.210000e-06	7.512687e-06	1.159036e-08	5.618863e+01	7.588755e+02
2.220000e-06	7.490950e-06	1.160830e-08	5.602606e+01	7.581562e+02
2.230000e-06	7.468161e-06	1.158808e-08	5.585561e+01	7.574149e+02
2.240000e-06	7.444419e-06	1.153126e-08	5.567804e+01	7.566525e+02
2.250000e-06	7.418940e-06	1.154301e-08	5.548748e+01	7.558635e+02
2.260000e-06	7.391910e-06	1.153950e-08	5.528532e+01	7.550370e+02
2.270000e-06	7.363605e-06	1.150198e-08	5.507362e+01	7.541589e+02
2.280000e-06	7.333338e-06	1.153258e-08	5.484725e+01	7.532143e+02
2.290000e-06	7.301291e-06	1.151422e-08	5.460756e+01	7.521904e+02
2.300000e-06	7.267746e-06	1.146265e-08	5.435667e+01	7.510777e+02
2.310000e-06	7.232626e-06	1.149733e-08	5.409401e+01	7.498715e+02
2.320000e-06	7.196128e-06	1.145813e-08	5.382103e+01	7.485712e+02
2.330000e-06	7.157916e-06	1.140107e-08	5.353524e+01	7.471797e+02
2.340000e-06	7.117874e-06	1.138826e-08	5.323575e+01	7.457023e+02
2.350000e-06	7.076321e-06	1.133243e-08	5.292497e+01	7.441448e+02
2.360000e-06	7.033288e-06	1.134891e-08	5.260312e+01	7.425125e+02
2.370000e-06	6.988846e-06	1.132715e-08	5.227074e+01	7.408099e+02
2.380000e-06	6.942875e-06	1.127611e-08	5.192691e+01	7.390402e+02
2.390000e-06	6.895166e-06	1.128149e-08	5.157008e+01	7.372058e+02
2.400000e-06	6.845866e-06	1.122427e-08	5.120136e+01	7.353081e+02
2.410000e-06	6.795037e-06	1.120504e-08	5.082121e+01	7.333483e+02
2.420000e-06	6.742593e-06	1.116183e-08	5.042897e+01	7.313268e+02
2.430000e-06	6.688331e-06	1.110546e-08	5.002313e+01	7.292435e+02
2.440000e-06	6.632366e-06	1.110431e-08	4.960456e+01	7.270970e+02
2.450000e-06	6.575043e-06	1.106038e-08	4.917584e+01	7.248844e+02
2.460000e-06	6.516316e-06	1.105180e-08	4.873660e+01	7.226017e+02
2.470000e-06	6.456146e-06	1.099641e-08	4.828658e+01	7.202434e+02
2.480000e-06	6.394364e-06	1.094553e-08	4.782451e+01	7.178040e+02
2.490000e-06	6.331047e-06	1.092651e-08	4.735094e+01	7.152784e+02
2.500000e-06	6.266395e-06	1.086299e-08	4.686740e+01	7.126630e+02
2.510000e-06	6.200351e-06	1.084078e-08	4.637345e+01	7.099563e+02
2.520000e-06	6.133008e-06	1.077950e-08	4.586978e+01	7.071586e+02
2.530000e-06	6.064220e-06	1.074382e-08	4.535530e+01	7.042722e+02
2.540000e-06	5.993887e-06	1.071041e-08	4.482927e+01	7.012997e+02
2.550000e-06	5.922142e-06	1.065164e-08	4.429268e+01	6.982431e+02
2.560000e-06	5.849098e-06	1.060895e-08	4.374637e+01	6.951029e+02
2.570000e-06	5.774687e-06	1.053942e-08	4.318984e+01	6.918775e+02
2.580000e-06	5.698743e-06	1.050914e-08	4.262184e+01	6.885630e+02
2.590000e-06	5.621333e-06	1.045588e-08	4.204288e+01	6.851547e+02
2.600000e-06	5.542501e-06	1.040393e-08	4.145328e+01	6.816481e+02
2.610000e-06	5.462410e-06	1.034498e-08	4.085427e+01	6.780401e+02
2.620000e-06	5.381221e-06	1.028066e-08	4.024704e+01	6.743308e+02
2.630000e-06	5.298948e-06	1.023700e-08	3.963171e+01	6.705234e+02
2.640000e-06	5.215619e-06	1.017217e-08	3.900848e+01	6.666238e+02
2.650000e-06	5.131085e-06	1.011496e-08	3.837623e+01	6.626394e+02
2.660000e-06	5.045318e-06	1.004324e-08	3.773477e+01	6.585769e+02
2.670000e-06	4.958327e-06	9.986803e-09	3.708414e+01	6.544406e+02
2.680000e-06	4.870188e-06	9.925833e-09	3.642494e+01	6.502301e+02
2.690000e-06	4.781084e-06	9.856401e-09	3.575852e+01	6.459401e+02
2.700000e-06	4.691074e-06	9.784509e-09	3.508532e+01	6.415608e+02
2.710000e-06	4.600108e-06	9.710149e-09	3.440497e+01	6.370792e+02
2.720000e-06	4.508175e-06	9.648284e-09	3.371739e+01	6.324820e+02
2.730000e-06	4.415280e-06	9.578754e-09	3.302261e+01	6.277577e+02
2.740000e-06	4.321322e-06	9.506427e-09	3.231988e+01	6.228989e+02
2.750000e-06	4.226306e-06	9.422897e-09	3.160924e+01	6.179035e+02
2.760000e-06	4.130276e-06	9.347340e-09	3.089102e+01	6.127744e+02
2.770000e-06	4.033399e-06	9.272326e-09	3.016646e+01	6.075180e+02
2.780000e-06	3.935719e-06	9.192236e-09	2.943590e+01	6.021416e+02
2.790000e-06	3.837191e-06	9.102979e-09	2.869899e+01	5.966512e+02
2.800000e-06	3.737848e-06	9.012590e-09	2.795598e+01	5.910486e+02
2.810000e-06	3.637666e-06	8.931156e-09	2.720670e+01	5.853307e+02
2.820000e-06	3.536651e-06	8.845415e-09	2.645120e+01	5.794891e+02
2.830000e-06	3.434861e-06	8.753670e-09	2.568989e+01	5.735124e+02
2.840000e-06	3.332285e-06	8.653044e-09	2.492271e+01	5.673881e+02
2.850000e-06	3.228829e-06	8.555252e-09	2.414894e+01	5.611054e+02
2.860000e-06	3.124550e-06	8.458569e-09	2.336902e+01	5.546573e+02
2.870000e-06	3.019579e-06	8.360194e-09	2.258393e+01	5.480421e+02
2.880000e-06	2.913985e-06	8.253514e-09	2.179417e+01	5.412625e+02
2.890000e-06	2.807787e-06	8.147100e-09	2.099990e+01	5.343238e+02
2.900000e-06	2.700975e-06	8.042226e-09	2.020104e+01	5.272313e+02
2.910000e-06	2.593578e-06	7.935384e-09	1.939780e+01	5.199873e+02
2.920000e-06	2.485681e-06	7.821480e-09	1.859082e+01	5.125889e+02
2.930000e-06	2.377298e-06	7.698209e-09	1.778020e+01	5.050266e+02
2.940000e-06	2.268410e-06	7.577370e-09	1.696582e+01	4.972854e+02
2.950000e-06	2.159079e-06	7.458674e-09	1.614811e+01	4.893468e+02
2.960000e-06	2.049371e-06	7.342487e-09	1.532758e+01	4.811917e+02
2.970000e-06	1.939208e-06	7.217419e-09	1.450366e+01	4.728038e+02
2.980000e-06	1.828543e-06	7.082754e-09	1.367598e+01	4.641718e+02
2.990000e-06	1.717460e-06	6.943631e-09	1.284517e+01	4.552908e+02
3.000000e-06	1.605992e-06	6.802303e-09	1.201148e+01	4.461607e+02
3.010000e-06	1.494135e-06	6.658028e-09	1.117488e+01	4.367847e+02
3.020000e-06	1.381892e-06	6.509032e-09	1.033540e+01	4.271650e+02
3.030000e-06	1.269392e-06	6.357058e-09	9.493991e+00	4.173001e+02
3.040000e-06	1.156743e-06	6.206849e-09	8.651474e+00	4.071822e+02
3.050000e-06	1.043871e-06	6.057653e-09	7.807282e+00	3.967962e+02
3.060000e-06	9.307131e-07	5.898479e-09	6.960957e+00	3.861208e+02
3.070000e-06	8.172817e-07	5.725910e-09	6.112585e+00	3.751313e+02
3.080000e-06	7.036635e-07	5.545569e-09	5.262816e+00	3.638028e+02
3.090000e-06	5.898277e-07	5.364615e-09	4.411419e+00	3.521134e+02
3.100000e-06	4.756940e-07	5.180834e-09	3.557794e+00	3.400461e+02
3.110000e-06	3.614011e-07	4.992127e-09	2.702979e+00	3.275888e+02
3.120000e-06	2.470683e-07	4.796715e-09	1.847864e+00	3.147319e+02
3.130000e-06	1.326662e-07	4.595246e-09	9.922327e-01	3.014650e+02
3.140000e-06	1.818023e-08	4.389832e-09	1.359729e-01	2.877727e+02
3.150000e-06	-9.631778e-08	4.174760e-09	-7.203766e-01	2.736312e+02
3.160000e-06	-2.108042e-07	3.949089e-09	-1.576639e+00	2.590079e+02
3.170000e-06	-3.252147e-07	3.715199e-09	-2.432335e+00	2.438628e+02
3.180000e-06	-4.394927e-07	3.474510e-09	-3.287039e+00	2.281530e+02
3.190000e-06	-5.536039e-07	3.229025e-09	-4.140495e+00	2.118394e+02
3.200000e-06	-6.675205e-07	2.973646e-09	-4.992496e+00	1.948927e+02
3.210000e-06	-7.812817e-07	2.705762e-09	-5.843335e+00	1.772983e+02
3.220000e-06	-8.948491e-07	2.426949e-09	-6.692725e+00	1.590569e+02
3.230000e-06	-1.008048e-06	2.140305e-09	-7.539358e+00	1.401813e+02
3.240000e-06	-1.120881e-06	1.845664e-09	-8.383252e+00	1.206877e+02
3.250000e-06	-1.233460e-06	1.540594e-09	-9.225254e+00	1.005846e+02
3.260000e-06	-1.345748e-06	1.225632e-09	-1.006507e+01	7.986078e+01
3.270000e-06	-1.457681e-06	9.002233e-10	-1.090224e+01	5.847594e+01
3.280000e-06	-1.569233e-06	5.632613e-10	-1.173655e+01	3.635718e+01
3.290000e-06	-1.680401e-06	2.127842e-10	-1.256800e+01	1.340335e+01
3.300000e-06	-1.791190e-06	-1.516738e-10	-1.339661e+01	-1.050164e+01
3.310000e-06	-1.901576e-06	-5.309462e-10	-1.422220e+01	-3.546761e+01
3.320000e-06	-2.011438e-06	-9.259022e-10	-1.504388e+01	-6.157201e+01
3.330000e-06	-2.120754e-06	-1.337293e-09	-1.586147e+01	-8.883306e+01
3.340000e-06	-2.229635e-06	-1.764175e-09	-1.667581e+01	-1.171872e+02
3.350000e-06	-2.338134e-06	-2.207837e-09	-1.748729e+01	-1.464756e+02
3.360000e-06	-2.446175e-06	-2.667225e-09	-1.829535e+01	-1.764430e+02
3.370000e-06	-2.553666e-06	-3.133227e-09	-1.909929e+01	-2.067498e+02
3.380000e-06	-2.660618e-06	-3.595727e-09	-1.989920e+01	-2.369979e+02
3.390000e-06	-2.767052e-06	-4.051835e-09	-2.069524e+01	-2.667643e+02
3.400000e-06	-2.872937e-06	-4.497970e-09	-2.148717e+01	-2.956402e+02
3.410000e-06	-2.978230e-06	-4.924608e-09	-2.227468e+01	-3.232679e+02
3.420000e-06	-3.082937e-06	-5.323437e-09	-2.305780e+01	-3.493704e+02
3.430000e-06	-3.187021e-06	-5.694188e-09	-2.383626e+01	-3.737696e+02
3.440000e-06	-3.290366e-06	-6.042275e-09	-2.460919e+01	-3.963915e+02
3.450000e-06	-3.392852e-06	-6.366188e-09	-2.537570e+01	-4.172579e+02
3.460000e-06	-3.494414e-06	-6.664887e-09	-2.613530e+01	-4.364669e+02
3.470000e-06	-3.595178e-06	-6.937916e-09	-2.688893e+01	-4.541676e+02
3.480000e-06	-3.695226e-06	-7.191767e-09	-2.763720e+01	-4.705326e+02
3.490000e-06	-3.794435e-06	-7.432479e-09	-2.837920e+01	-4.857339e+02
3.500000e-06	-3.892747e-06	-7.654626e-09	-2.911450e+01	-4.999243e+02
3.510000e-06	-3.990257e-06	-7.856680e-09	-2.984379e+01	-5.132282e+02
3.520000e-06	-4.086999e-06	-8.041931e-09	-3.056734e+01	-5.257393e+02
3.530000e-06	-4.182966e-06	-8.218545e-09	-3.128509e+01	-5.375256e+02
3.540000e-06	-4.278005e-06	-8.390340e-09	-3.199590e+01	-5.486382e+02
3.550000e-06	-4.371942e-06	-8.555103e-09	-3.269847e+01	-5.591199e+02
3.560000e-06	-4.464864e-06	-8.709112e-09	-3.339346e+01	-5.690134e+02
3.570000e-06	-4.556801e-06	-8.854596e-09	-3.408107e+01	-5.783644e+02
3.580000e-06	-4.647683e-06	-8.993941e-09	-3.476079e+01	-5.872226e+02
3.590000e-06	-4.737456e-06	-9.122671e-09	-3.543222e+01	-5.956380e+02
3.600000e-06	-4.826191e-06	-9.241590e-09	-3.609588e+01	-6.036563e+02
3.610000e-06	-4.914008e-06	-9.353401e-09	-3.675268e+01	-6.113147e+02
3.620000e-06	-5.000697e-06	-9.462116e-09	-3.740104e+01	-6.186393e+02
3.630000e-06	-5.086135e-06	-9.570891e-09	-3.804004e+01	-6.256447e+02
3.640000e-06	-5.170439e-06	-9.677474e-09	-3.867056e+01	-6.323376e+02
3.650000e-06	-5.253589e-06	-9.778996e-09	-3.929246e+01	-6.387209e+02
3.660000e-06	-5.335592e-06	-9.875254e-09	-3.990577e+01	-6.447997e+02
3.670000e-06	-5.416537e-06	-9.965066e-09	-4.051118e+01	-6.505849e+02
3.680000e-06	-5.496377e-06	-1.004738e-08	-4.110831e+01	-6.560964e+02
3.690000e-06	-5.574953e-06	-1.012321e-08	-4.169600e+01	-6.613618e+02
3.700000e-06	-5.652200e-06	-1.019760e-08	-4.227374e+01	-6.664135e+02
3.710000e-06	-5.728023e-06	-1.027427e-08	-4.284083e+01	-6.712837e+02
3.720000e-06	-5.802399e-06	-1.035308e-08	-4.339710e+01	-6.759990e+02
3.730000e-06	-5.875481e-06	-1.042938e-08	-4.394370e+01	-6.805764e+02
3.740000e-06	-5.947355e-06	-1.049988e-08	-4.448125e+01	-6.850208e+02
3.750000e-06	-6.017859e-06	-1.056350e-08	-4.500856e+01	-6.893260e+02
3.760000e-06	-6.086886e-06	-1.062272e-08	-4.552483e+01	-6.934779e+02
3.770000e-06	-6.154535e-06	-1.067997e-08	-4.603079e+01	-6.974594e+02
3.780000e-06	-6.220867e-06	-1.073592e-08	-4.652689e+01	-7.012559e+02
3.790000e-06	-6.285939e-06	-1.079227e-08	-4.701358e+01	-7.048598e+02
3.800000e-06	-6.349755e-06	-1.084888e-08	-4.749086e+01	-7.082731e+02
3.810000e-06	-6.412147e-06	-1.090198e-08	-4.795751e+01	-7.115074e+02
3.820000e-06	-6.472997e-06	-1.094953e-08	-4.841262e+01	-7.145814e+02
3.830000e-06	-6.532361e-06	-1.099024e-08	-4.885660e+01	-7.175170e+02
3.840000e-06	-6.590315e-06	-1.102605e-08	-4.929006e+01	-7.203343e+02
3.850000e-06	-6.646956e-06	-1.106226e-08	-4.971368e+01	-7.230479e+02
3.860000e-06	-6.702142e-06	-1.110177e-08	-5.012643e+01	-7.256645e+02
3.870000e-06	-6.755596e-06	-1.114147e-08	-5.052622e+01	-7.281825e+02
3.880000e-06	-6.807238e-06	-1.117864e-08	-5.091246e+01	-7.305946e+02
3.890000e-06	-6.857143e-06	-1.121598e-08	-5.128570e+01	-7.328906e+02
3.900000e-06	-6.905259e-06	-1.124911e-08	-5.164557e+01	-7.350620e+02
3.910000e-06	-6.951606e-06	-1.127630e-08	-5.199221e+01	-7.371045e+02
3.920000e-06	-6.996530e-06	-1.129913e-08	-5.232820e+01	-7.390209e+02
3.930000e-06	-7.040144e-06	-1.132070e-08	-5.265440e+01	-7.408201e+02
3.940000e-06	-7.082393e-06	-1.134130e-08	-5.297039e+01	-7.425158e+02
3.950000e-06	-7.123258e-06	-1.136470e-08	-5.327602e+01	-7.441233e+02
3.960000e-06	-7.162663e-06	-1.139288e-08	-5.357074e+01	-7.456561e+02
3.970000e-06	-7.200450e-06	-1.142210e-08	-5.385336e+01	-7.471231e+02
3.980000e-06	-7.236497e-06	-1.144491e-08	-5.412296e+01	-7.485272e+02
3.990000e-06	-7.270963e-06	-1.145942e-08	-5.438073e+01	-7.498654e+02
4.000000e-06	-7.303980e-06	-1.146986e-08	-5.462768e+01	-7.511311e+02
4.010000e-06	-7.335437e-06	-1.148046e-08	-5.486294e+01	-7.523166e+02
4.020000e-06	-7.365136e-06	-1.149465e-08	-5.508507e+01	-7.534161e+02
4.030000e-06	-7.393111e-06	-1.150945e-08	-5.529430e+01	-7.544283e+02
4.040000e-06	-7.419456e-06	-1.152651e-08	-5.549134e+01	-7.553572e+02
4.050000e-06	-7.444217e-06	-1.154455e-08	-5.567653e+01	-7.562116e+02
4.060000e-06	-7.467436e-06	-1.156005e-08	-5.585019e+01	-7.570028e+02
4.070000e-06	-7.488905e-06	-1.156998e-08	-5.601075e+01	-7.577421e+02
4.080000e-06	-7.508658e-06	-1.157413e-08	-5.615850e+01	-7.584375e+02
4.090000e-06	-7.526902e-06	-1.157626e-08	-5.629494e+01	-7.590919e+02
4.100000e-06	-7.543615e-06	-1.157962e-08	-5.641994e+01	-7.597022e+02
4.110000e-06	-7.558620e-06	-1.158648e-08	-5.653217e+01	-7.602602e+02
4.120000e-06	-7.571619e-06	-1.159457e-08	-5.662939e+01	-7.607549e+02
4.130000e-06	-7.582703e-06	-1.160132e-08	-5.671229e+01	-7.611752e+02
4.140000e-06	-7.592138e-06	-1.160862e-08	-5.678285e+01	-7.615134e+02
4.150000e-06	-7.600058e-06	-1.161603e-08	-5.684209e+01	-7.617667e+02
4.160000e-06	-7.606316e-06	-1.162104e-08	-5.688889e+01	-7.619384e+02
4.170000e-06	-7.610732e-06	-1.161904e-08	-5.692192e+01	-7.620370e+02
4.180000e-06	-7.613512e-06	-1.161233e-08	-5.694271e+01	-7.620737e+02
4.190000e-06	-7.614728e-06	-1.160665e-08	-5.695181e+01	-7.620600e+02
