# Temperatura_=_44.18
# Concentracion g/m^3_=_18600.0
# C_Vs_to_Am_M_A/Vsm_=_65563218390.804596
# pendiente_HvsI_1/m_=_3716.3
# ordenada_HvsI_A/m_=_1297.0
# frecuencia_Hz_=_238272.4167350134

Tiempo_(s)	Campo_(V.s)	Magnetizacion_(V.s)	Campo_(kA/m)	Magnetizacion_(A/m)
0.000000e+00	-7.663510e-06	-1.086168e-08	-5.694901e+01	-7.134755e+02
1.000000e-08	-7.661726e-06	-1.086368e-08	-5.693576e+01	-7.133570e+02
2.000000e-08	-7.658161e-06	-1.086498e-08	-5.690927e+01	-7.131689e+02
3.000000e-08	-7.653086e-06	-1.086607e-08	-5.687156e+01	-7.129084e+02
4.000000e-08	-7.646538e-06	-1.086465e-08	-5.682289e+01	-7.125755e+02
5.000000e-08	-7.638549e-06	-1.085715e-08	-5.676352e+01	-7.121721e+02
6.000000e-08	-7.628926e-06	-1.084381e-08	-5.669202e+01	-7.117016e+02
7.000000e-08	-7.617375e-06	-1.082673e-08	-5.660618e+01	-7.111688e+02
8.000000e-08	-7.603965e-06	-1.081826e-08	-5.650652e+01	-7.105788e+02
9.000000e-08	-7.588468e-06	-1.082066e-08	-5.639137e+01	-7.099367e+02
1.000000e-07	-7.570673e-06	-1.081822e-08	-5.625913e+01	-7.092478e+02
1.100000e-07	-7.550982e-06	-1.081992e-08	-5.611280e+01	-7.085169e+02
1.200000e-07	-7.529832e-06	-1.079760e-08	-5.595563e+01	-7.077485e+02
1.300000e-07	-7.507366e-06	-1.075923e-08	-5.578868e+01	-7.069467e+02
1.400000e-07	-7.483621e-06	-1.078351e-08	-5.561223e+01	-7.061137e+02
1.500000e-07	-7.458238e-06	-1.075512e-08	-5.542360e+01	-7.052500e+02
1.600000e-07	-7.431059e-06	-1.070541e-08	-5.522163e+01	-7.043523e+02
1.700000e-07	-7.402413e-06	-1.073279e-08	-5.500876e+01	-7.034137e+02
1.800000e-07	-7.372126e-06	-1.069798e-08	-5.478369e+01	-7.024230e+02
1.900000e-07	-7.340322e-06	-1.067358e-08	-5.454734e+01	-7.013660e+02
2.000000e-07	-7.307061e-06	-1.068523e-08	-5.430018e+01	-7.002268e+02
2.100000e-07	-7.272011e-06	-1.063684e-08	-5.403971e+01	-6.989903e+02
2.200000e-07	-7.235364e-06	-1.060807e-08	-5.376738e+01	-6.976452e+02
2.300000e-07	-7.197172e-06	-1.059565e-08	-5.348357e+01	-6.961860e+02
2.400000e-07	-7.157401e-06	-1.057037e-08	-5.318802e+01	-6.946145e+02
2.500000e-07	-7.116061e-06	-1.056709e-08	-5.288082e+01	-6.929402e+02
2.600000e-07	-7.072932e-06	-1.052950e-08	-5.256032e+01	-6.911787e+02
2.700000e-07	-7.028116e-06	-1.048552e-08	-5.222728e+01	-6.893487e+02
2.800000e-07	-6.981769e-06	-1.047171e-08	-5.188287e+01	-6.874680e+02
2.900000e-07	-6.933882e-06	-1.044549e-08	-5.152701e+01	-6.855506e+02
3.000000e-07	-6.884261e-06	-1.040883e-08	-5.115827e+01	-6.836028e+02
3.100000e-07	-6.832624e-06	-1.038274e-08	-5.077455e+01	-6.816221e+02
3.200000e-07	-6.779176e-06	-1.036219e-08	-5.037736e+01	-6.795977e+02
3.300000e-07	-6.724340e-06	-1.032683e-08	-4.996986e+01	-6.775127e+02
3.400000e-07	-6.668267e-06	-1.030383e-08	-4.955318e+01	-6.753480e+02
3.500000e-07	-6.610612e-06	-1.026380e-08	-4.912473e+01	-6.730863e+02
3.600000e-07	-6.551270e-06	-1.020380e-08	-4.868375e+01	-6.707162e+02
3.700000e-07	-6.490471e-06	-1.017351e-08	-4.823194e+01	-6.682343e+02
3.800000e-07	-6.428310e-06	-1.014972e-08	-4.777001e+01	-6.656458e+02
3.900000e-07	-6.364826e-06	-1.011187e-08	-4.729825e+01	-6.629629e+02
4.000000e-07	-6.299875e-06	-1.007071e-08	-4.681558e+01	-6.602011e+02
4.100000e-07	-6.233289e-06	-1.003105e-08	-4.632077e+01	-6.573757e+02
4.200000e-07	-6.165239e-06	-9.991872e-09	-4.581507e+01	-6.544970e+02
4.300000e-07	-6.095886e-06	-9.947028e-09	-4.529970e+01	-6.515679e+02
4.400000e-07	-6.025234e-06	-9.894388e-09	-4.477468e+01	-6.485830e+02
4.500000e-07	-5.953319e-06	-9.838040e-09	-4.424026e+01	-6.455294e+02
4.600000e-07	-5.879870e-06	-9.792655e-09	-4.369444e+01	-6.423899e+02
4.700000e-07	-5.804841e-06	-9.756078e-09	-4.313689e+01	-6.391470e+02
4.800000e-07	-5.728426e-06	-9.710626e-09	-4.256903e+01	-6.357871e+02
4.900000e-07	-5.650626e-06	-9.655401e-09	-4.199089e+01	-6.323033e+02
5.000000e-07	-5.571298e-06	-9.595866e-09	-4.140139e+01	-6.286972e+02
5.100000e-07	-5.490502e-06	-9.543140e-09	-4.080098e+01	-6.249777e+02
5.200000e-07	-5.408532e-06	-9.487452e-09	-4.019184e+01	-6.211589e+02
5.300000e-07	-5.325448e-06	-9.422150e-09	-3.957443e+01	-6.172559e+02
5.400000e-07	-5.241345e-06	-9.355441e-09	-3.894945e+01	-6.132815e+02
5.500000e-07	-5.156185e-06	-9.295019e-09	-3.831660e+01	-6.092428e+02
5.600000e-07	-5.070010e-06	-9.237216e-09	-3.767622e+01	-6.051397e+02
5.700000e-07	-4.982946e-06	-9.174631e-09	-3.702923e+01	-6.009655e+02
5.800000e-07	-4.894968e-06	-9.107776e-09	-3.637545e+01	-5.967089e+02
5.900000e-07	-4.805827e-06	-9.037460e-09	-3.571302e+01	-5.923572e+02
6.000000e-07	-4.715285e-06	-8.970332e-09	-3.504019e+01	-5.878995e+02
6.100000e-07	-4.623731e-06	-8.903152e-09	-3.435984e+01	-5.833292e+02
6.200000e-07	-4.531350e-06	-8.829568e-09	-3.367333e+01	-5.786452e+02
6.300000e-07	-4.437963e-06	-8.751807e-09	-3.297936e+01	-5.738509e+02
6.400000e-07	-4.343597e-06	-8.677856e-09	-3.227811e+01	-5.689521e+02
6.500000e-07	-4.248303e-06	-8.608280e-09	-3.156996e+01	-5.639541e+02
6.600000e-07	-4.152202e-06	-8.535390e-09	-3.085581e+01	-5.588586e+02
6.700000e-07	-4.055153e-06	-8.452377e-09	-3.013462e+01	-5.536622e+02
6.800000e-07	-3.956947e-06	-8.364322e-09	-2.940483e+01	-5.483554e+02
6.900000e-07	-3.857777e-06	-8.279952e-09	-2.866788e+01	-5.429248e+02
7.000000e-07	-3.757861e-06	-8.196971e-09	-2.792539e+01	-5.373555e+02
7.100000e-07	-3.657167e-06	-8.108209e-09	-2.717711e+01	-5.316345e+02
7.200000e-07	-3.555622e-06	-8.013622e-09	-2.642251e+01	-5.257541e+02
7.300000e-07	-3.453256e-06	-7.920825e-09	-2.566181e+01	-5.197131e+02
7.400000e-07	-3.350128e-06	-7.830603e-09	-2.489544e+01	-5.135167e+02
7.500000e-07	-3.246364e-06	-7.739953e-09	-2.412436e+01	-5.071747e+02
7.600000e-07	-3.141934e-06	-7.641752e-09	-2.334832e+01	-5.006976e+02
7.700000e-07	-3.036583e-06	-7.536373e-09	-2.256543e+01	-4.940928e+02
7.800000e-07	-2.930236e-06	-7.430735e-09	-2.177514e+01	-4.873614e+02
7.900000e-07	-2.823156e-06	-7.327485e-09	-2.097941e+01	-4.804961e+02
8.000000e-07	-2.715632e-06	-7.221739e-09	-2.018038e+01	-4.734821e+02
8.100000e-07	-2.607639e-06	-7.107756e-09	-1.937787e+01	-4.662996e+02
8.200000e-07	-2.499000e-06	-6.989615e-09	-1.857055e+01	-4.589276e+02
8.300000e-07	-2.389732e-06	-6.874995e-09	-1.775856e+01	-4.513490e+02
8.400000e-07	-2.279923e-06	-6.762639e-09	-1.694255e+01	-4.435538e+02
8.500000e-07	-2.169646e-06	-6.641574e-09	-1.612306e+01	-4.355411e+02
8.600000e-07	-2.058974e-06	-6.511423e-09	-1.530063e+01	-4.273178e+02
8.700000e-07	-1.947910e-06	-6.378820e-09	-1.447529e+01	-4.188953e+02
8.800000e-07	-1.836455e-06	-6.249451e-09	-1.364705e+01	-4.102848e+02
8.900000e-07	-1.724714e-06	-6.117765e-09	-1.281668e+01	-4.014915e+02
9.000000e-07	-1.612687e-06	-5.975854e-09	-1.198418e+01	-3.925106e+02
9.100000e-07	-1.500278e-06	-5.828204e-09	-1.114885e+01	-3.833251e+02
9.200000e-07	-1.387491e-06	-5.682992e-09	-1.031071e+01	-3.739077e+02
9.300000e-07	-1.274288e-06	-5.542498e-09	-9.469477e+00	-3.642241e+02
9.400000e-07	-1.160667e-06	-5.397951e-09	-8.625136e+00	-3.542395e+02
9.500000e-07	-1.046704e-06	-5.240900e-09	-7.778257e+00	-3.439246e+02
9.600000e-07	-9.324690e-07	-5.073815e-09	-6.929357e+00	-3.332610e+02
9.700000e-07	-8.180097e-07	-4.903289e-09	-6.078788e+00	-3.222427e+02
9.800000e-07	-7.033067e-07	-4.730841e-09	-5.226407e+00	-3.108744e+02
9.900000e-07	-5.883992e-07	-4.552053e-09	-4.372508e+00	-2.991668e+02
1.000000e-06	-4.733218e-07	-4.364903e-09	-3.517346e+00	-2.871283e+02
1.010000e-06	-3.581332e-07	-4.176103e-09	-2.661357e+00	-2.747575e+02
1.020000e-06	-2.429020e-07	-3.987655e-09	-1.805052e+00	-2.620369e+02
1.030000e-06	-1.276298e-07	-3.793467e-09	-9.484413e-01	-2.489302e+02
1.040000e-06	-1.235785e-08	-3.585945e-09	-9.183358e-02	-2.353842e+02
1.050000e-06	1.029223e-07	-3.364543e-09	7.648352e-01	-2.213356e+02
1.060000e-06	2.181681e-07	-3.136027e-09	1.621249e+00	-2.067198e+02
1.070000e-06	3.333693e-07	-2.904544e-09	2.477332e+00	-1.914819e+02
1.080000e-06	4.485333e-07	-2.667407e-09	3.333137e+00	-1.755841e+02
1.090000e-06	5.636170e-07	-2.416984e-09	4.188346e+00	-1.590097e+02
1.100000e-06	6.785662e-07	-2.154776e-09	5.042556e+00	-1.417605e+02
1.110000e-06	7.933294e-07	-1.885098e-09	5.895384e+00	-1.238489e+02
1.120000e-06	9.078904e-07	-1.605402e-09	6.746708e+00	-1.052847e+02
1.130000e-06	1.022238e-06	-1.311412e-09	7.596445e+00	-8.606174e+01
1.140000e-06	1.136270e-06	-1.001114e-09	8.443839e+00	-6.614622e+01
1.150000e-06	1.249844e-06	-6.771975e-10	9.287829e+00	-4.547150e+01
1.160000e-06	1.362969e-06	-3.452393e-10	1.012848e+01	-2.394177e+01
1.170000e-06	1.475769e-06	-4.374494e-12	1.096672e+01	-1.445434e+00
1.180000e-06	1.588245e-06	3.525434e-10	1.180255e+01	2.212283e+01
1.190000e-06	1.700269e-06	7.278666e-10	1.263502e+01	4.683473e+01
1.200000e-06	1.811865e-06	1.121831e-09	1.346432e+01	7.270055e+01
1.210000e-06	1.923153e-06	1.532697e-09	1.429132e+01	9.964613e+01
1.220000e-06	2.034107e-06	1.957832e-09	1.511584e+01	1.274999e+02
1.230000e-06	2.144629e-06	2.394985e-09	1.593715e+01	1.559929e+02
1.240000e-06	2.254713e-06	2.838539e-09	1.675521e+01	1.847737e+02
1.250000e-06	2.364354e-06	3.276636e-09	1.756997e+01	2.134358e+02
1.260000e-06	2.473464e-06	3.700432e-09	1.838079e+01	2.415540e+02
1.270000e-06	2.581918e-06	4.108352e-09	1.918673e+01	2.687251e+02
1.280000e-06	2.689771e-06	4.499955e-09	1.998821e+01	2.946045e+02
1.290000e-06	2.797185e-06	4.870740e-09	2.078642e+01	3.189358e+02
1.300000e-06	2.904117e-06	5.214093e-09	2.158105e+01	3.415667e+02
1.310000e-06	3.010326e-06	5.528769e-09	2.237031e+01	3.624515e+02
1.320000e-06	3.115643e-06	5.815527e-09	2.315295e+01	3.816398e+02
1.330000e-06	3.220110e-06	6.076916e-09	2.392926e+01	3.992546e+02
1.340000e-06	3.323873e-06	6.318743e-09	2.470034e+01	4.154644e+02
1.350000e-06	3.426948e-06	6.544750e-09	2.546631e+01	4.304549e+02
1.360000e-06	3.529319e-06	6.757030e-09	2.622705e+01	4.444041e+02
1.370000e-06	3.631009e-06	6.959148e-09	2.698272e+01	4.574647e+02
1.380000e-06	3.731907e-06	7.149143e-09	2.773252e+01	4.697555e+02
1.390000e-06	3.831954e-06	7.325861e-09	2.847598e+01	4.813612e+02
1.400000e-06	3.931113e-06	7.489634e-09	2.921286e+01	4.923384e+02
1.410000e-06	4.029305e-06	7.643087e-09	2.994254e+01	5.027256e+02
1.420000e-06	4.126450e-06	7.789821e-09	3.066445e+01	5.125534e+02
1.430000e-06	4.222593e-06	7.930423e-09	3.137890e+01	5.218532e+02
1.440000e-06	4.317824e-06	8.064370e-09	3.208658e+01	5.306610e+02
1.450000e-06	4.412158e-06	8.192495e-09	3.278759e+01	5.390186e+02
1.460000e-06	4.505675e-06	8.317779e-09	3.348253e+01	5.469702e+02
1.470000e-06	4.598307e-06	8.438867e-09	3.417091e+01	5.545580e+02
1.480000e-06	4.689913e-06	8.554215e-09	3.485165e+01	5.618179e+02
1.490000e-06	4.780415e-06	8.664364e-09	3.552418e+01	5.687756e+02
1.500000e-06	4.869700e-06	8.768108e-09	3.618768e+01	5.754468e+02
1.510000e-06	4.957801e-06	8.864341e-09	3.684237e+01	5.818392e+02
1.520000e-06	5.044853e-06	8.953304e-09	3.748927e+01	5.879556e+02
1.530000e-06	5.130875e-06	9.036441e-09	3.812852e+01	5.937997e+02
1.540000e-06	5.215855e-06	9.117687e-09	3.876002e+01	5.993792e+02
1.550000e-06	5.299801e-06	9.198019e-09	3.938384e+01	6.047085e+02
1.560000e-06	5.382641e-06	9.278297e-09	3.999944e+01	6.098091e+02
1.570000e-06	5.464142e-06	9.358485e-09	4.060509e+01	6.147068e+02
1.580000e-06	5.544317e-06	9.436199e-09	4.120088e+01	6.194288e+02
1.590000e-06	5.623318e-06	9.508339e-09	4.178796e+01	6.239989e+02
1.600000e-06	5.701098e-06	9.572636e-09	4.236596e+01	6.284347e+02
1.610000e-06	5.777573e-06	9.631153e-09	4.293425e+01	6.327453e+02
1.620000e-06	5.852634e-06	9.686387e-09	4.349205e+01	6.369314e+02
1.630000e-06	5.926200e-06	9.742307e-09	4.403873e+01	6.409876e+02
1.640000e-06	5.998339e-06	9.802002e-09	4.457481e+01	6.449050e+02
1.650000e-06	6.069172e-06	9.865595e-09	4.510118e+01	6.486755e+02
1.660000e-06	6.138684e-06	9.929140e-09	4.561774e+01	6.522942e+02
1.670000e-06	6.206999e-06	9.988668e-09	4.612540e+01	6.557614e+02
1.680000e-06	6.273991e-06	1.003968e-08	4.662324e+01	6.590830e+02
1.690000e-06	6.339390e-06	1.008255e-08	4.710923e+01	6.622686e+02
1.700000e-06	6.403372e-06	1.012188e-08	4.758469e+01	6.653293e+02
1.710000e-06	6.466062e-06	1.016291e-08	4.805055e+01	6.682753e+02
1.720000e-06	6.527437e-06	1.020873e-08	4.850664e+01	6.711137e+02
1.730000e-06	6.587571e-06	1.025417e-08	4.895351e+01	6.738471e+02
1.740000e-06	6.646185e-06	1.029809e-08	4.938908e+01	6.764746e+02
1.750000e-06	6.703047e-06	1.033933e-08	4.981163e+01	6.789925e+02
1.760000e-06	6.758392e-06	1.037756e-08	5.022291e+01	6.813969e+02
1.770000e-06	6.812303e-06	1.041309e-08	5.062353e+01	6.836856e+02
1.780000e-06	6.864621e-06	1.044492e-08	5.101232e+01	6.858596e+02
1.790000e-06	6.915113e-06	1.047396e-08	5.138753e+01	6.879237e+02
1.800000e-06	6.963794e-06	1.050314e-08	5.174929e+01	6.898858e+02
1.810000e-06	7.010908e-06	1.053439e-08	5.209941e+01	6.917556e+02
1.820000e-06	7.056547e-06	1.056459e-08	5.243856e+01	6.935422e+02
1.830000e-06	7.100792e-06	1.059273e-08	5.276735e+01	6.952527e+02
1.840000e-06	7.143393e-06	1.061957e-08	5.308393e+01	6.968905e+02
1.850000e-06	7.184201e-06	1.064620e-08	5.338718e+01	6.984554e+02
1.860000e-06	7.223476e-06	1.067110e-08	5.367904e+01	6.999441e+02
1.870000e-06	7.261228e-06	1.069209e-08	5.395958e+01	7.013518e+02
1.880000e-06	7.297444e-06	1.070838e-08	5.422871e+01	7.026740e+02
1.890000e-06	7.331971e-06	1.072310e-08	5.448529e+01	7.039081e+02
1.900000e-06	7.364780e-06	1.074127e-08	5.472910e+01	7.050544e+02
1.910000e-06	7.396074e-06	1.076129e-08	5.496165e+01	7.061163e+02
1.920000e-06	7.425893e-06	1.078167e-08	5.518324e+01	7.070998e+02
1.930000e-06	7.454270e-06	1.080070e-08	5.539411e+01	7.080119e+02
1.940000e-06	7.480846e-06	1.081697e-08	5.559160e+01	7.088591e+02
1.950000e-06	7.505512e-06	1.083060e-08	5.577491e+01	7.096464e+02
1.960000e-06	7.528534e-06	1.083965e-08	5.594598e+01	7.103761e+02
1.970000e-06	7.550016e-06	1.084593e-08	5.610562e+01	7.110483e+02
1.980000e-06	7.570068e-06	1.085228e-08	5.625463e+01	7.116613e+02
1.990000e-06	7.588531e-06	1.086177e-08	5.639183e+01	7.122126e+02
2.000000e-06	7.605231e-06	1.087249e-08	5.651593e+01	7.127007e+02
2.010000e-06	7.620174e-06	1.088360e-08	5.662698e+01	7.131255e+02
2.020000e-06	7.633372e-06	1.089632e-08	5.672506e+01	7.134887e+02
2.030000e-06	7.644694e-06	1.090406e-08	5.680919e+01	7.137938e+02
2.040000e-06	7.654063e-06	1.090428e-08	5.687881e+01	7.140448e+02
2.050000e-06	7.661689e-06	1.090126e-08	5.693549e+01	7.142455e+02
2.060000e-06	7.667738e-06	1.090142e-08	5.698044e+01	7.143980e+02
2.070000e-06	7.672243e-06	1.090571e-08	5.701391e+01	7.145023e+02
2.080000e-06	7.675018e-06	1.091001e-08	5.703453e+01	7.145557e+02
2.090000e-06	7.675955e-06	1.091502e-08	5.704150e+01	7.145539e+02
2.100000e-06	7.675248e-06	1.092058e-08	5.703625e+01	7.144912e+02
2.110000e-06	7.673019e-06	1.092247e-08	5.701968e+01	7.143625e+02
2.120000e-06	7.669294e-06	1.091940e-08	5.699200e+01	7.141635e+02
2.130000e-06	7.663827e-06	1.090983e-08	5.695137e+01	7.138921e+02
2.140000e-06	7.656603e-06	1.089815e-08	5.689769e+01	7.135483e+02
2.150000e-06	7.647946e-06	1.089013e-08	5.683336e+01	7.131345e+02
2.160000e-06	7.637876e-06	1.088685e-08	5.675853e+01	7.126543e+02
2.170000e-06	7.626166e-06	1.088151e-08	5.667151e+01	7.121125e+02
2.180000e-06	7.612564e-06	1.085957e-08	5.657043e+01	7.115142e+02
2.190000e-06	7.596800e-06	1.084662e-08	5.645328e+01	7.108647e+02
2.200000e-06	7.578729e-06	1.083307e-08	5.631899e+01	7.101691e+02
2.210000e-06	7.558416e-06	1.083885e-08	5.616804e+01	7.094321e+02
2.220000e-06	7.536303e-06	1.084710e-08	5.600372e+01	7.086585e+02
2.230000e-06	7.513260e-06	1.078789e-08	5.583248e+01	7.078517e+02
2.240000e-06	7.489215e-06	1.078746e-08	5.565380e+01	7.070142e+02
2.250000e-06	7.463371e-06	1.078099e-08	5.546174e+01	7.061455e+02
2.260000e-06	7.436094e-06	1.073658e-08	5.525904e+01	7.052422e+02
2.270000e-06	7.407437e-06	1.078515e-08	5.504609e+01	7.042964e+02
2.280000e-06	7.376699e-06	1.077623e-08	5.481767e+01	7.032967e+02
2.290000e-06	7.344196e-06	1.072806e-08	5.457613e+01	7.022283e+02
2.300000e-06	7.310258e-06	1.074231e-08	5.432393e+01	7.010753e+02
2.310000e-06	7.274887e-06	1.070707e-08	5.406109e+01	6.998231e+02
2.320000e-06	7.238011e-06	1.067348e-08	5.378705e+01	6.984609e+02
2.330000e-06	7.199204e-06	1.064927e-08	5.349867e+01	6.969844e+02
2.340000e-06	7.158605e-06	1.058861e-08	5.319697e+01	6.953967e+02
2.350000e-06	7.116561e-06	1.059884e-08	5.288453e+01	6.937082e+02
2.360000e-06	7.072989e-06	1.059001e-08	5.256074e+01	6.919351e+02
2.370000e-06	7.028003e-06	1.054090e-08	5.222645e+01	6.900962e+02
2.380000e-06	6.981425e-06	1.052172e-08	5.188031e+01	6.882093e+02
2.390000e-06	6.933161e-06	1.048508e-08	5.152165e+01	6.862870e+02
2.400000e-06	6.883383e-06	1.044953e-08	5.115174e+01	6.843346e+02
2.410000e-06	6.831970e-06	1.041881e-08	5.076968e+01	6.823481e+02
2.420000e-06	6.778849e-06	1.038657e-08	5.037493e+01	6.803157e+02
2.430000e-06	6.723942e-06	1.034619e-08	4.996691e+01	6.782199e+02
2.440000e-06	6.667490e-06	1.032125e-08	4.954740e+01	6.760415e+02
2.450000e-06	6.609697e-06	1.030921e-08	4.911793e+01	6.737641e+02
2.460000e-06	6.550507e-06	1.025909e-08	4.867808e+01	6.713771e+02
2.470000e-06	6.489814e-06	1.020754e-08	4.822706e+01	6.688786e+02
2.480000e-06	6.427465e-06	1.016318e-08	4.776373e+01	6.662749e+02
2.490000e-06	6.363641e-06	1.012180e-08	4.728944e+01	6.635790e+02
2.500000e-06	6.298470e-06	1.008405e-08	4.680514e+01	6.608067e+02
2.510000e-06	6.231955e-06	1.003734e-08	4.631086e+01	6.579727e+02
2.520000e-06	6.163995e-06	1.000059e-08	4.580583e+01	6.550864e+02
2.530000e-06	6.094402e-06	9.958245e-09	4.528867e+01	6.521494e+02
2.540000e-06	6.023423e-06	9.917315e-09	4.476121e+01	6.491551e+02
2.550000e-06	5.951135e-06	9.862599e-09	4.422403e+01	6.460897e+02
2.560000e-06	5.877447e-06	9.798665e-09	4.367644e+01	6.429356e+02
2.570000e-06	5.802336e-06	9.745555e-09	4.311828e+01	6.396758e+02
2.580000e-06	5.725560e-06	9.701341e-09	4.254774e+01	6.362975e+02
2.590000e-06	5.647273e-06	9.660548e-09	4.196597e+01	6.327950e+02
2.600000e-06	5.567741e-06	9.602233e-09	4.137495e+01	6.291711e+02
2.610000e-06	5.487005e-06	9.544574e-09	4.077499e+01	6.254356e+02
2.620000e-06	5.405110e-06	9.487743e-09	4.016641e+01	6.216031e+02
2.630000e-06	5.322207e-06	9.429300e-09	3.955035e+01	6.176886e+02
2.640000e-06	5.238243e-06	9.363146e-09	3.892639e+01	6.137042e+02
2.650000e-06	5.152870e-06	9.297848e-09	3.829197e+01	6.096559e+02
2.660000e-06	5.066252e-06	9.237905e-09	3.764830e+01	6.055426e+02
2.670000e-06	4.978621e-06	9.178096e-09	3.699709e+01	6.013568e+02
2.680000e-06	4.889930e-06	9.117204e-09	3.633801e+01	5.970867e+02
2.690000e-06	4.800191e-06	9.045379e-09	3.567115e+01	5.927196e+02
2.700000e-06	4.709525e-06	8.972361e-09	3.499739e+01	5.882452e+02
2.710000e-06	4.617972e-06	8.902813e-09	3.431704e+01	5.836577e+02
2.720000e-06	4.525312e-06	8.838507e-09	3.362846e+01	5.789567e+02
2.730000e-06	4.431498e-06	8.768889e-09	3.293131e+01	5.741462e+02
2.740000e-06	4.336721e-06	8.692941e-09	3.222701e+01	5.692322e+02
2.750000e-06	4.240987e-06	8.614822e-09	3.151559e+01	5.642195e+02
2.760000e-06	4.144260e-06	8.537366e-09	3.079680e+01	5.591092e+02
2.770000e-06	4.046695e-06	8.458031e-09	3.007177e+01	5.538968e+02
2.780000e-06	3.948381e-06	8.371491e-09	2.934118e+01	5.485723e+02
2.790000e-06	3.849352e-06	8.283962e-09	2.860527e+01	5.431217e+02
2.800000e-06	3.749481e-06	8.199922e-09	2.786311e+01	5.375303e+02
2.810000e-06	3.648554e-06	8.120228e-09	2.711311e+01	5.317857e+02
2.820000e-06	3.546618e-06	8.035150e-09	2.635560e+01	5.258810e+02
2.830000e-06	3.443922e-06	7.941062e-09	2.559245e+01	5.198161e+02
2.840000e-06	3.340494e-06	7.842617e-09	2.482385e+01	5.135971e+02
2.850000e-06	3.236201e-06	7.745272e-09	2.404883e+01	5.072341e+02
2.860000e-06	3.131130e-06	7.646823e-09	2.326803e+01	5.007374e+02
2.870000e-06	3.025383e-06	7.543865e-09	2.248220e+01	4.941137e+02
2.880000e-06	2.919062e-06	7.436925e-09	2.169211e+01	4.873628e+02
2.890000e-06	2.812283e-06	7.333675e-09	2.089861e+01	4.804762e+02
2.900000e-06	2.704990e-06	7.232379e-09	2.010130e+01	4.734382e+02
2.910000e-06	2.597107e-06	7.123117e-09	1.929960e+01	4.662284e+02
2.920000e-06	2.488588e-06	7.005311e-09	1.849318e+01	4.588263e+02
2.930000e-06	2.379430e-06	6.884241e-09	1.768200e+01	4.512155e+02
2.940000e-06	2.269798e-06	6.766330e-09	1.686730e+01	4.433875e+02
2.950000e-06	2.159728e-06	6.647288e-09	1.604935e+01	4.353425e+02
2.960000e-06	2.049166e-06	6.523069e-09	1.522775e+01	4.270884e+02
2.970000e-06	1.938137e-06	6.394763e-09	1.440267e+01	4.186371e+02
2.980000e-06	1.826640e-06	6.264979e-09	1.357411e+01	4.099989e+02
2.990000e-06	1.714681e-06	6.132618e-09	1.274213e+01	4.011780e+02
3.000000e-06	1.602265e-06	5.994315e-09	1.190674e+01	3.921676e+02
3.010000e-06	1.489508e-06	5.850331e-09	1.106882e+01	3.829493e+02
3.020000e-06	1.376462e-06	5.703381e-09	1.022876e+01	3.734942e+02
3.030000e-06	1.263123e-06	5.555901e-09	9.386512e+00	3.637674e+02
3.040000e-06	1.149539e-06	5.406543e-09	8.542445e+00	3.537348e+02
3.050000e-06	1.035709e-06	5.250916e-09	7.696554e+00	3.433685e+02
3.060000e-06	9.216321e-07	5.086298e-09	6.848825e+00	3.326516e+02
3.070000e-06	8.073802e-07	4.915415e-09	5.999798e+00	3.215802e+02
3.080000e-06	6.929678e-07	4.740955e-09	5.149577e+00	3.101603e+02
3.090000e-06	5.783568e-07	4.561765e-09	4.297881e+00	2.984025e+02
3.100000e-06	4.636045e-07	4.375357e-09	3.445134e+00	2.863145e+02
3.110000e-06	3.487572e-07	4.184574e-09	2.591682e+00	2.738927e+02
3.120000e-06	2.338581e-07	3.991677e-09	1.737845e+00	2.611169e+02
3.130000e-06	1.189246e-07	3.793251e-09	8.837514e-01	2.479479e+02
3.140000e-06	3.903136e-09	3.585812e-09	2.900496e-02	2.343307e+02
3.150000e-06	-1.111736e-07	3.367849e-09	-8.261526e-01	2.202008e+02
3.160000e-06	-2.261989e-07	3.140774e-09	-1.680927e+00	2.054948e+02
3.170000e-06	-3.411306e-07	2.907123e-09	-2.535007e+00	1.901597e+02
3.180000e-06	-4.559785e-07	2.664774e-09	-3.388464e+00	1.741609e+02
3.190000e-06	-5.707817e-07	2.412078e-09	-4.241588e+00	1.574847e+02
3.200000e-06	-6.854957e-07	2.149463e-09	-5.094051e+00	1.401352e+02
3.210000e-06	-8.000050e-07	1.876594e-09	-5.944991e+00	1.221252e+02
3.220000e-06	-9.143205e-07	1.593171e-09	-6.794492e+00	1.034631e+02
3.230000e-06	-1.028400e-06	1.299419e-09	-7.642240e+00	8.413909e+01
3.240000e-06	-1.142164e-06	9.937517e-10	-8.487643e+00	6.411466e+01
3.250000e-06	-1.255656e-06	6.728806e-10	-9.331021e+00	4.331829e+01
3.260000e-06	-1.368846e-06	3.398057e-10	-1.017216e+01	2.165072e+01
3.270000e-06	-1.481665e-06	-4.520067e-12	-1.101054e+01	-1.000273e+00
3.280000e-06	-1.594128e-06	-3.627843e-10	-1.184627e+01	-2.473679e+01
3.290000e-06	-1.706148e-06	-7.367364e-10	-1.267871e+01	-4.962306e+01
3.300000e-06	-1.817647e-06	-1.127941e-09	-1.350728e+01	-7.565795e+01
3.310000e-06	-1.928670e-06	-1.535186e-09	-1.433231e+01	-1.027532e+02
3.320000e-06	-2.039103e-06	-1.957935e-09	-1.515297e+01	-1.307223e+02
3.330000e-06	-2.148941e-06	-2.394763e-09	-1.596919e+01	-1.592828e+02
3.340000e-06	-2.258356e-06	-2.839319e-09	-1.678228e+01	-1.880727e+02
3.350000e-06	-2.367397e-06	-3.282126e-09	-1.759258e+01	-2.166802e+02
3.360000e-06	-2.475941e-06	-3.712841e-09	-1.839919e+01	-2.446812e+02
3.370000e-06	-2.583888e-06	-4.126440e-09	-1.920137e+01	-2.716787e+02
3.380000e-06	-2.691277e-06	-4.518633e-09	-1.999940e+01	-2.973399e+02
3.390000e-06	-2.798112e-06	-4.888287e-09	-2.079331e+01	-3.214233e+02
3.400000e-06	-2.904406e-06	-5.231978e-09	-2.158320e+01	-3.437927e+02
3.410000e-06	-3.010232e-06	-5.547467e-09	-2.236961e+01	-3.644179e+02
3.420000e-06	-3.115530e-06	-5.838441e-09	-2.315210e+01	-3.833610e+02
3.430000e-06	-3.220090e-06	-6.108492e-09	-2.392911e+01	-4.007536e+02
3.440000e-06	-3.323925e-06	-6.360490e-09	-2.470073e+01	-4.167687e+02
3.450000e-06	-3.427057e-06	-6.593572e-09	-2.546712e+01	-4.315922e+02
3.460000e-06	-3.529434e-06	-6.808941e-09	-2.622790e+01	-4.453992e+02
3.470000e-06	-3.630985e-06	-7.008907e-09	-2.698255e+01	-4.583378e+02
3.480000e-06	-3.731479e-06	-7.196897e-09	-2.772934e+01	-4.705213e+02
3.490000e-06	-3.830987e-06	-7.374394e-09	-2.846880e+01	-4.820298e+02
3.500000e-06	-3.929745e-06	-7.539474e-09	-2.920269e+01	-4.929164e+02
3.510000e-06	-4.027755e-06	-7.694988e-09	-2.993102e+01	-5.032179e+02
3.520000e-06	-4.124960e-06	-7.842799e-09	-3.065337e+01	-5.129645e+02
3.530000e-06	-4.221328e-06	-7.980745e-09	-3.136950e+01	-5.221881e+02
3.540000e-06	-4.316778e-06	-8.110433e-09	-3.207881e+01	-5.309257e+02
3.550000e-06	-4.411308e-06	-8.238912e-09	-3.278128e+01	-5.392197e+02
3.560000e-06	-4.504850e-06	-8.365824e-09	-3.347640e+01	-5.471142e+02
3.570000e-06	-4.597228e-06	-8.488194e-09	-3.416288e+01	-5.546509e+02
3.580000e-06	-4.688416e-06	-8.603493e-09	-3.484052e+01	-5.618641e+02
3.590000e-06	-4.778600e-06	-8.707509e-09	-3.551070e+01	-5.687782e+02
3.600000e-06	-4.867822e-06	-8.802139e-09	-3.617372e+01	-5.754074e+02
3.610000e-06	-4.955978e-06	-8.891963e-09	-3.682883e+01	-5.817582e+02
3.620000e-06	-5.043086e-06	-8.980124e-09	-3.747614e+01	-5.878336e+02
3.630000e-06	-5.129141e-06	-9.067907e-09	-3.811563e+01	-5.936375e+02
3.640000e-06	-5.213898e-06	-9.157084e-09	-3.874548e+01	-5.991784e+02
3.650000e-06	-5.297313e-06	-9.247670e-09	-3.936535e+01	-6.044720e+02
3.660000e-06	-5.379649e-06	-9.335017e-09	-3.997721e+01	-6.095405e+02
3.670000e-06	-5.460969e-06	-9.412428e-09	-4.058151e+01	-6.144103e+02
3.680000e-06	-5.541222e-06	-9.479354e-09	-4.117789e+01	-6.191081e+02
3.690000e-06	-5.620334e-06	-9.540116e-09	-4.176578e+01	-6.236573e+02
3.700000e-06	-5.698045e-06	-9.602980e-09	-4.234327e+01	-6.280740e+02
3.710000e-06	-5.774216e-06	-9.672739e-09	-4.290931e+01	-6.323661e+02
3.720000e-06	-5.848941e-06	-9.743393e-09	-4.346461e+01	-6.365333e+02
3.730000e-06	-5.922327e-06	-9.810060e-09	-4.400995e+01	-6.405694e+02
3.740000e-06	-5.994482e-06	-9.873918e-09	-4.454615e+01	-6.444653e+02
3.750000e-06	-6.065339e-06	-9.932281e-09	-4.507270e+01	-6.482133e+02
3.760000e-06	-6.134745e-06	-9.982737e-09	-4.558847e+01	-6.518092e+02
3.770000e-06	-6.202668e-06	-1.002705e-08	-4.609322e+01	-6.552542e+02
3.780000e-06	-6.269251e-06	-1.007103e-08	-4.658801e+01	-6.585548e+02
3.790000e-06	-6.334586e-06	-1.012160e-08	-4.707353e+01	-6.617210e+02
3.800000e-06	-6.398632e-06	-1.017488e-08	-4.754946e+01	-6.647640e+02
3.810000e-06	-6.461255e-06	-1.022549e-08	-4.801483e+01	-6.676937e+02
3.820000e-06	-6.522258e-06	-1.027125e-08	-4.846816e+01	-6.705163e+02
3.830000e-06	-6.581730e-06	-1.031118e-08	-4.891010e+01	-6.732340e+02
3.840000e-06	-6.639865e-06	-1.034716e-08	-4.934211e+01	-6.758454e+02
3.850000e-06	-6.696584e-06	-1.037769e-08	-4.976360e+01	-6.783466e+02
3.860000e-06	-6.751855e-06	-1.040773e-08	-5.017433e+01	-6.807339e+02
3.870000e-06	-6.805534e-06	-1.044022e-08	-5.057323e+01	-6.830053e+02
3.880000e-06	-6.857347e-06	-1.047634e-08	-5.095827e+01	-6.851625e+02
3.890000e-06	-6.907398e-06	-1.051242e-08	-5.133020e+01	-6.872108e+02
3.900000e-06	-6.955696e-06	-1.054279e-08	-5.168911e+01	-6.891586e+02
3.910000e-06	-7.002199e-06	-1.056963e-08	-5.203469e+01	-6.910154e+02
3.920000e-06	-7.047208e-06	-1.059478e-08	-5.236916e+01	-6.927903e+02
3.930000e-06	-7.090903e-06	-1.061723e-08	-5.269386e+01	-6.944898e+02
3.940000e-06	-7.133196e-06	-1.063299e-08	-5.300815e+01	-6.961169e+02
3.950000e-06	-7.174081e-06	-1.064883e-08	-5.331198e+01	-6.976707e+02
3.960000e-06	-7.213578e-06	-1.067287e-08	-5.360549e+01	-6.991477e+02
3.970000e-06	-7.251411e-06	-1.070269e-08	-5.388663e+01	-7.005430e+02
3.980000e-06	-7.287468e-06	-1.072729e-08	-5.415458e+01	-7.018521e+02
3.990000e-06	-7.321964e-06	-1.074152e-08	-5.441092e+01	-7.030730e+02
4.000000e-06	-7.354945e-06	-1.075170e-08	-5.465601e+01	-7.042064e+02
4.010000e-06	-7.386309e-06	-1.076394e-08	-5.488908e+01	-7.052562e+02
4.020000e-06	-7.415867e-06	-1.077800e-08	-5.510874e+01	-7.062287e+02
4.030000e-06	-7.443706e-06	-1.078859e-08	-5.531561e+01	-7.071307e+02
4.040000e-06	-7.470035e-06	-1.079955e-08	-5.551127e+01	-7.079688e+02
4.050000e-06	-7.494780e-06	-1.081566e-08	-5.569515e+01	-7.087474e+02
4.060000e-06	-7.517955e-06	-1.083306e-08	-5.586737e+01	-7.094687e+02
4.070000e-06	-7.539408e-06	-1.084420e-08	-5.602679e+01	-7.101322e+02
4.080000e-06	-7.559142e-06	-1.084589e-08	-5.617344e+01	-7.107362e+02
4.090000e-06	-7.577293e-06	-1.084504e-08	-5.630832e+01	-7.112782e+02
4.100000e-06	-7.593877e-06	-1.084736e-08	-5.643156e+01	-7.117569e+02
4.110000e-06	-7.608809e-06	-1.085216e-08	-5.654252e+01	-7.121723e+02
4.120000e-06	-7.621770e-06	-1.085792e-08	-5.663884e+01	-7.125266e+02
4.130000e-06	-7.632781e-06	-1.086470e-08	-5.672067e+01	-7.128234e+02
4.140000e-06	-7.642097e-06	-1.087330e-08	-5.678989e+01	-7.130668e+02
4.150000e-06	-7.649853e-06	-1.088031e-08	-5.684753e+01	-7.132603e+02
4.160000e-06	-7.655886e-06	-1.088270e-08	-5.689236e+01	-7.134057e+02
4.170000e-06	-7.660100e-06	-1.087771e-08	-5.692368e+01	-7.135026e+02
4.180000e-06	-7.662729e-06	-1.086960e-08	-5.694322e+01	-7.135482e+02
4.190000e-06	-7.663796e-06	-1.086369e-08	-5.695114e+01	-7.135377e+02
