# Temperatura_=_46.58
# Concentracion g/m^3_=_18600.0
# C_Vs_to_Am_M_A/Vsm_=_65563218390.804596
# pendiente_HvsI_1/m_=_3716.3
# ordenada_HvsI_A/m_=_1297.0
# frecuencia_Hz_=_238271.1127439541

Tiempo_(s)	Campo_(V.s)	Magnetizacion_(V.s)	Campo_(kA/m)	Magnetizacion_(A/m)
0.000000e+00	-7.681613e-06	-1.088690e-08	-5.695372e+01	-7.158189e+02
1.000000e-08	-7.679907e-06	-1.088720e-08	-5.694107e+01	-7.157367e+02
2.000000e-08	-7.676382e-06	-1.088917e-08	-5.691494e+01	-7.156095e+02
3.000000e-08	-7.671230e-06	-1.089094e-08	-5.687674e+01	-7.154290e+02
4.000000e-08	-7.664596e-06	-1.088739e-08	-5.682755e+01	-7.151856e+02
5.000000e-08	-7.656506e-06	-1.088013e-08	-5.676757e+01	-7.148696e+02
6.000000e-08	-7.646724e-06	-1.087088e-08	-5.669504e+01	-7.144738e+02
7.000000e-08	-7.635071e-06	-1.086137e-08	-5.660864e+01	-7.139947e+02
8.000000e-08	-7.621581e-06	-1.086146e-08	-5.650862e+01	-7.134335e+02
9.000000e-08	-7.605977e-06	-1.084243e-08	-5.639294e+01	-7.127962e+02
1.000000e-07	-7.588086e-06	-1.083343e-08	-5.626028e+01	-7.120929e+02
1.100000e-07	-7.568328e-06	-1.085278e-08	-5.611379e+01	-7.113361e+02
1.200000e-07	-7.547050e-06	-1.082611e-08	-5.595603e+01	-7.105390e+02
1.300000e-07	-7.524478e-06	-1.081609e-08	-5.578867e+01	-7.097130e+02
1.400000e-07	-7.500767e-06	-1.082486e-08	-5.561287e+01	-7.088664e+02
1.500000e-07	-7.475415e-06	-1.074000e-08	-5.542491e+01	-7.080023e+02
1.600000e-07	-7.448214e-06	-1.076529e-08	-5.522323e+01	-7.071187e+02
1.700000e-07	-7.419458e-06	-1.077464e-08	-5.501002e+01	-7.062081e+02
1.800000e-07	-7.389090e-06	-1.068244e-08	-5.478487e+01	-7.052586e+02
1.900000e-07	-7.357283e-06	-1.073566e-08	-5.454905e+01	-7.042558e+02
2.000000e-07	-7.324030e-06	-1.072024e-08	-5.430249e+01	-7.031843e+02
2.100000e-07	-7.288972e-06	-1.065930e-08	-5.404257e+01	-7.020306e+02
2.200000e-07	-7.252253e-06	-1.067583e-08	-5.377032e+01	-7.007842e+02
2.300000e-07	-7.213931e-06	-1.062886e-08	-5.348619e+01	-6.994399e+02
2.400000e-07	-7.174020e-06	-1.060420e-08	-5.319028e+01	-6.979979e+02
2.500000e-07	-7.132509e-06	-1.060616e-08	-5.288250e+01	-6.964640e+02
2.600000e-07	-7.089142e-06	-1.056345e-08	-5.256097e+01	-6.948484e+02
2.700000e-07	-7.044136e-06	-1.054925e-08	-5.222728e+01	-6.931634e+02
2.800000e-07	-6.997660e-06	-1.052096e-08	-5.188270e+01	-6.914220e+02
2.900000e-07	-6.949615e-06	-1.050172e-08	-5.152647e+01	-6.896346e+02
3.000000e-07	-6.899775e-06	-1.046635e-08	-5.115695e+01	-6.878074e+02
3.100000e-07	-6.847983e-06	-1.042899e-08	-5.077295e+01	-6.859408e+02
3.200000e-07	-6.794440e-06	-1.041725e-08	-5.037596e+01	-6.840295e+02
3.300000e-07	-6.739399e-06	-1.037731e-08	-4.996787e+01	-6.820630e+02
3.400000e-07	-6.683050e-06	-1.036940e-08	-4.955008e+01	-6.800279e+02
3.500000e-07	-6.625261e-06	-1.032999e-08	-4.912161e+01	-6.779096e+02
3.600000e-07	-6.565802e-06	-1.028133e-08	-4.868077e+01	-6.756961e+02
3.700000e-07	-6.504783e-06	-1.025447e-08	-4.822836e+01	-6.733792e+02
3.800000e-07	-6.442386e-06	-1.021671e-08	-4.776573e+01	-6.709569e+02
3.900000e-07	-6.378672e-06	-1.019056e-08	-4.729334e+01	-6.684329e+02
4.000000e-07	-6.313546e-06	-1.014639e-08	-4.681047e+01	-6.658161e+02
4.100000e-07	-6.246836e-06	-1.010906e-08	-4.631587e+01	-6.631179e+02
4.200000e-07	-6.178613e-06	-1.007080e-08	-4.581004e+01	-6.603503e+02
4.300000e-07	-6.109060e-06	-1.002640e-08	-4.529436e+01	-6.575226e+02
4.400000e-07	-6.038233e-06	-9.985227e-09	-4.476922e+01	-6.546393e+02
4.500000e-07	-5.966087e-06	-9.933597e-09	-4.423431e+01	-6.516992e+02
4.600000e-07	-5.892481e-06	-9.893520e-09	-4.368857e+01	-6.486956e+02
4.700000e-07	-5.817321e-06	-9.849360e-09	-4.313132e+01	-6.456178e+02
4.800000e-07	-5.740669e-06	-9.801544e-09	-4.256300e+01	-6.424533e+02
4.900000e-07	-5.662597e-06	-9.752125e-09	-4.198415e+01	-6.391907e+02
5.000000e-07	-5.583082e-06	-9.697539e-09	-4.139460e+01	-6.358225e+02
5.100000e-07	-5.502169e-06	-9.647605e-09	-4.079469e+01	-6.323460e+02
5.200000e-07	-5.420039e-06	-9.593996e-09	-4.018575e+01	-6.287640e+02
5.300000e-07	-5.336816e-06	-9.541064e-09	-3.956871e+01	-6.250840e+02
5.400000e-07	-5.252522e-06	-9.484551e-09	-3.894373e+01	-6.213161e+02
5.500000e-07	-5.167163e-06	-9.428925e-09	-3.831086e+01	-6.174700e+02
5.600000e-07	-5.080771e-06	-9.370188e-09	-3.767032e+01	-6.135532e+02
5.700000e-07	-4.993506e-06	-9.307318e-09	-3.702331e+01	-6.095685e+02
5.800000e-07	-4.905317e-06	-9.244817e-09	-3.636945e+01	-6.055133e+02
5.900000e-07	-4.815926e-06	-9.177252e-09	-3.570668e+01	-6.013802e+02
6.000000e-07	-4.725353e-06	-9.111498e-09	-3.503515e+01	-5.971583e+02
6.100000e-07	-4.633665e-06	-9.047603e-09	-3.435535e+01	-5.928354e+02
6.200000e-07	-4.540968e-06	-8.983017e-09	-3.366806e+01	-5.884003e+02
6.300000e-07	-4.447354e-06	-8.913456e-09	-3.297398e+01	-5.838443e+02
6.400000e-07	-4.352766e-06	-8.839586e-09	-3.227268e+01	-5.791629e+02
6.500000e-07	-4.257281e-06	-8.764827e-09	-3.156472e+01	-5.743551e+02
6.600000e-07	-4.160913e-06	-8.689679e-09	-3.085022e+01	-5.694228e+02
6.700000e-07	-4.063541e-06	-8.611760e-09	-3.012828e+01	-5.643691e+02
6.800000e-07	-3.965159e-06	-8.529162e-09	-2.939884e+01	-5.591968e+02
6.900000e-07	-3.865847e-06	-8.450934e-09	-2.866252e+01	-5.539067e+02
7.000000e-07	-3.765649e-06	-8.374628e-09	-2.791962e+01	-5.484976e+02
7.100000e-07	-3.664555e-06	-8.293229e-09	-2.717008e+01	-5.429657e+02
7.200000e-07	-3.562644e-06	-8.203252e-09	-2.641448e+01	-5.373061e+02
7.300000e-07	-3.460039e-06	-8.108229e-09	-2.565374e+01	-5.315135e+02
7.400000e-07	-3.356743e-06	-8.016772e-09	-2.488787e+01	-5.255833e+02
7.500000e-07	-3.252653e-06	-7.927490e-09	-2.411612e+01	-5.195123e+02
7.600000e-07	-3.147657e-06	-7.835557e-09	-2.333765e+01	-5.132987e+02
7.700000e-07	-3.041854e-06	-7.737782e-09	-2.255319e+01	-5.069412e+02
7.800000e-07	-2.935379e-06	-7.636766e-09	-2.176375e+01	-5.004380e+02
7.900000e-07	-2.828252e-06	-7.537021e-09	-2.096948e+01	-4.937854e+02
8.000000e-07	-2.720489e-06	-7.436655e-09	-2.017050e+01	-4.869773e+02
8.100000e-07	-2.612087e-06	-7.328638e-09	-1.936678e+01	-4.800049e+02
8.200000e-07	-2.503068e-06	-7.214783e-09	-1.855848e+01	-4.728578e+02
8.300000e-07	-2.393436e-06	-7.101115e-09	-1.774563e+01	-4.655252e+02
8.400000e-07	-2.283292e-06	-6.991142e-09	-1.692899e+01	-4.579979e+02
8.500000e-07	-2.172787e-06	-6.876076e-09	-1.610968e+01	-4.502694e+02
8.600000e-07	-2.061927e-06	-6.750250e-09	-1.528773e+01	-4.423367e+02
8.700000e-07	-1.950644e-06	-6.620882e-09	-1.446265e+01	-4.342001e+02
8.800000e-07	-1.838969e-06	-6.493472e-09	-1.363466e+01	-4.258609e+02
8.900000e-07	-1.726976e-06	-6.366228e-09	-1.280430e+01	-4.173193e+02
9.000000e-07	-1.614563e-06	-6.231547e-09	-1.197084e+01	-4.085717e+02
9.100000e-07	-1.501668e-06	-6.089726e-09	-1.113380e+01	-3.996083e+02
9.200000e-07	-1.388319e-06	-5.947034e-09	-1.029340e+01	-3.904130e+02
9.300000e-07	-1.274638e-06	-5.807082e-09	-9.450536e+00	-3.809633e+02
9.400000e-07	-1.160677e-06	-5.663652e-09	-8.605595e+00	-3.712338e+02
9.500000e-07	-1.046365e-06	-5.509732e-09	-7.758053e+00	-3.611991e+02
9.600000e-07	-9.318372e-07	-5.347390e-09	-6.908913e+00	-3.508380e+02
9.700000e-07	-8.171516e-07	-5.182662e-09	-6.058600e+00	-3.401362e+02
9.800000e-07	-7.023236e-07	-5.016035e-09	-5.207232e+00	-3.290879e+02
9.900000e-07	-5.873463e-07	-4.843694e-09	-4.354757e+00	-3.176938e+02
1.000000e-06	-4.722189e-07	-4.664044e-09	-3.501169e+00	-3.059580e+02
1.010000e-06	-3.569834e-07	-4.481331e-09	-2.646779e+00	-2.938822e+02
1.020000e-06	-2.415905e-07	-4.297303e-09	-1.791223e+00	-2.814604e+02
1.030000e-06	-1.261180e-07	-4.107377e-09	-9.350755e-01	-2.686738e+02
1.040000e-06	-1.062166e-08	-3.905975e-09	-7.875206e-02	-2.554891e+02
1.050000e-06	1.049061e-07	-3.691965e-09	7.778044e-01	-2.418596e+02
1.060000e-06	2.203831e-07	-3.471007e-09	1.633984e+00	-2.277303e+02
1.070000e-06	3.358147e-07	-3.245820e-09	2.489828e+00	-2.130455e+02
1.080000e-06	4.512516e-07	-3.014508e-09	3.345711e+00	-1.977573e+02
1.090000e-06	5.665959e-07	-2.771986e-09	4.200908e+00	-1.818331e+02
1.100000e-06	6.817827e-07	-2.518322e-09	5.054936e+00	-1.652599e+02
1.110000e-06	7.967566e-07	-2.258079e-09	5.907386e+00	-1.480435e+02
1.120000e-06	9.115259e-07	-1.991487e-09	6.758319e+00	-1.302026e+02
1.130000e-06	1.026104e-06	-1.711750e-09	7.607835e+00	-1.117580e+02
1.140000e-06	1.140413e-06	-1.418340e-09	8.455358e+00	-9.271963e+01
1.150000e-06	1.254448e-06	-1.114817e-09	9.300843e+00	-7.307372e+01
1.160000e-06	1.368127e-06	-8.018899e-10	1.014369e+01	-5.277443e+01
1.170000e-06	1.481344e-06	-4.796136e-10	1.098312e+01	-3.174202e+01
1.180000e-06	1.594092e-06	-1.457277e-10	1.181907e+01	-9.869999e+00
1.190000e-06	1.706351e-06	2.011840e-10	1.265138e+01	1.295878e+01
1.200000e-06	1.818152e-06	5.661847e-10	1.348031e+01	3.684878e+01
1.210000e-06	1.929628e-06	9.483940e-10	1.430682e+01	6.186469e+01
1.220000e-06	2.040772e-06	1.348965e-09	1.513088e+01	8.800520e+01
1.230000e-06	2.151481e-06	1.765293e-09	1.595171e+01	1.151826e+02
1.240000e-06	2.261774e-06	2.194409e-09	1.676946e+01	1.432127e+02
1.250000e-06	2.371629e-06	2.629596e-09	1.758395e+01	1.718175e+02
1.260000e-06	2.480966e-06	3.065800e-09	1.839460e+01	2.006415e+02
1.270000e-06	2.589706e-06	3.499652e-09	1.920084e+01	2.292800e+02
1.280000e-06	2.697809e-06	3.925683e-09	2.000234e+01	2.573151e+02
1.290000e-06	2.805335e-06	4.337263e-09	2.079957e+01	2.843546e+02
1.300000e-06	2.912355e-06	4.728071e-09	2.159305e+01	3.100674e+02
1.310000e-06	3.018848e-06	5.096371e-09	2.238262e+01	3.342108e+02
1.320000e-06	3.124601e-06	5.436285e-09	2.316670e+01	3.566453e+02
1.330000e-06	3.229393e-06	5.743936e-09	2.394366e+01	3.773359e+02
1.340000e-06	3.333308e-06	6.020981e-09	2.471412e+01	3.963405e+02
1.350000e-06	3.436545e-06	6.277305e-09	2.547954e+01	4.137877e+02
1.360000e-06	3.539117e-06	6.521043e-09	2.624004e+01	4.298494e+02
1.370000e-06	3.641004e-06	6.754656e-09	2.699547e+01	4.447126e+02
1.380000e-06	3.742106e-06	6.970305e-09	2.774507e+01	4.585543e+02
1.390000e-06	3.842293e-06	7.167986e-09	2.848788e+01	4.715245e+02
1.400000e-06	3.941659e-06	7.353916e-09	2.922461e+01	4.837369e+02
1.410000e-06	4.040292e-06	7.529056e-09	2.995590e+01	4.952692e+02
1.420000e-06	4.137922e-06	7.689053e-09	3.067976e+01	5.061693e+02
1.430000e-06	4.234395e-06	7.836558e-09	3.139504e+01	5.164666e+02
1.440000e-06	4.329890e-06	7.979942e-09	3.210307e+01	5.261830e+02
1.450000e-06	4.424472e-06	8.122966e-09	3.280433e+01	5.353430e+02
1.460000e-06	4.518160e-06	8.261710e-09	3.349896e+01	5.439791e+02
1.470000e-06	4.610918e-06	8.389685e-09	3.418669e+01	5.521335e+02
1.480000e-06	4.702638e-06	8.509441e-09	3.486673e+01	5.598551e+02
1.490000e-06	4.793375e-06	8.625913e-09	3.553948e+01	5.671946e+02
1.500000e-06	4.882974e-06	8.737136e-09	3.620379e+01	5.741981e+02
1.510000e-06	4.971283e-06	8.837066e-09	3.685854e+01	5.809027e+02
1.520000e-06	5.058509e-06	8.927602e-09	3.750526e+01	5.873335e+02
1.530000e-06	5.144732e-06	9.016121e-09	3.814454e+01	5.935045e+02
1.540000e-06	5.229865e-06	9.108554e-09	3.877574e+01	5.994212e+02
1.550000e-06	5.313864e-06	9.200220e-09	3.939854e+01	6.050856e+02
1.560000e-06	5.396763e-06	9.285772e-09	4.001317e+01	6.105006e+02
1.570000e-06	5.478418e-06	9.365548e-09	4.061859e+01	6.156742e+02
1.580000e-06	5.558779e-06	9.443183e-09	4.121441e+01	6.206214e+02
1.590000e-06	5.637954e-06	9.517129e-09	4.180144e+01	6.253633e+02
1.600000e-06	5.715914e-06	9.581609e-09	4.237945e+01	6.299248e+02
1.610000e-06	5.792504e-06	9.640609e-09	4.294732e+01	6.343304e+02
1.620000e-06	5.867681e-06	9.701033e-09	4.350470e+01	6.386007e+02
1.630000e-06	5.941402e-06	9.766061e-09	4.405129e+01	6.427483e+02
1.640000e-06	6.013670e-06	9.831547e-09	4.458710e+01	6.467771e+02
1.650000e-06	6.084685e-06	9.895383e-09	4.511363e+01	6.506825e+02
1.660000e-06	6.154472e-06	9.956880e-09	4.563105e+01	6.544539e+02
1.670000e-06	6.222931e-06	1.001612e-08	4.613862e+01	6.580782e+02
1.680000e-06	6.290008e-06	1.007019e-08	4.663596e+01	6.615435e+02
1.690000e-06	6.355557e-06	1.011649e-08	4.712196e+01	6.648428e+02
1.700000e-06	6.419596e-06	1.015752e-08	4.759676e+01	6.679758e+02
1.710000e-06	6.482312e-06	1.019923e-08	4.806175e+01	6.709486e+02
1.720000e-06	6.543789e-06	1.024554e-08	4.851756e+01	6.737732e+02
1.730000e-06	6.603986e-06	1.029134e-08	4.896388e+01	6.764645e+02
1.740000e-06	6.662703e-06	1.033349e-08	4.939923e+01	6.790373e+02
1.750000e-06	6.719827e-06	1.037236e-08	4.982276e+01	6.815045e+02
1.760000e-06	6.775385e-06	1.041057e-08	5.023468e+01	6.838744e+02
1.770000e-06	6.829421e-06	1.044928e-08	5.063532e+01	6.861510e+02
1.780000e-06	6.881880e-06	1.048382e-08	5.102427e+01	6.883341e+02
1.790000e-06	6.932524e-06	1.050995e-08	5.139976e+01	6.904212e+02
1.800000e-06	6.981281e-06	1.053388e-08	5.176126e+01	6.924093e+02
1.810000e-06	7.028412e-06	1.056194e-08	5.211069e+01	6.942961e+02
1.820000e-06	7.074105e-06	1.059322e-08	5.244948e+01	6.960818e+02
1.830000e-06	7.118367e-06	1.062439e-08	5.277765e+01	6.977688e+02
1.840000e-06	7.160995e-06	1.065487e-08	5.309371e+01	6.993617e+02
1.850000e-06	7.201885e-06	1.068397e-08	5.339687e+01	7.008660e+02
1.860000e-06	7.241152e-06	1.071122e-08	5.368802e+01	7.022872e+02
1.870000e-06	7.278916e-06	1.073379e-08	5.396801e+01	7.036297e+02
1.880000e-06	7.315200e-06	1.074832e-08	5.423703e+01	7.048967e+02
1.890000e-06	7.349814e-06	1.076044e-08	5.449367e+01	7.060900e+02
1.900000e-06	7.382712e-06	1.077687e-08	5.473758e+01	7.072109e+02
1.910000e-06	7.414060e-06	1.079629e-08	5.497000e+01	7.082606e+02
1.920000e-06	7.443909e-06	1.081577e-08	5.519131e+01	7.092414e+02
1.930000e-06	7.472245e-06	1.083275e-08	5.540141e+01	7.101564e+02
1.940000e-06	7.498870e-06	1.084923e-08	5.559881e+01	7.110099e+02
1.950000e-06	7.523651e-06	1.086684e-08	5.578254e+01	7.118065e+02
1.960000e-06	7.546715e-06	1.088208e-08	5.595355e+01	7.125500e+02
1.970000e-06	7.568249e-06	1.089333e-08	5.611320e+01	7.132426e+02
1.980000e-06	7.588321e-06	1.090135e-08	5.626203e+01	7.138843e+02
1.990000e-06	7.606723e-06	1.090961e-08	5.639846e+01	7.144726e+02
2.000000e-06	7.623325e-06	1.091867e-08	5.652156e+01	7.150033e+02
2.010000e-06	7.638197e-06	1.092683e-08	5.663182e+01	7.154712e+02
2.020000e-06	7.651319e-06	1.093464e-08	5.672911e+01	7.158715e+02
2.030000e-06	7.662530e-06	1.094170e-08	5.681223e+01	7.162017e+02
2.040000e-06	7.671864e-06	1.094692e-08	5.688144e+01	7.164618e+02
2.050000e-06	7.679480e-06	1.095304e-08	5.693790e+01	7.166549e+02
2.060000e-06	7.685451e-06	1.096025e-08	5.698218e+01	7.167869e+02
2.070000e-06	7.689868e-06	1.096543e-08	5.701492e+01	7.168652e+02
2.080000e-06	7.692577e-06	1.096593e-08	5.703501e+01	7.168970e+02
2.090000e-06	7.693452e-06	1.096449e-08	5.704150e+01	7.168877e+02
2.100000e-06	7.692690e-06	1.096353e-08	5.703585e+01	7.168397e+02
2.110000e-06	7.690462e-06	1.096456e-08	5.701933e+01	7.167511e+02
2.120000e-06	7.686776e-06	1.096440e-08	5.699200e+01	7.166164e+02
2.130000e-06	7.681393e-06	1.096114e-08	5.695209e+01	7.164271e+02
2.140000e-06	7.674209e-06	1.095784e-08	5.689882e+01	7.161733e+02
2.150000e-06	7.665507e-06	1.095412e-08	5.683430e+01	7.158456e+02
2.160000e-06	7.655429e-06	1.094771e-08	5.675958e+01	7.154374e+02
2.170000e-06	7.643742e-06	1.092250e-08	5.667293e+01	7.149457e+02
2.180000e-06	7.630120e-06	1.092013e-08	5.657194e+01	7.143725e+02
2.190000e-06	7.614292e-06	1.092739e-08	5.645459e+01	7.137245e+02
2.200000e-06	7.596101e-06	1.089462e-08	5.631971e+01	7.130123e+02
2.210000e-06	7.575680e-06	1.090585e-08	5.616830e+01	7.122486e+02
2.220000e-06	7.553543e-06	1.086555e-08	5.600417e+01	7.114464e+02
2.230000e-06	7.530428e-06	1.083478e-08	5.583279e+01	7.106168e+02
2.240000e-06	7.506234e-06	1.089354e-08	5.565341e+01	7.097674e+02
2.250000e-06	7.480344e-06	1.078975e-08	5.546145e+01	7.089006e+02
2.260000e-06	7.453058e-06	1.078800e-08	5.525914e+01	7.080135e+02
2.270000e-06	7.424326e-06	1.088334e-08	5.504612e+01	7.070978e+02
2.280000e-06	7.393550e-06	1.077523e-08	5.481793e+01	7.061412e+02
2.290000e-06	7.360982e-06	1.079012e-08	5.457647e+01	7.051290e+02
2.300000e-06	7.326909e-06	1.081953e-08	5.432384e+01	7.040459e+02
2.310000e-06	7.291367e-06	1.072180e-08	5.406032e+01	7.028788e+02
2.320000e-06	7.254326e-06	1.075836e-08	5.378569e+01	7.016178e+02
2.330000e-06	7.215392e-06	1.070263e-08	5.349702e+01	7.002587e+02
2.340000e-06	7.174678e-06	1.065005e-08	5.319516e+01	6.988023e+02
2.350000e-06	7.132557e-06	1.069110e-08	5.288286e+01	6.972554e+02
2.360000e-06	7.088958e-06	1.061391e-08	5.255960e+01	6.956284e+02
2.370000e-06	7.043855e-06	1.063221e-08	5.222520e+01	6.939342e+02
2.380000e-06	6.997129e-06	1.058960e-08	5.187876e+01	6.921852e+02
2.390000e-06	6.948740e-06	1.054195e-08	5.151999e+01	6.903915e+02
2.400000e-06	6.898821e-06	1.055659e-08	5.114987e+01	6.885584e+02
2.410000e-06	6.847252e-06	1.046955e-08	5.076752e+01	6.866855e+02
2.420000e-06	6.793917e-06	1.047234e-08	5.037209e+01	6.847667e+02
2.430000e-06	6.738806e-06	1.041721e-08	4.996347e+01	6.827908e+02
2.440000e-06	6.682128e-06	1.039125e-08	4.954325e+01	6.807439e+02
2.450000e-06	6.624104e-06	1.039611e-08	4.911304e+01	6.786120e+02
2.460000e-06	6.564674e-06	1.031899e-08	4.867241e+01	6.763833e+02
2.470000e-06	6.503783e-06	1.031590e-08	4.822094e+01	6.740506e+02
2.480000e-06	6.441267e-06	1.024662e-08	4.775743e+01	6.716125e+02
2.490000e-06	6.377201e-06	1.022127e-08	4.728243e+01	6.690739e+02
2.500000e-06	6.311815e-06	1.018580e-08	4.679764e+01	6.664440e+02
2.510000e-06	6.245104e-06	1.011604e-08	4.630302e+01	6.637346e+02
2.520000e-06	6.176944e-06	1.010343e-08	4.579766e+01	6.609575e+02
2.530000e-06	6.107176e-06	1.003352e-08	4.528039e+01	6.581212e+02
2.540000e-06	6.035923e-06	1.001220e-08	4.475209e+01	6.552295e+02
2.550000e-06	5.963333e-06	9.950684e-09	4.421389e+01	6.522804e+02
2.560000e-06	5.889430e-06	9.901992e-09	4.366595e+01	6.492663e+02
2.570000e-06	5.814125e-06	9.865369e-09	4.310762e+01	6.461762e+02
2.580000e-06	5.737260e-06	9.805634e-09	4.253772e+01	6.429976e+02
2.590000e-06	5.658918e-06	9.775511e-09	4.195687e+01	6.397195e+02
2.600000e-06	5.579247e-06	9.702354e-09	4.136616e+01	6.363350e+02
2.610000e-06	5.498379e-06	9.654890e-09	4.076658e+01	6.328423e+02
2.620000e-06	5.416451e-06	9.591883e-09	4.015915e+01	6.292450e+02
2.630000e-06	5.333456e-06	9.541283e-09	3.954380e+01	6.255511e+02
2.640000e-06	5.249190e-06	9.486998e-09	3.891903e+01	6.217707e+02
2.650000e-06	5.163631e-06	9.425385e-09	3.828467e+01	6.179137e+02
2.660000e-06	5.076828e-06	9.375474e-09	3.764108e+01	6.139865e+02
2.670000e-06	4.988896e-06	9.306734e-09	3.698913e+01	6.099914e+02
2.680000e-06	4.900007e-06	9.249034e-09	3.633008e+01	6.059251e+02
2.690000e-06	4.810187e-06	9.174906e-09	3.566413e+01	6.017794e+02
2.700000e-06	4.719438e-06	9.109478e-09	3.499129e+01	5.975430e+02
2.710000e-06	4.627590e-06	9.042347e-09	3.431030e+01	5.932039e+02
2.720000e-06	4.534641e-06	8.981773e-09	3.362115e+01	5.887510e+02
2.730000e-06	4.440705e-06	8.919481e-09	3.292468e+01	5.841764e+02
2.740000e-06	4.345751e-06	8.849912e-09	3.222067e+01	5.794759e+02
2.750000e-06	4.249851e-06	8.776377e-09	3.150963e+01	5.746492e+02
2.760000e-06	4.152992e-06	8.696480e-09	3.079150e+01	5.696984e+02
2.770000e-06	4.055235e-06	8.619223e-09	3.006669e+01	5.646267e+02
2.780000e-06	3.956747e-06	8.534037e-09	2.933648e+01	5.594366e+02
2.790000e-06	3.857413e-06	8.453679e-09	2.859998e+01	5.541288e+02
2.800000e-06	3.757079e-06	8.370680e-09	2.785608e+01	5.487014e+02
2.810000e-06	3.655856e-06	8.291891e-09	2.710558e+01	5.431507e+02
2.820000e-06	3.553807e-06	8.206508e-09	2.634896e+01	5.374714e+02
2.830000e-06	3.450887e-06	8.115918e-09	2.558588e+01	5.316583e+02
2.840000e-06	3.347134e-06	8.021371e-09	2.481663e+01	5.257071e+02
2.850000e-06	3.242597e-06	7.925779e-09	2.404156e+01	5.196147e+02
2.860000e-06	3.137374e-06	7.831388e-09	2.326140e+01	5.133796e+02
2.870000e-06	3.031515e-06	7.733090e-09	2.247653e+01	5.070003e+02
2.880000e-06	2.925047e-06	7.634439e-09	2.168715e+01	5.004749e+02
2.890000e-06	2.817980e-06	7.535423e-09	2.089333e+01	4.937994e+02
2.900000e-06	2.710255e-06	7.437086e-09	2.009462e+01	4.869672e+02
2.910000e-06	2.601967e-06	7.328338e-09	1.929174e+01	4.799692e+02
2.920000e-06	2.493166e-06	7.211866e-09	1.848506e+01	4.727949e+02
2.930000e-06	2.383807e-06	7.092664e-09	1.767424e+01	4.654336e+02
2.940000e-06	2.273953e-06	6.978282e-09	1.685975e+01	4.578763e+02
2.950000e-06	2.163605e-06	6.863985e-09	1.604160e+01	4.501172e+02
2.960000e-06	2.052744e-06	6.743628e-09	1.521964e+01	4.421539e+02
2.970000e-06	1.941351e-06	6.619059e-09	1.439374e+01	4.339867e+02
2.980000e-06	1.829456e-06	6.493911e-09	1.356412e+01	4.256171e+02
2.990000e-06	1.717173e-06	6.368117e-09	1.273162e+01	4.170449e+02
3.000000e-06	1.604500e-06	6.234131e-09	1.189623e+01	4.082656e+02
3.010000e-06	1.491500e-06	6.093311e-09	1.105842e+01	3.992686e+02
3.020000e-06	1.378220e-06	5.949425e-09	1.021852e+01	3.900366e+02
3.030000e-06	1.264650e-06	5.803522e-09	9.376484e+00	3.805465e+02
3.040000e-06	1.150799e-06	5.656168e-09	8.532356e+00	3.707727e+02
3.050000e-06	1.036707e-06	5.504779e-09	7.686452e+00	3.606902e+02
3.060000e-06	9.224337e-07	5.345821e-09	6.839193e+00	3.502786e+02
3.070000e-06	8.079461e-07	5.180957e-09	5.990348e+00	3.395250e+02
3.080000e-06	6.932562e-07	5.011773e-09	5.140004e+00	3.284245e+02
3.090000e-06	5.783241e-07	4.836881e-09	4.287863e+00	3.169789e+02
3.100000e-06	4.632229e-07	4.653967e-09	3.434470e+00	3.051920e+02
3.110000e-06	3.480451e-07	4.467247e-09	2.580508e+00	2.930649e+02
3.120000e-06	2.327501e-07	4.278749e-09	1.725677e+00	2.805898e+02
3.130000e-06	1.173407e-07	4.085518e-09	8.699983e-01	2.677459e+02
3.140000e-06	1.849455e-09	3.883775e-09	1.371240e-02	2.544977e+02
3.150000e-06	-1.136150e-07	3.672052e-09	-8.423749e-01	2.407968e+02
3.160000e-06	-2.290280e-07	3.454368e-09	-1.698080e+00	2.265876e+02
3.170000e-06	-3.443671e-07	3.231097e-09	-2.553238e+00	2.118150e+02
3.180000e-06	-4.595452e-07	2.997089e-09	-3.407203e+00	1.964329e+02
3.190000e-06	-5.745559e-07	2.752184e-09	-4.259925e+00	1.804116e+02
3.200000e-06	-6.894385e-07	2.498577e-09	-5.111698e+00	1.637411e+02
3.210000e-06	-8.042050e-07	2.237694e-09	-5.962610e+00	1.464296e+02
3.220000e-06	-9.187289e-07	1.967310e-09	-6.811724e+00	1.284969e+02
3.230000e-06	-1.032967e-06	1.684783e-09	-7.658722e+00	1.099629e+02
3.240000e-06	-1.146939e-06	1.394000e-09	-8.503740e+00	9.083492e+01
3.250000e-06	-1.260653e-06	1.094935e-09	-9.346848e+00	7.109470e+01
3.260000e-06	-1.374127e-06	7.865394e-10	-1.018818e+01	5.069124e+01
3.270000e-06	-1.487213e-06	4.647293e-10	-1.102663e+01	2.954009e+01
3.280000e-06	-1.599843e-06	1.262063e-10	-1.186171e+01	7.531942e+00
3.290000e-06	-1.712095e-06	-2.273780e-10	-1.269397e+01	-1.545008e+01
3.300000e-06	-1.823987e-06	-5.928941e-10	-1.352357e+01	-3.950625e+01
3.310000e-06	-1.935350e-06	-9.702669e-10	-1.434925e+01	-6.469292e+01
3.320000e-06	-2.046013e-06	-1.364191e-09	-1.516974e+01	-9.099693e+01
3.330000e-06	-2.156121e-06	-1.776704e-09	-1.598611e+01	-1.183165e+02
3.340000e-06	-2.265823e-06	-2.203124e-09	-1.679947e+01	-1.464527e+02
3.350000e-06	-2.375114e-06	-2.639351e-09	-1.760979e+01	-1.751147e+02
3.360000e-06	-2.483923e-06	-3.083500e-09	-1.841653e+01	-2.039375e+02
3.370000e-06	-2.592143e-06	-3.528540e-09	-1.921891e+01	-2.325119e+02
3.380000e-06	-2.699754e-06	-3.963014e-09	-2.001677e+01	-2.604217e+02
3.390000e-06	-2.806792e-06	-4.375929e-09	-2.081038e+01	-2.872814e+02
3.400000e-06	-2.913377e-06	-4.764429e-09	-2.160063e+01	-3.127719e+02
3.410000e-06	-3.019469e-06	-5.128249e-09	-2.238722e+01	-3.366653e+02
3.420000e-06	-3.124916e-06	-5.464789e-09	-2.316904e+01	-3.588381e+02
3.430000e-06	-3.229727e-06	-5.775455e-09	-2.394614e+01	-3.792702e+02
3.440000e-06	-3.333812e-06	-6.064206e-09	-2.471786e+01	-3.980317e+02
3.450000e-06	-3.437003e-06	-6.334751e-09	-2.548294e+01	-4.152594e+02
3.460000e-06	-3.539404e-06	-6.588453e-09	-2.624218e+01	-4.311295e+02
3.470000e-06	-3.641116e-06	-6.823019e-09	-2.699629e+01	-4.458288e+02
3.480000e-06	-3.741917e-06	-7.037946e-09	-2.774366e+01	-4.595311e+02
3.490000e-06	-3.841680e-06	-7.235208e-09	-2.848334e+01	-4.723814e+02
3.500000e-06	-3.940603e-06	-7.416330e-09	-2.921678e+01	-4.844877e+02
3.510000e-06	-4.038794e-06	-7.585103e-09	-2.994480e+01	-4.959227e+02
3.520000e-06	-4.136203e-06	-7.744916e-09	-3.066701e+01	-5.067309e+02
3.530000e-06	-4.232798e-06	-7.896177e-09	-3.138320e+01	-5.169398e+02
3.540000e-06	-4.328427e-06	-8.042166e-09	-3.209222e+01	-5.265711e+02
3.550000e-06	-4.423102e-06	-8.185830e-09	-3.279417e+01	-5.356502e+02
3.560000e-06	-4.516877e-06	-8.326369e-09	-3.348944e+01	-5.442113e+02
3.570000e-06	-4.609566e-06	-8.459138e-09	-3.417666e+01	-5.522976e+02
3.580000e-06	-4.701078e-06	-8.578313e-09	-3.485516e+01	-5.599588e+02
3.590000e-06	-4.791520e-06	-8.684124e-09	-3.552573e+01	-5.672452e+02
3.600000e-06	-4.880956e-06	-8.783506e-09	-3.618883e+01	-5.742018e+02
3.610000e-06	-4.969307e-06	-8.880015e-09	-3.684390e+01	-5.808641e+02
3.620000e-06	-5.056534e-06	-8.973755e-09	-3.749062e+01	-5.872553e+02
3.630000e-06	-5.142706e-06	-9.065572e-09	-3.812952e+01	-5.933881e+02
3.640000e-06	-5.227637e-06	-9.158924e-09	-3.875923e+01	-5.992669e+02
3.650000e-06	-5.311245e-06	-9.256107e-09	-3.937912e+01	-6.048937e+02
3.660000e-06	-5.393763e-06	-9.350082e-09	-3.999093e+01	-6.102719e+02
3.670000e-06	-5.475228e-06	-9.430658e-09	-4.059494e+01	-6.154105e+02
3.680000e-06	-5.555543e-06	-9.496774e-09	-4.119042e+01	-6.203255e+02
3.690000e-06	-5.634631e-06	-9.558485e-09	-4.177680e+01	-6.250388e+02
3.700000e-06	-5.712470e-06	-9.624231e-09	-4.235392e+01	-6.295754e+02
3.710000e-06	-5.788869e-06	-9.695061e-09	-4.292037e+01	-6.339597e+02
3.720000e-06	-5.863740e-06	-9.764906e-09	-4.347548e+01	-6.382110e+02
3.730000e-06	-5.937300e-06	-9.832179e-09	-4.402088e+01	-6.423408e+02
3.740000e-06	-6.009629e-06	-9.898573e-09	-4.455714e+01	-6.463517e+02
3.750000e-06	-6.080646e-06	-9.961038e-09	-4.508369e+01	-6.502379e+02
3.760000e-06	-6.150215e-06	-1.001467e-08	-4.559949e+01	-6.539881e+02
3.770000e-06	-6.218233e-06	-1.005968e-08	-4.610379e+01	-6.575892e+02
3.780000e-06	-6.284866e-06	-1.010527e-08	-4.659783e+01	-6.610300e+02
3.790000e-06	-6.350268e-06	-1.015786e-08	-4.708274e+01	-6.643043e+02
3.800000e-06	-6.414360e-06	-1.021286e-08	-4.755794e+01	-6.674128e+02
3.810000e-06	-6.477056e-06	-1.026207e-08	-4.802278e+01	-6.703626e+02
3.820000e-06	-6.538274e-06	-1.030468e-08	-4.847667e+01	-6.731663e+02
3.830000e-06	-6.597947e-06	-1.034392e-08	-4.891910e+01	-6.758389e+02
3.840000e-06	-6.656153e-06	-1.038149e-08	-4.935066e+01	-6.783953e+02
3.850000e-06	-6.713016e-06	-1.041465e-08	-4.977226e+01	-6.808475e+02
3.860000e-06	-6.768432e-06	-1.044554e-08	-5.018313e+01	-6.832033e+02
3.870000e-06	-6.822167e-06	-1.047791e-08	-5.058153e+01	-6.854660e+02
3.880000e-06	-6.874077e-06	-1.051467e-08	-5.096641e+01	-6.876350e+02
3.890000e-06	-6.924237e-06	-1.055228e-08	-5.133832e+01	-6.897075e+02
3.900000e-06	-6.972671e-06	-1.058387e-08	-5.169742e+01	-6.916806e+02
3.910000e-06	-7.019272e-06	-1.060765e-08	-5.204293e+01	-6.935522e+02
3.920000e-06	-7.064309e-06	-1.062785e-08	-5.237685e+01	-6.953230e+02
3.930000e-06	-7.108060e-06	-1.064944e-08	-5.270123e+01	-6.969956e+02
3.940000e-06	-7.150511e-06	-1.066786e-08	-5.301597e+01	-6.985750e+02
3.950000e-06	-7.191544e-06	-1.068601e-08	-5.332021e+01	-7.000665e+02
3.960000e-06	-7.231062e-06	-1.070890e-08	-5.361320e+01	-7.014757e+02
3.970000e-06	-7.268917e-06	-1.073566e-08	-5.389387e+01	-7.028068e+02
3.980000e-06	-7.305018e-06	-1.075843e-08	-5.416154e+01	-7.040627e+02
3.990000e-06	-7.339547e-06	-1.077096e-08	-5.441754e+01	-7.052451e+02
4.000000e-06	-7.372594e-06	-1.077756e-08	-5.466256e+01	-7.063553e+02
4.010000e-06	-7.404052e-06	-1.078550e-08	-5.489580e+01	-7.073946e+02
4.020000e-06	-7.433751e-06	-1.079968e-08	-5.511600e+01	-7.083653e+02
4.030000e-06	-7.461704e-06	-1.081414e-08	-5.532325e+01	-7.092709e+02
4.040000e-06	-7.488102e-06	-1.082677e-08	-5.551898e+01	-7.101157e+02
4.050000e-06	-7.512896e-06	-1.084089e-08	-5.570281e+01	-7.109042e+02
4.060000e-06	-7.536015e-06	-1.085580e-08	-5.587421e+01	-7.116400e+02
4.070000e-06	-7.557422e-06	-1.086668e-08	-5.603293e+01	-7.123251e+02
4.080000e-06	-7.577100e-06	-1.086896e-08	-5.617883e+01	-7.129590e+02
4.090000e-06	-7.595219e-06	-1.086827e-08	-5.631317e+01	-7.135391e+02
4.100000e-06	-7.611799e-06	-1.087209e-08	-5.643610e+01	-7.140608e+02
4.110000e-06	-7.626673e-06	-1.088041e-08	-5.654638e+01	-7.145188e+02
4.120000e-06	-7.639600e-06	-1.088823e-08	-5.664222e+01	-7.149089e+02
4.130000e-06	-7.650659e-06	-1.089279e-08	-5.672422e+01	-7.152285e+02
4.140000e-06	-7.660111e-06	-1.089672e-08	-5.679430e+01	-7.154783e+02
4.150000e-06	-7.667930e-06	-1.089971e-08	-5.685227e+01	-7.156619e+02
4.160000e-06	-7.673927e-06	-1.090049e-08	-5.689674e+01	-7.157854e+02
4.170000e-06	-7.678134e-06	-1.089645e-08	-5.692792e+01	-7.158564e+02
4.180000e-06	-7.680773e-06	-1.089031e-08	-5.694749e+01	-7.158818e+02
4.190000e-06	-7.681853e-06	-1.088747e-08	-5.695550e+01	-7.158668e+02
