# Temperatura_=_45.8
# Concentracion g/m^3_=_18600.0
# C_Vs_to_Am_M_A/Vsm_=_65563218390.804596
# pendiente_HvsI_1/m_=_3716.3
# ordenada_HvsI_A/m_=_1297.0
# frecuencia_Hz_=_238272.15895620012

Tiempo_(s)	Campo_(V.s)	Magnetizacion_(V.s)	Campo_(kA/m)	Magnetizacion_(A/m)
0.000000e+00	-7.601171e-06	-1.093850e-08	-5.695164e+01	-7.186961e+02
1.000000e-08	-7.599247e-06	-1.093875e-08	-5.693723e+01	-7.185349e+02
2.000000e-08	-7.595547e-06	-1.093687e-08	-5.690951e+01	-7.183034e+02
3.000000e-08	-7.590339e-06	-1.093217e-08	-5.687048e+01	-7.180071e+02
4.000000e-08	-7.583712e-06	-1.092445e-08	-5.682083e+01	-7.176521e+02
5.000000e-08	-7.575626e-06	-1.091567e-08	-5.676025e+01	-7.172432e+02
6.000000e-08	-7.565866e-06	-1.090546e-08	-5.668712e+01	-7.167821e+02
7.000000e-08	-7.554228e-06	-1.089479e-08	-5.659992e+01	-7.162671e+02
8.000000e-08	-7.540705e-06	-1.089253e-08	-5.649860e+01	-7.156934e+02
9.000000e-08	-7.525087e-06	-1.087892e-08	-5.638159e+01	-7.150540e+02
1.000000e-07	-7.507238e-06	-1.087403e-08	-5.624785e+01	-7.143422e+02
1.100000e-07	-7.487509e-06	-1.087900e-08	-5.610003e+01	-7.135537e+02
1.200000e-07	-7.466333e-06	-1.084007e-08	-5.594137e+01	-7.126880e+02
1.300000e-07	-7.443902e-06	-1.084297e-08	-5.577331e+01	-7.117496e+02
1.400000e-07	-7.420273e-06	-1.086054e-08	-5.559626e+01	-7.107470e+02
1.500000e-07	-7.395023e-06	-1.078133e-08	-5.540708e+01	-7.096914e+02
1.600000e-07	-7.367953e-06	-1.079189e-08	-5.520426e+01	-7.085935e+02
1.700000e-07	-7.339304e-06	-1.078765e-08	-5.498961e+01	-7.074611e+02
1.800000e-07	-7.309077e-06	-1.070230e-08	-5.476313e+01	-7.062967e+02
1.900000e-07	-7.277422e-06	-1.072894e-08	-5.452595e+01	-7.050963e+02
2.000000e-07	-7.244292e-06	-1.070926e-08	-5.427773e+01	-7.038497e+02
2.100000e-07	-7.209383e-06	-1.066426e-08	-5.401618e+01	-7.025425e+02
2.200000e-07	-7.172841e-06	-1.067025e-08	-5.374238e+01	-7.011587e+02
2.300000e-07	-7.134766e-06	-1.063365e-08	-5.345711e+01	-6.996848e+02
2.400000e-07	-7.095056e-06	-1.062033e-08	-5.315958e+01	-6.981116e+02
2.500000e-07	-7.053779e-06	-1.060148e-08	-5.285032e+01	-6.964372e+02
2.600000e-07	-7.010781e-06	-1.054985e-08	-5.252816e+01	-6.946662e+02
2.700000e-07	-6.966048e-06	-1.053177e-08	-5.219299e+01	-6.928087e+02
2.800000e-07	-6.919819e-06	-1.050559e-08	-5.184662e+01	-6.908776e+02
2.900000e-07	-6.872094e-06	-1.048462e-08	-5.148904e+01	-6.888853e+02
3.000000e-07	-6.822728e-06	-1.045401e-08	-5.111917e+01	-6.868407e+02
3.100000e-07	-6.771443e-06	-1.042675e-08	-5.073492e+01	-6.847468e+02
3.200000e-07	-6.718316e-06	-1.040094e-08	-5.033686e+01	-6.826010e+02
3.300000e-07	-6.663714e-06	-1.035862e-08	-4.992776e+01	-6.803952e+02
3.400000e-07	-6.607777e-06	-1.033524e-08	-4.950865e+01	-6.781187e+02
3.500000e-07	-6.550340e-06	-1.027494e-08	-4.907831e+01	-6.757609e+02
3.600000e-07	-6.491255e-06	-1.022815e-08	-4.863561e+01	-6.733140e+02
3.700000e-07	-6.430697e-06	-1.020933e-08	-4.818189e+01	-6.707743e+02
3.800000e-07	-6.368851e-06	-1.017612e-08	-4.771850e+01	-6.681435e+02
3.900000e-07	-6.305685e-06	-1.014877e-08	-4.724523e+01	-6.654268e+02
4.000000e-07	-6.241160e-06	-1.010526e-08	-4.676178e+01	-6.626308e+02
4.100000e-07	-6.175097e-06	-1.006285e-08	-4.626680e+01	-6.597615e+02
4.200000e-07	-6.107373e-06	-1.001502e-08	-4.575939e+01	-6.568211e+02
4.300000e-07	-6.038240e-06	-9.963422e-09	-4.524141e+01	-6.538073e+02
4.400000e-07	-5.967858e-06	-9.909439e-09	-4.471407e+01	-6.507134e+02
4.500000e-07	-5.896242e-06	-9.854653e-09	-4.417749e+01	-6.475294e+02
4.600000e-07	-5.823377e-06	-9.818686e-09	-4.363155e+01	-6.442448e+02
4.700000e-07	-5.749060e-06	-9.775992e-09	-4.307473e+01	-6.408513e+02
4.800000e-07	-5.673110e-06	-9.727086e-09	-4.250568e+01	-6.373455e+02
4.900000e-07	-5.595708e-06	-9.669780e-09	-4.192574e+01	-6.337296e+02
5.000000e-07	-5.516951e-06	-9.607915e-09	-4.133566e+01	-6.300112e+02
5.100000e-07	-5.436833e-06	-9.549017e-09	-4.073538e+01	-6.262017e+02
5.200000e-07	-5.355451e-06	-9.485950e-09	-4.012563e+01	-6.223132e+02
5.300000e-07	-5.272885e-06	-9.423858e-09	-3.950700e+01	-6.183554e+02
5.400000e-07	-5.189222e-06	-9.363750e-09	-3.888016e+01	-6.143333e+02
5.500000e-07	-5.104541e-06	-9.308228e-09	-3.824569e+01	-6.102455e+02
5.600000e-07	-5.018912e-06	-9.247507e-09	-3.760411e+01	-6.060849e+02
5.700000e-07	-4.932342e-06	-9.179557e-09	-3.695549e+01	-6.018403e+02
5.800000e-07	-4.844767e-06	-9.110689e-09	-3.629933e+01	-5.974993e+02
5.900000e-07	-4.756078e-06	-9.041696e-09	-3.563483e+01	-5.930515e+02
6.000000e-07	-4.666361e-06	-8.973654e-09	-3.496263e+01	-5.884905e+02
6.100000e-07	-4.575573e-06	-8.903338e-09	-3.428240e+01	-5.838155e+02
6.200000e-07	-4.483613e-06	-8.831462e-09	-3.359339e+01	-5.790301e+02
6.300000e-07	-4.390699e-06	-8.757711e-09	-3.289723e+01	-5.741407e+02
6.400000e-07	-4.296925e-06	-8.682357e-09	-3.219463e+01	-5.691535e+02
6.500000e-07	-4.202240e-06	-8.602742e-09	-3.148521e+01	-5.640712e+02
6.600000e-07	-4.106667e-06	-8.522330e-09	-3.076913e+01	-5.588911e+02
6.700000e-07	-4.010181e-06	-8.441045e-09	-3.004621e+01	-5.536044e+02
6.800000e-07	-3.912822e-06	-8.359406e-09	-2.931675e+01	-5.481976e+02
6.900000e-07	-3.814630e-06	-8.279822e-09	-2.858105e+01	-5.426545e+02
7.000000e-07	-3.715450e-06	-8.195521e-09	-2.783794e+01	-5.369608e+02
7.100000e-07	-3.615213e-06	-8.102587e-09	-2.708692e+01	-5.311065e+02
7.200000e-07	-3.514177e-06	-8.003531e-09	-2.632991e+01	-5.250885e+02
7.300000e-07	-3.412533e-06	-7.904798e-09	-2.556834e+01	-5.189110e+02
7.400000e-07	-3.310120e-06	-7.807857e-09	-2.480102e+01	-5.125840e+02
7.500000e-07	-3.206897e-06	-7.712439e-09	-2.402762e+01	-5.061198e+02
7.600000e-07	-3.102973e-06	-7.615570e-09	-2.324897e+01	-4.995292e+02
7.700000e-07	-2.998327e-06	-7.516384e-09	-2.246491e+01	-4.928171e+02
7.800000e-07	-2.892993e-06	-7.416118e-09	-2.167570e+01	-4.859804e+02
7.900000e-07	-2.787075e-06	-7.312348e-09	-2.088211e+01	-4.790077e+02
8.000000e-07	-2.680534e-06	-7.200658e-09	-2.008386e+01	-4.718809e+02
8.100000e-07	-2.573221e-06	-7.081757e-09	-1.927981e+01	-4.645787e+02
8.200000e-07	-2.465138e-06	-6.962555e-09	-1.847000e+01	-4.570820e+02
8.300000e-07	-2.356521e-06	-6.845180e-09	-1.765619e+01	-4.493773e+02
8.400000e-07	-2.247472e-06	-6.727614e-09	-1.683914e+01	-4.414596e+02
8.500000e-07	-2.138016e-06	-6.605005e-09	-1.601905e+01	-4.333327e+02
8.600000e-07	-2.028155e-06	-6.477271e-09	-1.519592e+01	-4.250063e+02
8.700000e-07	-1.917844e-06	-6.346845e-09	-1.436941e+01	-4.164921e+02
8.800000e-07	-1.807163e-06	-6.215599e-09	-1.354014e+01	-4.077978e+02
8.900000e-07	-1.696129e-06	-6.081326e-09	-1.270822e+01	-3.989226e+02
9.000000e-07	-1.584667e-06	-5.940961e-09	-1.187309e+01	-3.898543e+02
9.100000e-07	-1.472828e-06	-5.797141e-09	-1.103514e+01	-3.805689e+02
9.200000e-07	-1.360705e-06	-5.652769e-09	-1.019506e+01	-3.710341e+02
9.300000e-07	-1.248302e-06	-5.505576e-09	-9.352877e+00	-3.612142e+02
9.400000e-07	-1.135647e-06	-5.351776e-09	-8.508814e+00	-3.510770e+02
9.500000e-07	-1.022815e-06	-5.189285e-09	-7.663423e+00	-3.405994e+02
9.600000e-07	-9.097670e-07	-5.020948e-09	-6.816413e+00	-3.297703e+02
9.700000e-07	-7.964837e-07	-4.851620e-09	-5.967640e+00	-3.185911e+02
9.800000e-07	-6.830633e-07	-4.680685e-09	-5.117840e+00	-3.070711e+02
9.900000e-07	-5.695529e-07	-4.504754e-09	-4.267365e+00	-2.952215e+02
1.000000e-06	-4.559277e-07	-4.320214e-09	-3.416030e+00	-2.830464e+02
1.010000e-06	-3.421667e-07	-4.127995e-09	-2.563678e+00	-2.705363e+02
1.020000e-06	-2.282850e-07	-3.928737e-09	-1.710421e+00	-2.576633e+02
1.030000e-06	-1.143474e-07	-3.723383e-09	-8.567458e-01	-2.443811e+02
1.040000e-06	-4.173279e-10	-3.509879e-09	-3.126822e-03	-2.306297e+02
1.050000e-06	1.135701e-07	-3.288170e-09	8.509223e-01	-2.163433e+02
1.060000e-06	2.275331e-07	-3.061717e-09	1.704787e+00	-2.014610e+02
1.070000e-06	3.414256e-07	-2.831446e-09	2.558125e+00	-1.859359e+02
1.080000e-06	4.552723e-07	-2.593241e-09	3.411120e+00	-1.697407e+02
1.090000e-06	5.690399e-07	-2.339550e-09	4.263522e+00	-1.528684e+02
1.100000e-06	6.826845e-07	-2.070252e-09	5.115002e+00	-1.353269e+02
1.110000e-06	7.961636e-07	-1.787627e-09	5.965241e+00	-1.171280e+02
1.120000e-06	9.094871e-07	-1.496034e-09	6.814316e+00	-9.827371e+01
1.130000e-06	1.022580e-06	-1.195846e-09	7.661660e+00	-7.874393e+01
1.140000e-06	1.135416e-06	-8.840609e-10	8.507083e+00	-5.848773e+01
1.150000e-06	1.248022e-06	-5.587604e-10	9.350782e+00	-3.742281e+01
1.160000e-06	1.360393e-06	-2.208335e-10	1.019272e+01	-1.544417e+01
1.170000e-06	1.472482e-06	1.268007e-10	1.103255e+01	7.557998e+00
1.180000e-06	1.584210e-06	4.883357e-10	1.186967e+01	3.167351e+01
1.190000e-06	1.695469e-06	8.686824e-10	1.270327e+01	5.694457e+01
1.200000e-06	1.806295e-06	1.271981e-09	1.353364e+01	8.334045e+01
1.210000e-06	1.916749e-06	1.694673e-09	1.436121e+01	1.107396e+02
1.220000e-06	2.026800e-06	2.129478e-09	1.518576e+01	1.389234e+02
1.230000e-06	2.136465e-06	2.569999e-09	1.600742e+01	1.675837e+02
1.240000e-06	2.245719e-06	3.010365e-09	1.682601e+01	1.963436e+02
1.250000e-06	2.354528e-06	3.442779e-09	1.764126e+01	2.247895e+02
1.260000e-06	2.462859e-06	3.860516e-09	1.845293e+01	2.525090e+02
1.270000e-06	2.570603e-06	4.258429e-09	1.926020e+01	2.791292e+02
1.280000e-06	2.677653e-06	4.635482e-09	2.006227e+01	3.043493e+02
1.290000e-06	2.783997e-06	4.994731e-09	2.085905e+01	3.279633e+02
1.300000e-06	2.889641e-06	5.331388e-09	2.165059e+01	3.498691e+02
1.310000e-06	2.994674e-06	5.640960e-09	2.243754e+01	3.700646e+02
1.320000e-06	3.099125e-06	5.920694e-09	2.322014e+01	3.886311e+02
1.330000e-06	3.202877e-06	6.174438e-09	2.399750e+01	4.057098e+02
1.340000e-06	3.305815e-06	6.409032e-09	2.476876e+01	4.214738e+02
1.350000e-06	3.408012e-06	6.628789e-09	2.553447e+01	4.361024e+02
1.360000e-06	3.509557e-06	6.835881e-09	2.629530e+01	4.497600e+02
1.370000e-06	3.610386e-06	7.031567e-09	2.705075e+01	4.625828e+02
1.380000e-06	3.710435e-06	7.217155e-09	2.780037e+01	4.746744e+02
1.390000e-06	3.809539e-06	7.393411e-09	2.854290e+01	4.861074e+02
1.400000e-06	3.907663e-06	7.559511e-09	2.927809e+01	4.969315e+02
1.410000e-06	4.004858e-06	7.713272e-09	3.000633e+01	5.071822e+02
1.420000e-06	4.101156e-06	7.856047e-09	3.072784e+01	5.168903e+02
1.430000e-06	4.196588e-06	7.993298e-09	3.144286e+01	5.260879e+02
1.440000e-06	4.291118e-06	8.128622e-09	3.215113e+01	5.348112e+02
1.450000e-06	4.384816e-06	8.260801e-09	3.285315e+01	5.431001e+02
1.460000e-06	4.477623e-06	8.386019e-09	3.354851e+01	5.509949e+02
1.470000e-06	4.569441e-06	8.503111e-09	3.423646e+01	5.585326e+02
1.480000e-06	4.660138e-06	8.615591e-09	3.491600e+01	5.657436e+02
1.490000e-06	4.749637e-06	8.724679e-09	3.558657e+01	5.726497e+02
1.500000e-06	4.838101e-06	8.827036e-09	3.624939e+01	5.792654e+02
1.510000e-06	4.925481e-06	8.919266e-09	3.690408e+01	5.855994e+02
1.520000e-06	5.011763e-06	9.003938e-09	3.755055e+01	5.916591e+02
1.530000e-06	5.097059e-06	9.088449e-09	3.818962e+01	5.974536e+02
1.540000e-06	5.181343e-06	9.175110e-09	3.882112e+01	6.029965e+02
1.550000e-06	5.264526e-06	9.259352e-09	3.944437e+01	6.083069e+02
1.560000e-06	5.346449e-06	9.338560e-09	4.005818e+01	6.134082e+02
1.570000e-06	5.427099e-06	9.415078e-09	4.066244e+01	6.183257e+02
1.580000e-06	5.506559e-06	9.490867e-09	4.125780e+01	6.230833e+02
1.590000e-06	5.584813e-06	9.562331e-09	4.184412e+01	6.277002e+02
1.600000e-06	5.661820e-06	9.625904e-09	4.242109e+01	6.321889e+02
1.610000e-06	5.737497e-06	9.684689e-09	4.298809e+01	6.365543e+02
1.620000e-06	5.811733e-06	9.744170e-09	4.354431e+01	6.407949e+02
1.630000e-06	5.884581e-06	9.807373e-09	4.409012e+01	6.449046e+02
1.640000e-06	5.956099e-06	9.871232e-09	4.462597e+01	6.488763e+02
1.650000e-06	6.026312e-06	9.931901e-09	4.515203e+01	6.527038e+02
1.660000e-06	6.095260e-06	9.990773e-09	4.566863e+01	6.563844e+02
1.670000e-06	6.162878e-06	1.004824e-08	4.617526e+01	6.599195e+02
1.680000e-06	6.229061e-06	1.009891e-08	4.667113e+01	6.633143e+02
1.690000e-06	6.293801e-06	1.014308e-08	4.715620e+01	6.665758e+02
1.700000e-06	6.357216e-06	1.018649e-08	4.763133e+01	6.697120e+02
1.710000e-06	6.419349e-06	1.023215e-08	4.809686e+01	6.727292e+02
1.720000e-06	6.480155e-06	1.028077e-08	4.855245e+01	6.756313e+02
1.730000e-06	6.539600e-06	1.032794e-08	4.899784e+01	6.784198e+02
1.740000e-06	6.597530e-06	1.037052e-08	4.943188e+01	6.810944e+02
1.750000e-06	6.653882e-06	1.041075e-08	4.985410e+01	6.836537e+02
1.760000e-06	6.708784e-06	1.045002e-08	5.026545e+01	6.860973e+02
1.770000e-06	6.762129e-06	1.048525e-08	5.066513e+01	6.884263e+02
1.780000e-06	6.813702e-06	1.051659e-08	5.105154e+01	6.906441e+02
1.790000e-06	6.863444e-06	1.054717e-08	5.142423e+01	6.927558e+02
1.800000e-06	6.911521e-06	1.058018e-08	5.178445e+01	6.947677e+02
1.810000e-06	6.958112e-06	1.061309e-08	5.213353e+01	6.966857e+02
1.820000e-06	7.003293e-06	1.064244e-08	5.247205e+01	6.985143e+02
1.830000e-06	7.047042e-06	1.066936e-08	5.279984e+01	7.002561e+02
1.840000e-06	7.089095e-06	1.069595e-08	5.311492e+01	7.019117e+02
1.850000e-06	7.129417e-06	1.072234e-08	5.341703e+01	7.034802e+02
1.860000e-06	7.168245e-06	1.074673e-08	5.370795e+01	7.049604e+02
1.870000e-06	7.205595e-06	1.076840e-08	5.398779e+01	7.063517e+02
1.880000e-06	7.241412e-06	1.078774e-08	5.425615e+01	7.076553e+02
1.890000e-06	7.275590e-06	1.080698e-08	5.451223e+01	7.088744e+02
1.900000e-06	7.308056e-06	1.082668e-08	5.475548e+01	7.100139e+02
1.910000e-06	7.338966e-06	1.084424e-08	5.498707e+01	7.110796e+02
1.920000e-06	7.368400e-06	1.085911e-08	5.520760e+01	7.120772e+02
1.930000e-06	7.396295e-06	1.087462e-08	5.541661e+01	7.130111e+02
1.940000e-06	7.422418e-06	1.089236e-08	5.561234e+01	7.138839e+02
1.950000e-06	7.446772e-06	1.090843e-08	5.579481e+01	7.146961e+02
1.960000e-06	7.469533e-06	1.091909e-08	5.596534e+01	7.154470e+02
1.970000e-06	7.490752e-06	1.092711e-08	5.612433e+01	7.161350e+02
1.980000e-06	7.510435e-06	1.093702e-08	5.627181e+01	7.167592e+02
1.990000e-06	7.528477e-06	1.094840e-08	5.640698e+01	7.173201e+02
2.000000e-06	7.544846e-06	1.095720e-08	5.652963e+01	7.178197e+02
2.010000e-06	7.559507e-06	1.096366e-08	5.663947e+01	7.182611e+02
2.020000e-06	7.572355e-06	1.097204e-08	5.673574e+01	7.186482e+02
2.030000e-06	7.583288e-06	1.098076e-08	5.681765e+01	7.189837e+02
2.040000e-06	7.592359e-06	1.098491e-08	5.688562e+01	7.192686e+02
2.050000e-06	7.599768e-06	1.098619e-08	5.694113e+01	7.195016e+02
2.060000e-06	7.605620e-06	1.098967e-08	5.698498e+01	7.196786e+02
2.070000e-06	7.609886e-06	1.099553e-08	5.701693e+01	7.197940e+02
2.080000e-06	7.612396e-06	1.099958e-08	5.703575e+01	7.198419e+02
2.090000e-06	7.613164e-06	1.100048e-08	5.704150e+01	7.198176e+02
2.100000e-06	7.612360e-06	1.099894e-08	5.703548e+01	7.197189e+02
2.110000e-06	7.610011e-06	1.099829e-08	5.701787e+01	7.195467e+02
2.120000e-06	7.606169e-06	1.099666e-08	5.698909e+01	7.193049e+02
2.130000e-06	7.600637e-06	1.099085e-08	5.694764e+01	7.189993e+02
2.140000e-06	7.593345e-06	1.098217e-08	5.689300e+01	7.186358e+02
2.150000e-06	7.584586e-06	1.097453e-08	5.682738e+01	7.182189e+02
2.160000e-06	7.574404e-06	1.097286e-08	5.675109e+01	7.177498e+02
2.170000e-06	7.562622e-06	1.095661e-08	5.666281e+01	7.172262e+02
2.180000e-06	7.548926e-06	1.095227e-08	5.656019e+01	7.166430e+02
2.190000e-06	7.533050e-06	1.094443e-08	5.644125e+01	7.159930e+02
2.200000e-06	7.514919e-06	1.091536e-08	5.630540e+01	7.152698e+02
2.210000e-06	7.494613e-06	1.093716e-08	5.615326e+01	7.144694e+02
2.220000e-06	7.472621e-06	1.089653e-08	5.598848e+01	7.135923e+02
2.230000e-06	7.449657e-06	1.085438e-08	5.581642e+01	7.126435e+02
2.240000e-06	7.425555e-06	1.089545e-08	5.563584e+01	7.116321e+02
2.250000e-06	7.399697e-06	1.081922e-08	5.544210e+01	7.105693e+02
2.260000e-06	7.372418e-06	1.082512e-08	5.523771e+01	7.094657e+02
2.270000e-06	7.343717e-06	1.089728e-08	5.502267e+01	7.083284e+02
2.280000e-06	7.312981e-06	1.081629e-08	5.479238e+01	7.071589e+02
2.290000e-06	7.280567e-06	1.081835e-08	5.454952e+01	7.059522e+02
2.300000e-06	7.246718e-06	1.081604e-08	5.429590e+01	7.046974e+02
2.310000e-06	7.211390e-06	1.074252e-08	5.403121e+01	7.033795e+02
2.320000e-06	7.174669e-06	1.075725e-08	5.375608e+01	7.019828e+02
2.330000e-06	7.136153e-06	1.069659e-08	5.346750e+01	7.004943e+02
2.340000e-06	7.095837e-06	1.067042e-08	5.316543e+01	6.989058e+02
2.350000e-06	7.054026e-06	1.069471e-08	5.285216e+01	6.972163e+02
2.360000e-06	7.010740e-06	1.062588e-08	5.252785e+01	6.954314e+02
2.370000e-06	6.966039e-06	1.062014e-08	5.219292e+01	6.935618e+02
2.380000e-06	6.919695e-06	1.056595e-08	5.184570e+01	6.916207e+02
2.390000e-06	6.871649e-06	1.052933e-08	5.148571e+01	6.896200e+02
2.400000e-06	6.822123e-06	1.052455e-08	5.111464e+01	6.875678e+02
2.410000e-06	6.771036e-06	1.046452e-08	5.073187e+01	6.854663e+02
2.420000e-06	6.718291e-06	1.045809e-08	5.033668e+01	6.833120e+02
2.430000e-06	6.663744e-06	1.039475e-08	4.992798e+01	6.810961e+02
2.440000e-06	6.607579e-06	1.038027e-08	4.950717e+01	6.788080e+02
2.450000e-06	6.550079e-06	1.035963e-08	4.907635e+01	6.764371e+02
2.460000e-06	6.491160e-06	1.028088e-08	4.863490e+01	6.739761e+02
2.470000e-06	6.430766e-06	1.025892e-08	4.818240e+01	6.714225e+02
2.480000e-06	6.368797e-06	1.019424e-08	4.771810e+01	6.687782e+02
2.490000e-06	6.305337e-06	1.017726e-08	4.724263e+01	6.660490e+02
2.500000e-06	6.240524e-06	1.013478e-08	4.675701e+01	6.632416e+02
2.510000e-06	6.174310e-06	1.007797e-08	4.626091e+01	6.603614e+02
2.520000e-06	6.106729e-06	1.004930e-08	4.575456e+01	6.574101e+02
2.530000e-06	6.037719e-06	9.985853e-09	4.523750e+01	6.543848e+02
2.540000e-06	5.967195e-06	9.955836e-09	4.470910e+01	6.512779e+02
2.550000e-06	5.895211e-06	9.882833e-09	4.416976e+01	6.480793e+02
2.560000e-06	5.821869e-06	9.832593e-09	4.362025e+01	6.447786e+02
2.570000e-06	5.747206e-06	9.786334e-09	4.306084e+01	6.413683e+02
2.580000e-06	5.671129e-06	9.738651e-09	4.249083e+01	6.378455e+02
2.590000e-06	5.593605e-06	9.698367e-09	4.190999e+01	6.342135e+02
2.600000e-06	5.514653e-06	9.620788e-09	4.131844e+01	6.304805e+02
2.610000e-06	5.434442e-06	9.567110e-09	4.071746e+01	6.266583e+02
2.620000e-06	5.353116e-06	9.500391e-09	4.010813e+01	6.227587e+02
2.630000e-06	5.270757e-06	9.444686e-09	3.949106e+01	6.187910e+02
2.640000e-06	5.187330e-06	9.379311e-09	3.886598e+01	6.147591e+02
2.650000e-06	5.102719e-06	9.315905e-09	3.823203e+01	6.106608e+02
2.660000e-06	5.016907e-06	9.260660e-09	3.758909e+01	6.064882e+02
2.670000e-06	4.929852e-06	9.197429e-09	3.693683e+01	6.022298e+02
2.680000e-06	4.841707e-06	9.135033e-09	3.627640e+01	5.978733e+02
2.690000e-06	4.752524e-06	9.051524e-09	3.560820e+01	5.934086e+02
2.700000e-06	4.662389e-06	8.976729e-09	3.493287e+01	5.888303e+02
2.710000e-06	4.571314e-06	8.905391e-09	3.425049e+01	5.841382e+02
2.720000e-06	4.479221e-06	8.840481e-09	3.356049e+01	5.793367e+02
2.730000e-06	4.386213e-06	8.768145e-09	3.286362e+01	5.744322e+02
2.740000e-06	4.292259e-06	8.690001e-09	3.215967e+01	5.694305e+02
2.750000e-06	4.197232e-06	8.611840e-09	3.144769e+01	5.643337e+02
2.760000e-06	4.101190e-06	8.534134e-09	3.072809e+01	5.591381e+02
2.770000e-06	4.004338e-06	8.452155e-09	3.000243e+01	5.538343e+02
2.780000e-06	3.906711e-06	8.359019e-09	2.927096e+01	5.484078e+02
2.790000e-06	3.808246e-06	8.269823e-09	2.853322e+01	5.428429e+02
2.800000e-06	3.708924e-06	8.183977e-09	2.778905e+01	5.371255e+02
2.810000e-06	3.608807e-06	8.102915e-09	2.703892e+01	5.312464e+02
2.820000e-06	3.507935e-06	8.011498e-09	2.628314e+01	5.252039e+02
2.830000e-06	3.406170e-06	7.912995e-09	2.552067e+01	5.190031e+02
2.840000e-06	3.303416e-06	7.813463e-09	2.475079e+01	5.126546e+02
2.850000e-06	3.199763e-06	7.716456e-09	2.397417e+01	5.061708e+02
2.860000e-06	3.095420e-06	7.617247e-09	2.319238e+01	4.995616e+02
2.870000e-06	2.990491e-06	7.511499e-09	2.240620e+01	4.928311e+02
2.880000e-06	2.884981e-06	7.402165e-09	2.161567e+01	4.859748e+02
2.890000e-06	2.778835e-06	7.294971e-09	2.082037e+01	4.789802e+02
2.900000e-06	2.672107e-06	7.190223e-09	2.002071e+01	4.718282e+02
2.910000e-06	2.564852e-06	7.076909e-09	1.921711e+01	4.644979e+02
2.920000e-06	2.457019e-06	6.955648e-09	1.840917e+01	4.569705e+02
2.930000e-06	2.348706e-06	6.833020e-09	1.759764e+01	4.492338e+02
2.940000e-06	2.239988e-06	6.716756e-09	1.678307e+01	4.412841e+02
2.950000e-06	2.130823e-06	6.599341e-09	1.596515e+01	4.331264e+02
2.960000e-06	2.021207e-06	6.474269e-09	1.514386e+01	4.247710e+02
2.970000e-06	1.911110e-06	6.341698e-09	1.431896e+01	4.162293e+02
2.980000e-06	1.800479e-06	6.206450e-09	1.349006e+01	4.075080e+02
2.990000e-06	1.689454e-06	6.070942e-09	1.265821e+01	3.986049e+02
3.000000e-06	1.578145e-06	5.929613e-09	1.182422e+01	3.895056e+02
3.010000e-06	1.466496e-06	5.783418e-09	1.098769e+01	3.801849e+02
3.020000e-06	1.354513e-06	5.635922e-09	1.014867e+01	3.706094e+02
3.030000e-06	1.242270e-06	5.487066e-09	9.307683e+00	3.607437e+02
3.040000e-06	1.129714e-06	5.335682e-09	8.464365e+00	3.505565e+02
3.050000e-06	1.016819e-06	5.178102e-09	7.618498e+00	3.400264e+02
3.060000e-06	9.036531e-07	5.011811e-09	6.770605e+00	3.291443e+02
3.070000e-06	7.902470e-07	4.837425e-09	5.920912e+00	3.179131e+02
3.080000e-06	6.766197e-07	4.660175e-09	5.069561e+00	3.063429e+02
3.090000e-06	5.628390e-07	4.479494e-09	4.217061e+00	2.944443e+02
3.100000e-06	4.489109e-07	4.291752e-09	3.363457e+00	2.822199e+02
3.110000e-06	3.348203e-07	4.098664e-09	2.508635e+00	2.696574e+02
3.120000e-06	2.205962e-07	3.902301e-09	1.652813e+00	2.567263e+02
3.130000e-06	1.063223e-07	3.701552e-09	7.966177e-01	2.433776e+02
3.140000e-06	-7.909120e-09	3.490642e-09	-5.925895e-02	2.295500e+02
3.150000e-06	-1.221396e-07	3.268670e-09	-9.151291e-01	2.151777e+02
3.160000e-06	-2.363638e-07	3.039427e-09	-1.770951e+00	2.002015e+02
3.170000e-06	-3.505649e-07	2.804720e-09	-2.626602e+00	1.845769e+02
3.180000e-06	-4.646977e-07	2.560536e-09	-3.481739e+00	1.682799e+02
3.190000e-06	-5.786920e-07	2.305426e-09	-4.335840e+00	1.513064e+02
3.200000e-06	-6.924650e-07	2.037358e-09	-5.188282e+00	1.336655e+02
3.210000e-06	-8.059917e-07	1.756761e-09	-6.038879e+00	1.153684e+02
3.220000e-06	-9.193312e-07	1.464688e-09	-6.888073e+00	9.641464e+01
3.230000e-06	-1.032372e-06	1.163441e-09	-7.735031e+00	7.677980e+01
3.240000e-06	-1.145046e-06	8.536232e-10	-8.579241e+00	5.640809e+01
3.250000e-06	-1.257371e-06	5.334143e-10	-9.420833e+00	3.521303e+01
3.260000e-06	-1.369287e-06	2.020975e-10	-1.025936e+01	1.308754e+01
3.270000e-06	-1.480814e-06	-1.469775e-10	-1.109497e+01	-1.007690e+01
3.280000e-06	-1.592054e-06	-5.158299e-10	-1.192843e+01	-3.436471e+01
3.290000e-06	-1.702922e-06	-9.042715e-10	-1.275911e+01	-5.980866e+01
3.300000e-06	-1.813335e-06	-1.310058e-09	-1.358638e+01	-8.636529e+01
3.310000e-06	-1.923355e-06	-1.729107e-09	-1.441070e+01	-1.138986e+02
3.320000e-06	-2.032961e-06	-2.158478e-09	-1.523192e+01	-1.421756e+02
3.330000e-06	-2.142081e-06	-2.594247e-09	-1.604951e+01	-1.708763e+02
3.340000e-06	-2.250712e-06	-3.030442e-09	-1.686342e+01	-1.996160e+02
3.350000e-06	-2.358899e-06	-3.463768e-09	-1.767401e+01	-2.279789e+02
3.360000e-06	-2.466605e-06	-3.890064e-09	-1.848100e+01	-2.555560e+02
3.370000e-06	-2.573827e-06	-4.299649e-09	-1.928436e+01	-2.819833e+02
3.380000e-06	-2.680563e-06	-4.686000e-09	-2.008407e+01	-3.069733e+02
3.390000e-06	-2.786743e-06	-5.046784e-09	-2.087962e+01	-3.303351e+02
3.400000e-06	-2.892304e-06	-5.380576e-09	-2.167054e+01	-3.519824e+02
3.410000e-06	-2.997227e-06	-5.687042e-09	-2.245667e+01	-3.719267e+02
3.420000e-06	-3.101547e-06	-5.965230e-09	-2.323828e+01	-3.902601e+02
3.430000e-06	-3.205205e-06	-6.220573e-09	-2.401494e+01	-4.071303e+02
3.440000e-06	-3.308145e-06	-6.462663e-09	-2.478622e+01	-4.227129e+02
3.450000e-06	-3.410248e-06	-6.691911e-09	-2.555123e+01	-4.371861e+02
3.460000e-06	-3.511462e-06	-6.905235e-09	-2.630957e+01	-4.507107e+02
3.470000e-06	-3.611842e-06	-7.102355e-09	-2.706167e+01	-4.634182e+02
3.480000e-06	-3.711438e-06	-7.288457e-09	-2.780788e+01	-4.754071e+02
3.490000e-06	-3.810260e-06	-7.464357e-09	-2.854830e+01	-4.867462e+02
3.500000e-06	-3.908238e-06	-7.625631e-09	-2.928240e+01	-4.974824e+02
3.510000e-06	-4.005404e-06	-7.773970e-09	-3.001042e+01	-5.076499e+02
3.520000e-06	-4.101783e-06	-7.915270e-09	-3.073253e+01	-5.172794e+02
3.530000e-06	-4.197387e-06	-8.052691e-09	-3.144885e+01	-5.264036e+02
3.540000e-06	-4.292139e-06	-8.184359e-09	-3.215877e+01	-5.350593e+02
3.550000e-06	-4.385805e-06	-8.311557e-09	-3.286057e+01	-5.432867e+02
3.560000e-06	-4.478373e-06	-8.435026e-09	-3.355413e+01	-5.511258e+02
3.570000e-06	-4.569944e-06	-8.554803e-09	-3.424022e+01	-5.586129e+02
3.580000e-06	-4.660429e-06	-8.667413e-09	-3.491818e+01	-5.657771e+02
3.590000e-06	-4.749813e-06	-8.769156e-09	-3.558789e+01	-5.726391e+02
3.600000e-06	-4.838205e-06	-8.864199e-09	-3.625017e+01	-5.792122e+02
3.610000e-06	-4.925595e-06	-8.955739e-09	-3.690493e+01	-5.855047e+02
3.620000e-06	-5.011858e-06	-9.043720e-09	-3.755126e+01	-5.915241e+02
3.630000e-06	-5.096913e-06	-9.128435e-09	-3.818853e+01	-5.972800e+02
3.640000e-06	-5.180808e-06	-9.213922e-09	-3.881711e+01	-6.027869e+02
3.650000e-06	-5.263573e-06	-9.303057e-09	-3.943723e+01	-6.080645e+02
3.660000e-06	-5.345242e-06	-9.390855e-09	-4.004913e+01	-6.131367e+02
3.670000e-06	-5.425831e-06	-9.468476e-09	-4.065294e+01	-6.180289e+02
3.680000e-06	-5.505271e-06	-9.534879e-09	-4.124815e+01	-6.227644e+02
3.690000e-06	-5.583414e-06	-9.597959e-09	-4.183363e+01	-6.273617e+02
3.700000e-06	-5.660152e-06	-9.665233e-09	-4.240859e+01	-6.318319e+02
3.710000e-06	-5.735495e-06	-9.735080e-09	-4.297309e+01	-6.361789e+02
3.720000e-06	-5.809430e-06	-9.800116e-09	-4.352705e+01	-6.404005e+02
3.730000e-06	-5.882108e-06	-9.862626e-09	-4.407159e+01	-6.444901e+02
3.740000e-06	-5.953576e-06	-9.926685e-09	-4.460707e+01	-6.484406e+02
3.750000e-06	-6.023633e-06	-9.987124e-09	-4.513196e+01	-6.522463e+02
3.760000e-06	-6.092225e-06	-1.003853e-08	-4.564589e+01	-6.559050e+02
3.770000e-06	-6.159437e-06	-1.008287e-08	-4.614947e+01	-6.594188e+02
3.780000e-06	-6.225387e-06	-1.012970e-08	-4.664360e+01	-6.627932e+02
3.790000e-06	-6.290128e-06	-1.018416e-08	-4.712867e+01	-6.660357e+02
3.800000e-06	-6.353584e-06	-1.023775e-08	-4.760412e+01	-6.691538e+02
3.810000e-06	-6.415572e-06	-1.028422e-08	-4.806856e+01	-6.721536e+02
3.820000e-06	-6.475899e-06	-1.032612e-08	-4.852056e+01	-6.750388e+02
3.830000e-06	-6.534760e-06	-1.036653e-08	-4.896158e+01	-6.778105e+02
3.840000e-06	-6.592337e-06	-1.040538e-08	-4.939297e+01	-6.804680e+02
3.850000e-06	-6.648511e-06	-1.043900e-08	-4.981385e+01	-6.830101e+02
3.860000e-06	-6.703202e-06	-1.047020e-08	-5.022363e+01	-6.854365e+02
3.870000e-06	-6.756143e-06	-1.050317e-08	-5.062028e+01	-6.877487e+02
3.880000e-06	-6.807243e-06	-1.054001e-08	-5.100315e+01	-6.899503e+02
3.890000e-06	-6.856669e-06	-1.057586e-08	-5.137347e+01	-6.920469e+02
3.900000e-06	-6.904309e-06	-1.060510e-08	-5.173041e+01	-6.940444e+02
3.910000e-06	-6.950230e-06	-1.062981e-08	-5.207448e+01	-6.959489e+02
3.920000e-06	-6.994775e-06	-1.065366e-08	-5.240823e+01	-6.977645e+02
3.930000e-06	-7.038032e-06	-1.067816e-08	-5.273233e+01	-6.994935e+02
3.940000e-06	-7.079898e-06	-1.069830e-08	-5.304601e+01	-7.011363e+02
3.950000e-06	-7.120325e-06	-1.071629e-08	-5.334891e+01	-7.026917e+02
3.960000e-06	-7.159257e-06	-1.073853e-08	-5.364061e+01	-7.041587e+02
3.970000e-06	-7.196464e-06	-1.076494e-08	-5.391938e+01	-7.055369e+02
3.980000e-06	-7.231993e-06	-1.078791e-08	-5.418558e+01	-7.068277e+02
3.990000e-06	-7.266016e-06	-1.080169e-08	-5.444050e+01	-7.080347e+02
4.000000e-06	-7.298531e-06	-1.081221e-08	-5.468412e+01	-7.091629e+02
4.010000e-06	-7.329494e-06	-1.082703e-08	-5.491610e+01	-7.102182e+02
4.020000e-06	-7.358690e-06	-1.084436e-08	-5.513486e+01	-7.112061e+02
4.030000e-06	-7.386213e-06	-1.085847e-08	-5.534107e+01	-7.121309e+02
4.040000e-06	-7.412206e-06	-1.087044e-08	-5.553583e+01	-7.129947e+02
4.050000e-06	-7.436565e-06	-1.088289e-08	-5.571833e+01	-7.137980e+02
4.060000e-06	-7.459330e-06	-1.089613e-08	-5.588890e+01	-7.145396e+02
4.070000e-06	-7.480408e-06	-1.090572e-08	-5.604683e+01	-7.152182e+02
4.080000e-06	-7.499782e-06	-1.090919e-08	-5.619199e+01	-7.158330e+02
4.090000e-06	-7.517584e-06	-1.091109e-08	-5.632537e+01	-7.163847e+02
4.100000e-06	-7.533826e-06	-1.091553e-08	-5.644706e+01	-7.168755e+02
4.110000e-06	-7.548350e-06	-1.092310e-08	-5.655588e+01	-7.173087e+02
4.120000e-06	-7.560948e-06	-1.093198e-08	-5.665027e+01	-7.176880e+02
4.130000e-06	-7.571768e-06	-1.093943e-08	-5.673134e+01	-7.180160e+02
4.140000e-06	-7.580964e-06	-1.094501e-08	-5.680024e+01	-7.182935e+02
4.150000e-06	-7.588507e-06	-1.094894e-08	-5.685675e+01	-7.185185e+02
4.160000e-06	-7.594312e-06	-1.095005e-08	-5.690025e+01	-7.186868e+02
4.170000e-06	-7.598360e-06	-1.094626e-08	-5.693058e+01	-7.187926e+02
4.180000e-06	-7.600773e-06	-1.094021e-08	-5.694866e+01	-7.188301e+02
4.190000e-06	-7.601625e-06	-1.093750e-08	-5.695504e+01	-7.187948e+02
