# Temperatura_=_25.58
# Concentracion g/m^3_=_18600.0
# C_Vs_to_Am_M_A/Vsm_=_65563218390.804596
# pendiente_HvsI_1/m_=_3716.3
# ordenada_HvsI_A/m_=_1297.0
# frecuencia_Hz_=_238274.26801163866

Tiempo_(s)	Campo_(V.s)	Magnetizacion_(V.s)	Campo_(kA/m)	Magnetizacion_(A/m)
0.000000e+00	-7.643290e-06	-1.225061e-08	-5.694350e+01	-8.043549e+02
1.000000e-08	-7.641198e-06	-1.225156e-08	-5.692792e+01	-8.043245e+02
2.000000e-08	-7.637374e-06	-1.225041e-08	-5.689943e+01	-8.042385e+02
3.000000e-08	-7.632074e-06	-1.225071e-08	-5.685994e+01	-8.041017e+02
4.000000e-08	-7.625285e-06	-1.225154e-08	-5.680936e+01	-8.039147e+02
5.000000e-08	-7.617018e-06	-1.224822e-08	-5.674777e+01	-8.036730e+02
6.000000e-08	-7.607057e-06	-1.223679e-08	-5.667356e+01	-8.033690e+02
7.000000e-08	-7.595225e-06	-1.220670e-08	-5.658541e+01	-8.029940e+02
8.000000e-08	-7.581565e-06	-1.220810e-08	-5.648365e+01	-8.025410e+02
9.000000e-08	-7.565672e-06	-1.225918e-08	-5.636524e+01	-8.020078e+02
1.000000e-07	-7.547442e-06	-1.224801e-08	-5.622943e+01	-8.013982e+02
1.100000e-07	-7.527459e-06	-1.222729e-08	-5.608055e+01	-8.007223e+02
1.200000e-07	-7.506073e-06	-1.218914e-08	-5.592122e+01	-7.999947e+02
1.300000e-07	-7.483480e-06	-1.210424e-08	-5.575290e+01	-7.992316e+02
1.400000e-07	-7.459663e-06	-1.223346e-08	-5.557546e+01	-7.984465e+02
1.500000e-07	-7.434093e-06	-1.219593e-08	-5.538496e+01	-7.976467e+02
1.600000e-07	-7.406725e-06	-1.202266e-08	-5.518107e+01	-7.968305e+02
1.700000e-07	-7.377880e-06	-1.217751e-08	-5.496616e+01	-7.959870e+02
1.800000e-07	-7.347429e-06	-1.212654e-08	-5.473930e+01	-7.950969e+02
1.900000e-07	-7.315544e-06	-1.202129e-08	-5.450175e+01	-7.941361e+02
2.000000e-07	-7.282187e-06	-1.213920e-08	-5.425324e+01	-7.930804e+02
2.100000e-07	-7.246958e-06	-1.203571e-08	-5.399078e+01	-7.919102e+02
2.200000e-07	-7.210112e-06	-1.197377e-08	-5.371627e+01	-7.906146e+02
2.300000e-07	-7.171728e-06	-1.203975e-08	-5.343031e+01	-7.891934e+02
2.400000e-07	-7.131710e-06	-1.197344e-08	-5.313217e+01	-7.876569e+02
2.500000e-07	-7.090102e-06	-1.197581e-08	-5.282218e+01	-7.860238e+02
2.600000e-07	-7.046671e-06	-1.193941e-08	-5.249862e+01	-7.843169e+02
2.700000e-07	-7.001634e-06	-1.188001e-08	-5.216308e+01	-7.825579e+02
2.800000e-07	-6.955162e-06	-1.189238e-08	-5.181686e+01	-7.807633e+02
2.900000e-07	-6.907095e-06	-1.185608e-08	-5.145875e+01	-7.789410e+02
3.000000e-07	-6.857265e-06	-1.182534e-08	-5.108751e+01	-7.770889e+02
3.100000e-07	-6.805434e-06	-1.178600e-08	-5.070137e+01	-7.751963e+02
3.200000e-07	-6.751796e-06	-1.177807e-08	-5.030176e+01	-7.732467e+02
3.300000e-07	-6.696755e-06	-1.174602e-08	-4.989169e+01	-7.712218e+02
3.400000e-07	-6.640438e-06	-1.170326e-08	-4.947213e+01	-7.691057e+02
3.500000e-07	-6.582627e-06	-1.168495e-08	-4.904143e+01	-7.668881e+02
3.600000e-07	-6.523126e-06	-1.161153e-08	-4.859814e+01	-7.645660e+02
3.700000e-07	-6.462148e-06	-1.159589e-08	-4.814385e+01	-7.621437e+02
3.800000e-07	-6.399809e-06	-1.159164e-08	-4.767941e+01	-7.596304e+02
3.900000e-07	-6.336118e-06	-1.153481e-08	-4.720490e+01	-7.570378e+02
4.000000e-07	-6.271042e-06	-1.149270e-08	-4.672008e+01	-7.543763e+02
4.100000e-07	-6.204436e-06	-1.144210e-08	-4.622386e+01	-7.516523e+02
4.200000e-07	-6.136346e-06	-1.141395e-08	-4.571658e+01	-7.488669e+02
4.300000e-07	-6.066909e-06	-1.137536e-08	-4.519926e+01	-7.460155e+02
4.400000e-07	-5.996245e-06	-1.132453e-08	-4.467280e+01	-7.430895e+02
4.500000e-07	-5.924232e-06	-1.127154e-08	-4.413630e+01	-7.400787e+02
4.600000e-07	-5.850747e-06	-1.122707e-08	-4.358883e+01	-7.369736e+02
4.700000e-07	-5.775806e-06	-1.120345e-08	-4.303050e+01	-7.337682e+02
4.800000e-07	-5.699302e-06	-1.114468e-08	-4.246054e+01	-7.304607e+02
4.900000e-07	-5.621288e-06	-1.108197e-08	-4.187933e+01	-7.270540e+02
5.000000e-07	-5.541920e-06	-1.102260e-08	-4.128803e+01	-7.235540e+02
5.100000e-07	-5.461260e-06	-1.097747e-08	-4.068710e+01	-7.199679e+02
5.200000e-07	-5.379313e-06	-1.093527e-08	-4.007658e+01	-7.163020e+02
5.300000e-07	-5.296218e-06	-1.087293e-08	-3.945751e+01	-7.125599e+02
5.400000e-07	-5.212082e-06	-1.080777e-08	-3.883069e+01	-7.087415e+02
5.500000e-07	-5.126868e-06	-1.074809e-08	-3.819583e+01	-7.048432e+02
5.600000e-07	-5.040698e-06	-1.069827e-08	-3.755386e+01	-7.008592e+02
5.700000e-07	-4.953657e-06	-1.063292e-08	-3.690539e+01	-6.967825e+02
5.800000e-07	-4.865614e-06	-1.055699e-08	-3.624946e+01	-6.926073e+02
5.900000e-07	-4.776414e-06	-1.048817e-08	-3.558490e+01	-6.883298e+02
6.000000e-07	-4.686060e-06	-1.043334e-08	-3.491176e+01	-6.839486e+02
6.100000e-07	-4.594667e-06	-1.037789e-08	-3.423087e+01	-6.794644e+02
6.200000e-07	-4.502242e-06	-1.030406e-08	-3.354229e+01	-6.748789e+02
6.300000e-07	-4.408818e-06	-1.022313e-08	-3.284627e+01	-6.701929e+02
6.400000e-07	-4.314491e-06	-1.014843e-08	-3.214352e+01	-6.654054e+02
6.500000e-07	-4.219267e-06	-1.007960e-08	-3.143409e+01	-6.605127e+02
6.600000e-07	-4.123173e-06	-1.000326e-08	-3.071817e+01	-6.555084e+02
6.700000e-07	-4.026126e-06	-9.919966e-09	-2.999516e+01	-6.503848e+02
6.800000e-07	-3.928100e-06	-9.838796e-09	-2.926485e+01	-6.451338e+02
6.900000e-07	-3.829175e-06	-9.766121e-09	-2.852785e+01	-6.397492e+02
7.000000e-07	-3.729332e-06	-9.690027e-09	-2.778401e+01	-6.342279e+02
7.100000e-07	-3.628558e-06	-9.598859e-09	-2.703323e+01	-6.285699e+02
7.200000e-07	-3.526980e-06	-9.497883e-09	-2.627646e+01	-6.227785e+02
7.300000e-07	-3.424708e-06	-9.403280e-09	-2.551452e+01	-6.168586e+02
7.400000e-07	-3.321712e-06	-9.319546e-09	-2.474719e+01	-6.108145e+02
7.500000e-07	-3.217922e-06	-9.232384e-09	-2.397394e+01	-6.046480e+02
7.600000e-07	-3.113364e-06	-9.133692e-09	-2.319497e+01	-5.983570e+02
7.700000e-07	-3.008015e-06	-9.030700e-09	-2.241010e+01	-5.919347e+02
7.800000e-07	-2.901919e-06	-8.934683e-09	-2.161967e+01	-5.853700e+02
7.900000e-07	-2.795265e-06	-8.838341e-09	-2.082509e+01	-5.786493e+02
8.000000e-07	-2.688061e-06	-8.730903e-09	-2.002641e+01	-5.717586e+02
8.100000e-07	-2.580181e-06	-8.613312e-09	-1.922268e+01	-5.646857e+02
8.200000e-07	-2.471587e-06	-8.499446e-09	-1.841365e+01	-5.574221e+02
8.300000e-07	-2.362366e-06	-8.393077e-09	-1.759993e+01	-5.499640e+02
8.400000e-07	-2.252647e-06	-8.282957e-09	-1.678251e+01	-5.423115e+02
8.500000e-07	-2.142541e-06	-8.160476e-09	-1.596221e+01	-5.344676e+02
8.600000e-07	-2.032086e-06	-8.030507e-09	-1.513931e+01	-5.264356e+02
8.700000e-07	-1.921278e-06	-7.903973e-09	-1.431377e+01	-5.182171e+02
8.800000e-07	-1.810089e-06	-7.781069e-09	-1.348540e+01	-5.098102e+02
8.900000e-07	-1.698519e-06	-7.649137e-09	-1.265418e+01	-5.012080e+02
9.000000e-07	-1.586518e-06	-7.506095e-09	-1.181976e+01	-4.923997e+02
9.100000e-07	-1.474104e-06	-7.364296e-09	-1.098227e+01	-4.833712e+02
9.200000e-07	-1.361323e-06	-7.229267e-09	-1.014203e+01	-4.741073e+02
9.300000e-07	-1.248176e-06	-7.092656e-09	-9.299072e+00	-4.645940e+02
9.400000e-07	-1.134746e-06	-6.944029e-09	-8.454008e+00	-4.548198e+02
9.500000e-07	-1.021093e-06	-6.786961e-09	-7.607275e+00	-4.447768e+02
9.600000e-07	-9.072043e-07	-6.627744e-09	-6.758790e+00	-4.344601e+02
9.700000e-07	-7.930968e-07	-6.466952e-09	-5.908674e+00	-4.238663e+02
9.800000e-07	-6.787947e-07	-6.299690e-09	-5.057109e+00	-4.129920e+02
9.900000e-07	-5.642979e-07	-6.125301e-09	-4.204093e+00	-4.018311e+02
1.000000e-06	-4.497149e-07	-5.948948e-09	-3.350434e+00	-3.903734e+02
1.010000e-06	-3.350529e-07	-5.773030e-09	-2.496188e+00	-3.786038e+02
1.020000e-06	-2.202584e-07	-5.594448e-09	-1.640954e+00	-3.665027e+02
1.030000e-06	-1.054139e-07	-5.406984e-09	-7.853476e-01	-3.540470e+02
1.040000e-06	9.397652e-09	-5.207081e-09	7.001373e-02	-3.412121e+02
1.050000e-06	1.241525e-07	-4.999506e-09	9.249523e-01	-3.279739e+02
1.060000e-06	2.389002e-07	-4.789262e-09	1.779838e+00	-3.143104e+02
1.070000e-06	3.536605e-07	-4.575328e-09	2.634817e+00	-3.002028e+02
1.080000e-06	4.683780e-07	-4.353946e-09	3.489477e+00	-2.856357e+02
1.090000e-06	5.830197e-07	-4.124741e-09	4.343572e+00	-2.705965e+02
1.100000e-06	6.975090e-07	-3.890822e-09	5.196533e+00	-2.550749e+02
1.110000e-06	8.118033e-07	-3.650780e-09	6.048040e+00	-2.390625e+02
1.120000e-06	9.259505e-07	-3.399158e-09	6.898451e+00	-2.225520e+02
1.130000e-06	1.039879e-06	-3.135432e-09	7.747231e+00	-2.055380e+02
1.140000e-06	1.153549e-06	-2.860983e-09	8.594088e+00	-1.880169e+02
1.150000e-06	1.266873e-06	-2.581946e-09	9.438365e+00	-1.699872e+02
1.160000e-06	1.379750e-06	-2.301370e-09	1.027932e+01	-1.514491e+02
1.170000e-06	1.492271e-06	-2.016196e-09	1.111761e+01	-1.324028e+02
1.180000e-06	1.604477e-06	-1.722664e-09	1.195357e+01	-1.128453e+02
1.190000e-06	1.716288e-06	-1.416919e-09	1.278657e+01	-9.276678e+01
1.200000e-06	1.827633e-06	-1.098576e-09	1.361611e+01	-7.214617e+01
1.210000e-06	1.938550e-06	-7.671934e-10	1.444245e+01	-5.094820e+01
1.220000e-06	2.049115e-06	-4.258909e-10	1.526617e+01	-2.912217e+01
1.230000e-06	2.159332e-06	-7.811773e-11	1.608730e+01	-6.604255e+00
1.240000e-06	2.269127e-06	2.742346e-10	1.690529e+01	1.667622e+01
1.250000e-06	2.378424e-06	6.369023e-10	1.771957e+01	4.078669e+01
1.260000e-06	2.487201e-06	1.014928e-09	1.852997e+01	6.577813e+01
1.270000e-06	2.595334e-06	1.409557e-09	1.933558e+01	9.167063e+01
1.280000e-06	2.702738e-06	1.821462e-09	2.013575e+01	1.184398e+02
1.290000e-06	2.809551e-06	2.247426e-09	2.093152e+01	1.460064e+02
1.300000e-06	2.915838e-06	2.683856e-09	2.172337e+01	1.742317e+02
1.310000e-06	3.021549e-06	3.125001e-09	2.251093e+01	2.029190e+02
1.320000e-06	3.126599e-06	3.565011e-09	2.329357e+01	2.318229e+02
1.330000e-06	3.230826e-06	4.000202e-09	2.407008e+01	2.606643e+02
1.340000e-06	3.334187e-06	4.427705e-09	2.484013e+01	2.891502e+02
1.350000e-06	3.436838e-06	4.846136e-09	2.560489e+01	3.169952e+02
1.360000e-06	3.538850e-06	5.256195e-09	2.636489e+01	3.439423e+02
1.370000e-06	3.640155e-06	5.654907e-09	2.711963e+01	3.697791e+02
1.380000e-06	3.740592e-06	6.033976e-09	2.786790e+01	3.943495e+02
1.390000e-06	3.840063e-06	6.385709e-09	2.860897e+01	4.175577e+02
1.400000e-06	3.938683e-06	6.710403e-09	2.934370e+01	4.393664e+02
1.410000e-06	4.036490e-06	7.014012e-09	3.007237e+01	4.597891e+02
1.420000e-06	4.133351e-06	7.299236e-09	3.079400e+01	4.788788e+02
1.430000e-06	4.229150e-06	7.567171e-09	3.150772e+01	4.967149e+02
1.440000e-06	4.324004e-06	7.817782e-09	3.221439e+01	5.133911e+02
1.450000e-06	4.418061e-06	8.053650e-09	3.291513e+01	5.290047e+02
1.460000e-06	4.511251e-06	8.277769e-09	3.360941e+01	5.436493e+02
1.470000e-06	4.603367e-06	8.487670e-09	3.429568e+01	5.574107e+02
1.480000e-06	4.694399e-06	8.682235e-09	3.497388e+01	5.703647e+02
1.490000e-06	4.784454e-06	8.864645e-09	3.564480e+01	5.825782e+02
1.500000e-06	4.873353e-06	9.038465e-09	3.630711e+01	5.941103e+02
1.510000e-06	4.961069e-06	9.202688e-09	3.696061e+01	6.050136e+02
1.520000e-06	5.047726e-06	9.357500e-09	3.760621e+01	6.153359e+02
1.530000e-06	5.133317e-06	9.506237e-09	3.824388e+01	6.251205e+02
1.540000e-06	5.217822e-06	9.650816e-09	3.887345e+01	6.344062e+02
1.550000e-06	5.301289e-06	9.790444e-09	3.949529e+01	6.432278e+02
1.560000e-06	5.383712e-06	9.920993e-09	4.010936e+01	6.516159e+02
1.570000e-06	5.464794e-06	1.004186e-08	4.071343e+01	6.595973e+02
1.580000e-06	5.544517e-06	1.015780e-08	4.130738e+01	6.671962e+02
1.590000e-06	5.623097e-06	1.026854e-08	4.189280e+01	6.744350e+02
1.600000e-06	5.700447e-06	1.037139e-08	4.246907e+01	6.813354e+02
1.610000e-06	5.776426e-06	1.046724e-08	4.303512e+01	6.879188e+02
1.620000e-06	5.851004e-06	1.055890e-08	4.359074e+01	6.942065e+02
1.630000e-06	5.924143e-06	1.065147e-08	4.413563e+01	7.002190e+02
1.640000e-06	5.995858e-06	1.074220e-08	4.466992e+01	7.059751e+02
1.650000e-06	6.066276e-06	1.082769e-08	4.519455e+01	7.114903e+02
1.660000e-06	6.135442e-06	1.090811e-08	4.570984e+01	7.167766e+02
1.670000e-06	6.203290e-06	1.098450e-08	4.621532e+01	7.218422e+02
1.680000e-06	6.269772e-06	1.105657e-08	4.671062e+01	7.266919e+02
1.690000e-06	6.334840e-06	1.112412e-08	4.719538e+01	7.313290e+02
1.700000e-06	6.398502e-06	1.118946e-08	4.766967e+01	7.357564e+02
1.710000e-06	6.460811e-06	1.125511e-08	4.813388e+01	7.399794e+02
1.720000e-06	6.521804e-06	1.132166e-08	4.858828e+01	7.440057e+02
1.730000e-06	6.581455e-06	1.138405e-08	4.903269e+01	7.478468e+02
1.740000e-06	6.639626e-06	1.143833e-08	4.946608e+01	7.515162e+02
1.750000e-06	6.696218e-06	1.148777e-08	4.988769e+01	7.550289e+02
1.760000e-06	6.751289e-06	1.153677e-08	5.029798e+01	7.583980e+02
1.770000e-06	6.804824e-06	1.158511e-08	5.069683e+01	7.616335e+02
1.780000e-06	6.856610e-06	1.163162e-08	5.108264e+01	7.647405e+02
1.790000e-06	6.906561e-06	1.167621e-08	5.145477e+01	7.677189e+02
1.800000e-06	6.954801e-06	1.172243e-08	5.181417e+01	7.705640e+02
1.810000e-06	7.001488e-06	1.176879e-08	5.216200e+01	7.732690e+02
1.820000e-06	7.046777e-06	1.180925e-08	5.249940e+01	7.758267e+02
1.830000e-06	7.090618e-06	1.184374e-08	5.282602e+01	7.782330e+02
1.840000e-06	7.132697e-06	1.187708e-08	5.313952e+01	7.804882e+02
1.850000e-06	7.173065e-06	1.191100e-08	5.344026e+01	7.825978e+02
1.860000e-06	7.211890e-06	1.194370e-08	5.372952e+01	7.845726e+02
1.870000e-06	7.249259e-06	1.197349e-08	5.400792e+01	7.864262e+02
1.880000e-06	7.285213e-06	1.200009e-08	5.427579e+01	7.881732e+02
1.890000e-06	7.319471e-06	1.202543e-08	5.453101e+01	7.898262e+02
1.900000e-06	7.351979e-06	1.205074e-08	5.477320e+01	7.913940e+02
1.910000e-06	7.382957e-06	1.207538e-08	5.500399e+01	7.928805e+02
1.920000e-06	7.412489e-06	1.209850e-08	5.522401e+01	7.942850e+02
1.930000e-06	7.440487e-06	1.211984e-08	5.543259e+01	7.956037e+02
1.940000e-06	7.466642e-06	1.214070e-08	5.562745e+01	7.968319e+02
1.950000e-06	7.490887e-06	1.216023e-08	5.580808e+01	7.979658e+02
1.960000e-06	7.513499e-06	1.217689e-08	5.597654e+01	7.990052e+02
1.970000e-06	7.534685e-06	1.219138e-08	5.613438e+01	7.999535e+02
1.980000e-06	7.554447e-06	1.220597e-08	5.628161e+01	8.008174e+02
1.990000e-06	7.572557e-06	1.222210e-08	5.641653e+01	8.016058e+02
2.000000e-06	7.588914e-06	1.223772e-08	5.653840e+01	8.023274e+02
2.010000e-06	7.603560e-06	1.225032e-08	5.664751e+01	8.029886e+02
2.020000e-06	7.616435e-06	1.225979e-08	5.674343e+01	8.035923e+02
2.030000e-06	7.627348e-06	1.226586e-08	5.682473e+01	8.041367e+02
2.040000e-06	7.636331e-06	1.227068e-08	5.689166e+01	8.046169e+02
2.050000e-06	7.643609e-06	1.227792e-08	5.694588e+01	8.050258e+02
2.060000e-06	7.649314e-06	1.228660e-08	5.698839e+01	8.053570e+02
2.070000e-06	7.653483e-06	1.229402e-08	5.701944e+01	8.056064e+02
2.080000e-06	7.655887e-06	1.229873e-08	5.703736e+01	8.057740e+02
2.090000e-06	7.656444e-06	1.230499e-08	5.704150e+01	8.058639e+02
2.100000e-06	7.655420e-06	1.230750e-08	5.703387e+01	8.058836e+02
2.110000e-06	7.652960e-06	1.230141e-08	5.701555e+01	8.058415e+02
2.120000e-06	7.648967e-06	1.229800e-08	5.698580e+01	8.057451e+02
2.130000e-06	7.643220e-06	1.229608e-08	5.694298e+01	8.055985e+02
2.140000e-06	7.635766e-06	1.229413e-08	5.688745e+01	8.054010e+02
2.150000e-06	7.626854e-06	1.229594e-08	5.682105e+01	8.051476e+02
2.160000e-06	7.616513e-06	1.231139e-08	5.674401e+01	8.048301e+02
2.170000e-06	7.604468e-06	1.231810e-08	5.665428e+01	8.044400e+02
2.180000e-06	7.590422e-06	1.223585e-08	5.654963e+01	8.039710e+02
2.190000e-06	7.574160e-06	1.221095e-08	5.642848e+01	8.034220e+02
2.200000e-06	7.555610e-06	1.222121e-08	5.629028e+01	8.027982e+02
2.210000e-06	7.534921e-06	1.225755e-08	5.613614e+01	8.021107e+02
2.220000e-06	7.512592e-06	1.232657e-08	5.596978e+01	8.013748e+02
2.230000e-06	7.489427e-06	1.213821e-08	5.579720e+01	8.006064e+02
2.240000e-06	7.465158e-06	1.216950e-08	5.561640e+01	7.998181e+02
2.250000e-06	7.439069e-06	1.229636e-08	5.542203e+01	7.990154e+02
2.260000e-06	7.411607e-06	1.208021e-08	5.521744e+01	7.981950e+02
2.270000e-06	7.382623e-06	1.217734e-08	5.500150e+01	7.973440e+02
2.280000e-06	7.351512e-06	1.226216e-08	5.476972e+01	7.964418e+02
2.290000e-06	7.318742e-06	1.205522e-08	5.452558e+01	7.954639e+02
2.300000e-06	7.284519e-06	1.216875e-08	5.427061e+01	7.943866e+02
2.310000e-06	7.248834e-06	1.216786e-08	5.400476e+01	7.931920e+02
2.320000e-06	7.211701e-06	1.204503e-08	5.372811e+01	7.918709e+02
2.330000e-06	7.172663e-06	1.212280e-08	5.343727e+01	7.904255e+02
2.340000e-06	7.131917e-06	1.198300e-08	5.313371e+01	7.888681e+02
2.350000e-06	7.089784e-06	1.200776e-08	5.281982e+01	7.872184e+02
2.360000e-06	7.046166e-06	1.206079e-08	5.249485e+01	7.854995e+02
2.370000e-06	7.001099e-06	1.192174e-08	5.215910e+01	7.837323e+02
2.380000e-06	6.954341e-06	1.198168e-08	5.181074e+01	7.819319e+02
2.390000e-06	6.905930e-06	1.191298e-08	5.145008e+01	7.801041e+02
2.400000e-06	6.855990e-06	1.188006e-08	5.107802e+01	7.782450e+02
2.410000e-06	6.804344e-06	1.187754e-08	5.069325e+01	7.763425e+02
2.420000e-06	6.750946e-06	1.179238e-08	5.029543e+01	7.743794e+02
2.430000e-06	6.695773e-06	1.181381e-08	4.988438e+01	7.723374e+02
2.440000e-06	6.639081e-06	1.172936e-08	4.946202e+01	7.702017e+02
2.450000e-06	6.581074e-06	1.175062e-08	4.902985e+01	7.679632e+02
2.460000e-06	6.521703e-06	1.171401e-08	4.858754e+01	7.656205e+02
2.470000e-06	6.460900e-06	1.161180e-08	4.813454e+01	7.631791e+02
2.480000e-06	6.398449e-06	1.163690e-08	4.766927e+01	7.606491e+02
2.490000e-06	6.334494e-06	1.155551e-08	4.719280e+01	7.580420e+02
2.500000e-06	6.269216e-06	1.155219e-08	4.670648e+01	7.553677e+02
2.510000e-06	6.202548e-06	1.148925e-08	4.620979e+01	7.526316e+02
2.520000e-06	6.134490e-06	1.142321e-08	4.570275e+01	7.498335e+02
2.530000e-06	6.064885e-06	1.141438e-08	4.518418e+01	7.469680e+02
2.540000e-06	5.993744e-06	1.134507e-08	4.465417e+01	7.440259e+02
2.550000e-06	5.921276e-06	1.132408e-08	4.411428e+01	7.409969e+02
2.560000e-06	5.847539e-06	1.123929e-08	4.356492e+01	7.378722e+02
2.570000e-06	5.772405e-06	1.120722e-08	4.300516e+01	7.346464e+02
2.580000e-06	5.695724e-06	1.116823e-08	4.243388e+01	7.313188e+02
2.590000e-06	5.617497e-06	1.111269e-08	4.185108e+01	7.278929e+02
2.600000e-06	5.537943e-06	1.106654e-08	4.125839e+01	7.243751e+02
2.610000e-06	5.457277e-06	1.098292e-08	4.065742e+01	7.207727e+02
2.620000e-06	5.375489e-06	1.094775e-08	4.004809e+01	7.170914e+02
2.630000e-06	5.292624e-06	1.088811e-08	3.943074e+01	7.133342e+02
2.640000e-06	5.208633e-06	1.083661e-08	3.880500e+01	7.095002e+02
2.650000e-06	5.123390e-06	1.076687e-08	3.816992e+01	7.055853e+02
2.660000e-06	5.036893e-06	1.070003e-08	3.752551e+01	7.015833e+02
2.670000e-06	4.949201e-06	1.065068e-08	3.687219e+01	6.974874e+02
2.680000e-06	4.860545e-06	1.058242e-08	3.621169e+01	6.932920e+02
2.690000e-06	4.770939e-06	1.051396e-08	3.554412e+01	6.889938e+02
2.700000e-06	4.680382e-06	1.043398e-08	3.486945e+01	6.845920e+02
2.710000e-06	4.588820e-06	1.037614e-08	3.418730e+01	6.800874e+02
2.720000e-06	4.496166e-06	1.031520e-08	3.349702e+01	6.754818e+02
2.730000e-06	4.402549e-06	1.024549e-08	3.279956e+01	6.707757e+02
2.740000e-06	4.307902e-06	1.016325e-08	3.209443e+01	6.659676e+02
2.750000e-06	4.212183e-06	1.008138e-08	3.138131e+01	6.610532e+02
2.760000e-06	4.115551e-06	1.000758e-08	3.066139e+01	6.560257e+02
2.770000e-06	4.018162e-06	9.932880e-09	2.993583e+01	6.508773e+02
2.780000e-06	3.919969e-06	9.851797e-09	2.920428e+01	6.456000e+02
2.790000e-06	3.820945e-06	9.763007e-09	2.846654e+01	6.401883e+02
2.800000e-06	3.720992e-06	9.682998e-09	2.772187e+01	6.346395e+02
2.810000e-06	3.620139e-06	9.602249e-09	2.697050e+01	6.289546e+02
2.820000e-06	3.518486e-06	9.515962e-09	2.621318e+01	6.231371e+02
2.830000e-06	3.415996e-06	9.414986e-09	2.544962e+01	6.171921e+02
2.840000e-06	3.312629e-06	9.316067e-09	2.467952e+01	6.111235e+02
2.850000e-06	3.208394e-06	9.223825e-09	2.390295e+01	6.049325e+02
2.860000e-06	3.103436e-06	9.133883e-09	2.312100e+01	5.986159e+02
2.870000e-06	2.997842e-06	9.036188e-09	2.233431e+01	5.921662e+02
2.880000e-06	2.891715e-06	8.930302e-09	2.154365e+01	5.855715e+02
2.890000e-06	2.785098e-06	8.827245e-09	2.074934e+01	5.788179e+02
2.900000e-06	2.677910e-06	8.725309e-09	1.995078e+01	5.718916e+02
2.910000e-06	2.570103e-06	8.619294e-09	1.914760e+01	5.647812e+02
2.920000e-06	2.461717e-06	8.500694e-09	1.834011e+01	5.574789e+02
2.930000e-06	2.352822e-06	8.382449e-09	1.752883e+01	5.499818e+02
2.940000e-06	2.243434e-06	8.268110e-09	1.671387e+01	5.422908e+02
2.950000e-06	2.133541e-06	8.156580e-09	1.589516e+01	5.344090e+02
2.960000e-06	2.023170e-06	8.036532e-09	1.507288e+01	5.263397e+02
2.970000e-06	1.912357e-06	7.904220e-09	1.424731e+01	5.180839e+02
2.980000e-06	1.801084e-06	7.770741e-09	1.341831e+01	5.096386e+02
2.990000e-06	1.689377e-06	7.641061e-09	1.258608e+01	5.009963e+02
3.000000e-06	1.577333e-06	7.510813e-09	1.175134e+01	4.921452e+02
3.010000e-06	1.464942e-06	7.370820e-09	1.091401e+01	4.830708e+02
3.020000e-06	1.352202e-06	7.224527e-09	1.007408e+01	4.737581e+02
3.030000e-06	1.239253e-06	7.077027e-09	9.232597e+00	4.641935e+02
3.040000e-06	1.126070e-06	6.931709e-09	8.389368e+00	4.543661e+02
3.050000e-06	1.012566e-06	6.781040e-09	7.543745e+00	4.442687e+02
3.060000e-06	8.988384e-07	6.620841e-09	6.696463e+00	4.338968e+02
3.070000e-06	7.848883e-07	6.456314e-09	5.847520e+00	4.232473e+02
3.080000e-06	6.706967e-07	6.291910e-09	4.996778e+00	4.123163e+02
3.090000e-06	5.563087e-07	6.125668e-09	4.144572e+00	4.010971e+02
3.100000e-06	4.416626e-07	5.947791e-09	3.290444e+00	3.895784e+02
3.110000e-06	3.268448e-07	5.762368e-09	2.435037e+00	3.777442e+02
3.120000e-06	2.120173e-07	5.576800e-09	1.579556e+00	3.655742e+02
3.130000e-06	9.717463e-08	5.391278e-09	7.239636e-01	3.530446e+02
3.140000e-06	-1.769357e-08	5.197453e-09	-1.318194e-01	3.401310e+02
3.150000e-06	-1.325732e-07	4.991036e-09	-9.876872e-01	3.268094e+02
3.160000e-06	-2.474318e-07	4.778502e-09	-1.843399e+00	3.130586e+02
3.170000e-06	-3.622407e-07	4.562061e-09	-2.698740e+00	2.988603e+02
3.180000e-06	-4.769371e-07	4.339417e-09	-3.553243e+00	2.841997e+02
3.190000e-06	-5.914612e-07	4.107722e-09	-4.406463e+00	2.690648e+02
3.200000e-06	-7.057731e-07	3.869455e-09	-5.258101e+00	2.534457e+02
3.210000e-06	-8.198834e-07	3.628356e-09	-6.108238e+00	2.373342e+02
3.220000e-06	-9.338143e-07	3.381391e-09	-6.957038e+00	2.207235e+02
3.230000e-06	-1.047428e-06	3.121296e-09	-7.803474e+00	2.036083e+02
3.240000e-06	-1.160765e-06	2.847995e-09	-8.647848e+00	1.859855e+02
3.250000e-06	-1.273816e-06	2.567180e-09	-9.490093e+00	1.678541e+02
3.260000e-06	-1.386507e-06	2.283894e-09	-1.032966e+01	1.492145e+02
3.270000e-06	-1.498811e-06	1.995211e-09	-1.116634e+01	1.300664e+02
3.280000e-06	-1.610728e-06	1.697108e-09	-1.200014e+01	1.104058e+02
3.290000e-06	-1.722342e-06	1.391369e-09	-1.283167e+01	9.022099e+01
3.300000e-06	-1.833509e-06	1.079293e-09	-1.365988e+01	6.948827e+01
3.310000e-06	-1.944162e-06	7.588954e-10	-1.448426e+01	4.816925e+01
3.320000e-06	-2.054304e-06	4.253658e-10	-1.530483e+01	2.621032e+01
3.330000e-06	-2.163908e-06	7.781264e-11	-1.612140e+01	3.545646e+00
3.340000e-06	-2.273001e-06	-2.809528e-10	-1.693415e+01	-1.989572e+01
3.350000e-06	-2.381626e-06	-6.504072e-10	-1.774342e+01	-4.417905e+01
3.360000e-06	-2.489806e-06	-1.033103e-09	-1.854938e+01	-6.935031e+01
3.370000e-06	-2.597436e-06	-1.430476e-09	-1.935124e+01	-9.542169e+01
3.380000e-06	-2.704508e-06	-1.841878e-09	-2.014894e+01	-1.223585e+02
3.390000e-06	-2.811090e-06	-2.263258e-09	-2.094298e+01	-1.500699e+02
3.400000e-06	-2.917105e-06	-2.693137e-09	-2.173282e+01	-1.784050e+02
3.410000e-06	-3.022518e-06	-3.131198e-09	-2.251815e+01	-2.071566e+02
3.420000e-06	-3.127340e-06	-3.572971e-09	-2.329909e+01	-2.360710e+02
3.430000e-06	-3.231514e-06	-4.014363e-09	-2.407520e+01	-2.648647e+02
3.440000e-06	-3.334889e-06	-4.450550e-09	-2.484535e+01	-2.932446e+02
3.450000e-06	-3.437406e-06	-4.877411e-09	-2.560912e+01	-3.209294e+02
3.460000e-06	-3.539203e-06	-5.292825e-09	-2.636752e+01	-3.476697e+02
3.470000e-06	-3.640314e-06	-5.690731e-09	-2.712081e+01	-3.732638e+02
3.480000e-06	-3.740519e-06	-6.067519e-09	-2.786735e+01	-3.975674e+02
3.490000e-06	-3.839783e-06	-6.416945e-09	-2.860688e+01	-4.204968e+02
3.500000e-06	-3.938174e-06	-6.741519e-09	-2.933991e+01	-4.420258e+02
3.510000e-06	-4.035732e-06	-7.049074e-09	-3.006673e+01	-4.621766e+02
3.520000e-06	-4.132580e-06	-7.337728e-09	-3.078826e+01	-4.810086e+02
3.530000e-06	-4.228674e-06	-7.607835e-09	-3.150417e+01	-4.986049e+02
3.540000e-06	-4.323777e-06	-7.862010e-09	-3.221270e+01	-5.150608e+02
3.550000e-06	-4.417813e-06	-8.105940e-09	-3.291328e+01	-5.304733e+02
3.560000e-06	-4.510894e-06	-8.336870e-09	-3.360675e+01	-5.449347e+02
3.570000e-06	-4.602928e-06	-8.552048e-09	-3.429242e+01	-5.585287e+02
3.580000e-06	-4.693843e-06	-8.747283e-09	-3.496974e+01	-5.713295e+02
3.590000e-06	-4.783654e-06	-8.924752e-09	-3.563885e+01	-5.834022e+02
3.600000e-06	-4.872391e-06	-9.095796e-09	-3.629995e+01	-5.948045e+02
3.610000e-06	-4.960068e-06	-9.261818e-09	-3.695315e+01	-6.055879e+02
3.620000e-06	-5.046650e-06	-9.417254e-09	-3.759820e+01	-6.157994e+02
3.630000e-06	-5.132121e-06	-9.562795e-09	-3.823497e+01	-6.254811e+02
3.640000e-06	-5.216451e-06	-9.703000e-09	-3.886324e+01	-6.346714e+02
3.650000e-06	-5.299639e-06	-9.843026e-09	-3.948300e+01	-6.434039e+02
3.660000e-06	-5.381666e-06	-9.975653e-09	-4.009411e+01	-6.517085e+02
3.670000e-06	-5.462539e-06	-1.009507e-08	-4.069663e+01	-6.596115e+02
3.680000e-06	-5.542257e-06	-1.020241e-08	-4.129054e+01	-6.671366e+02
3.690000e-06	-5.620749e-06	-1.030381e-08	-4.187531e+01	-6.743060e+02
3.700000e-06	-5.697875e-06	-1.040729e-08	-4.244991e+01	-6.811412e+02
3.710000e-06	-5.773504e-06	-1.050801e-08	-4.301336e+01	-6.876638e+02
3.720000e-06	-5.847725e-06	-1.060559e-08	-4.356631e+01	-6.938948e+02
3.730000e-06	-5.920701e-06	-1.070144e-08	-4.410999e+01	-6.998546e+02
3.740000e-06	-5.992390e-06	-1.079657e-08	-4.464409e+01	-7.055613e+02
3.750000e-06	-6.062659e-06	-1.088495e-08	-4.516760e+01	-7.110299e+02
3.760000e-06	-6.131491e-06	-1.096196e-08	-4.568041e+01	-7.162715e+02
3.770000e-06	-6.198936e-06	-1.102938e-08	-4.618288e+01	-7.212936e+02
3.780000e-06	-6.265095e-06	-1.109612e-08	-4.667577e+01	-7.261005e+02
3.790000e-06	-6.330046e-06	-1.116770e-08	-4.715967e+01	-7.306953e+02
3.800000e-06	-6.393716e-06	-1.123977e-08	-4.763402e+01	-7.350814e+02
3.810000e-06	-6.455905e-06	-1.130685e-08	-4.809733e+01	-7.392642e+02
3.820000e-06	-6.516530e-06	-1.136907e-08	-4.854900e+01	-7.432524e+02
3.830000e-06	-6.575702e-06	-1.142925e-08	-4.898983e+01	-7.470580e+02
3.840000e-06	-6.633413e-06	-1.148499e-08	-4.941979e+01	-7.506949e+02
3.850000e-06	-6.689703e-06	-1.153412e-08	-4.983915e+01	-7.541778e+02
3.860000e-06	-6.744544e-06	-1.157993e-08	-5.024773e+01	-7.575195e+02
3.870000e-06	-6.797669e-06	-1.162723e-08	-5.064351e+01	-7.607290e+02
3.880000e-06	-6.848979e-06	-1.167799e-08	-5.102578e+01	-7.638105e+02
3.890000e-06	-6.898552e-06	-1.172736e-08	-5.139511e+01	-7.667626e+02
3.900000e-06	-6.946343e-06	-1.177044e-08	-5.175116e+01	-7.695803e+02
3.910000e-06	-6.992422e-06	-1.180724e-08	-5.209445e+01	-7.722563e+02
3.920000e-06	-7.037062e-06	-1.184112e-08	-5.242703e+01	-7.747839e+02
3.930000e-06	-7.080366e-06	-1.187353e-08	-5.274965e+01	-7.771598e+02
3.940000e-06	-7.122308e-06	-1.190114e-08	-5.306212e+01	-7.793852e+02
3.950000e-06	-7.162826e-06	-1.193056e-08	-5.336398e+01	-7.814668e+02
3.960000e-06	-7.201867e-06	-1.196706e-08	-5.365485e+01	-7.834162e+02
3.970000e-06	-7.239213e-06	-1.200303e-08	-5.393308e+01	-7.852473e+02
3.980000e-06	-7.274840e-06	-1.202889e-08	-5.419850e+01	-7.869745e+02
3.990000e-06	-7.308939e-06	-1.204506e-08	-5.445255e+01	-7.886099e+02
4.000000e-06	-7.341499e-06	-1.205902e-08	-5.469512e+01	-7.901612e+02
4.010000e-06	-7.372469e-06	-1.207717e-08	-5.492586e+01	-7.916315e+02
4.020000e-06	-7.401657e-06	-1.209837e-08	-5.514331e+01	-7.930192e+02
4.030000e-06	-7.429148e-06	-1.211894e-08	-5.534812e+01	-7.943201e+02
4.040000e-06	-7.455102e-06	-1.214016e-08	-5.554148e+01	-7.955296e+02
4.050000e-06	-7.479500e-06	-1.216188e-08	-5.572325e+01	-7.966445e+02
4.060000e-06	-7.502335e-06	-1.217917e-08	-5.589337e+01	-7.976653e+02
4.070000e-06	-7.523389e-06	-1.218806e-08	-5.605023e+01	-7.985960e+02
4.080000e-06	-7.542736e-06	-1.219202e-08	-5.619437e+01	-7.994440e+02
4.090000e-06	-7.560555e-06	-1.219689e-08	-5.632712e+01	-8.002183e+02
4.100000e-06	-7.576835e-06	-1.220632e-08	-5.644841e+01	-8.009274e+02
4.110000e-06	-7.591364e-06	-1.221712e-08	-5.655665e+01	-8.015771e+02
4.120000e-06	-7.603917e-06	-1.222775e-08	-5.665017e+01	-8.021691e+02
4.130000e-06	-7.614595e-06	-1.223841e-08	-5.672972e+01	-8.027011e+02
4.140000e-06	-7.623638e-06	-1.224656e-08	-5.679709e+01	-8.031676e+02
4.150000e-06	-7.631139e-06	-1.225342e-08	-5.685298e+01	-8.035614e+02
4.160000e-06	-7.636843e-06	-1.225724e-08	-5.689548e+01	-8.038764e+02
4.170000e-06	-7.640743e-06	-1.225799e-08	-5.692453e+01	-8.041093e+02
4.180000e-06	-7.643088e-06	-1.225604e-08	-5.694200e+01	-8.042609e+02
4.190000e-06	-7.643860e-06	-1.225195e-08	-5.694775e+01	-8.043360e+02
