# Temperatura_=_52.8
# Concentracion g/m^3_=_18600.0
# C_Vs_to_Am_M_A/Vsm_=_65563218390.804596
# pendiente_HvsI_1/m_=_3716.3
# ordenada_HvsI_A/m_=_1297.0
# frecuencia_Hz_=_238271.90828227406

Tiempo_(s)	Campo_(V.s)	Magnetizacion_(V.s)	Campo_(kA/m)	Magnetizacion_(A/m)
0.000000e+00	-7.637910e-06	-1.130384e-08	-5.695508e+01	-7.426128e+02
1.000000e-08	-7.635974e-06	-1.130227e-08	-5.694064e+01	-7.424100e+02
2.000000e-08	-7.632292e-06	-1.129835e-08	-5.691319e+01	-7.421375e+02
3.000000e-08	-7.627051e-06	-1.129470e-08	-5.687411e+01	-7.418028e+02
4.000000e-08	-7.620378e-06	-1.128879e-08	-5.682435e+01	-7.414137e+02
5.000000e-08	-7.612253e-06	-1.128011e-08	-5.676376e+01	-7.409754e+02
6.000000e-08	-7.602481e-06	-1.126954e-08	-5.669089e+01	-7.404889e+02
7.000000e-08	-7.590769e-06	-1.125891e-08	-5.660356e+01	-7.399507e+02
8.000000e-08	-7.577142e-06	-1.126767e-08	-5.650194e+01	-7.393529e+02
9.000000e-08	-7.561417e-06	-1.125701e-08	-5.638468e+01	-7.386856e+02
1.000000e-07	-7.543423e-06	-1.123644e-08	-5.625050e+01	-7.379396e+02
1.100000e-07	-7.523573e-06	-1.124440e-08	-5.610249e+01	-7.371089e+02
1.200000e-07	-7.502266e-06	-1.120064e-08	-5.594360e+01	-7.361933e+02
1.300000e-07	-7.479698e-06	-1.118957e-08	-5.577531e+01	-7.351985e+02
1.400000e-07	-7.455827e-06	-1.124031e-08	-5.559731e+01	-7.341352e+02
1.500000e-07	-7.430321e-06	-1.112557e-08	-5.540711e+01	-7.330166e+02
1.600000e-07	-7.403133e-06	-1.112939e-08	-5.520438e+01	-7.318551e+02
1.700000e-07	-7.374386e-06	-1.118295e-08	-5.499001e+01	-7.306583e+02
1.800000e-07	-7.344004e-06	-1.105061e-08	-5.476346e+01	-7.294269e+02
1.900000e-07	-7.312207e-06	-1.108765e-08	-5.452635e+01	-7.281533e+02
2.000000e-07	-7.279001e-06	-1.109569e-08	-5.427874e+01	-7.268230e+02
2.100000e-07	-7.243972e-06	-1.099946e-08	-5.401753e+01	-7.254170e+02
2.200000e-07	-7.207211e-06	-1.101848e-08	-5.374341e+01	-7.239163e+02
2.300000e-07	-7.168842e-06	-1.099281e-08	-5.345729e+01	-7.223059e+02
2.400000e-07	-7.128851e-06	-1.094944e-08	-5.315908e+01	-7.205783e+02
2.500000e-07	-7.087324e-06	-1.094743e-08	-5.284942e+01	-7.187351e+02
2.600000e-07	-7.044018e-06	-1.089935e-08	-5.252649e+01	-7.167865e+02
2.700000e-07	-6.999010e-06	-1.087839e-08	-5.219087e+01	-7.147494e+02
2.800000e-07	-6.952524e-06	-1.084680e-08	-5.184423e+01	-7.126423e+02
2.900000e-07	-6.904513e-06	-1.081907e-08	-5.148622e+01	-7.104818e+02
3.000000e-07	-6.854817e-06	-1.077621e-08	-5.111564e+01	-7.082782e+02
3.100000e-07	-6.803263e-06	-1.072685e-08	-5.073121e+01	-7.060334e+02
3.200000e-07	-6.749922e-06	-1.071540e-08	-5.033345e+01	-7.037405e+02
3.300000e-07	-6.695026e-06	-1.066798e-08	-4.992410e+01	-7.013856e+02
3.400000e-07	-6.638793e-06	-1.065271e-08	-4.950477e+01	-6.989517e+02
3.500000e-07	-6.581131e-06	-1.060874e-08	-4.907479e+01	-6.964220e+02
3.600000e-07	-6.521777e-06	-1.054988e-08	-4.863220e+01	-6.937845e+02
3.700000e-07	-6.460843e-06	-1.052845e-08	-4.817782e+01	-6.910340e+02
3.800000e-07	-6.398590e-06	-1.048588e-08	-4.771360e+01	-6.881725e+02
3.900000e-07	-6.334994e-06	-1.044291e-08	-4.723938e+01	-6.852083e+02
4.000000e-07	-6.270098e-06	-1.038665e-08	-4.675545e+01	-6.821526e+02
4.100000e-07	-6.203740e-06	-1.034219e-08	-4.626063e+01	-6.790167e+02
4.200000e-07	-6.135767e-06	-1.030410e-08	-4.575376e+01	-6.758082e+02
4.300000e-07	-6.066392e-06	-1.025542e-08	-4.523644e+01	-6.725293e+02
4.400000e-07	-5.995723e-06	-1.020465e-08	-4.470947e+01	-6.691763e+02
4.500000e-07	-5.923734e-06	-1.014114e-08	-4.417266e+01	-6.657410e+02
4.600000e-07	-5.850430e-06	-1.009586e-08	-4.362604e+01	-6.622133e+02
4.700000e-07	-5.775706e-06	-1.004911e-08	-4.306882e+01	-6.585839e+02
4.800000e-07	-5.699421e-06	-9.988117e-09	-4.249998e+01	-6.548474e+02
4.900000e-07	-5.621654e-06	-9.925272e-09	-4.192007e+01	-6.510031e+02
5.000000e-07	-5.542523e-06	-9.861619e-09	-4.133001e+01	-6.470556e+02
5.100000e-07	-5.462013e-06	-9.807309e-09	-4.072965e+01	-6.430125e+02
5.200000e-07	-5.380226e-06	-9.747456e-09	-4.011977e+01	-6.388824e+02
5.300000e-07	-5.297288e-06	-9.681477e-09	-3.950131e+01	-6.346717e+02
5.400000e-07	-5.213245e-06	-9.612267e-09	-3.887462e+01	-6.303825e+02
5.500000e-07	-5.128133e-06	-9.547857e-09	-3.823994e+01	-6.260118e+02
5.600000e-07	-5.042047e-06	-9.483961e-09	-3.759801e+01	-6.215518e+02
5.700000e-07	-4.955041e-06	-9.411025e-09	-3.694921e+01	-6.169921e+02
5.800000e-07	-4.866999e-06	-9.336521e-09	-3.629269e+01	-6.123221e+02
5.900000e-07	-4.777902e-06	-9.260670e-09	-3.562831e+01	-6.075342e+02
6.000000e-07	-4.687736e-06	-9.186458e-09	-3.495595e+01	-6.026251e+02
6.100000e-07	-4.596478e-06	-9.111722e-09	-3.427544e+01	-5.975964e+02
6.200000e-07	-4.504156e-06	-9.033210e-09	-3.358701e+01	-5.924534e+02
6.300000e-07	-4.410864e-06	-8.951762e-09	-3.289134e+01	-5.872031e+02
6.400000e-07	-4.316651e-06	-8.870899e-09	-3.218881e+01	-5.818503e+02
6.500000e-07	-4.221500e-06	-8.790114e-09	-3.147927e+01	-5.763960e+02
6.600000e-07	-4.125402e-06	-8.705039e-09	-3.076268e+01	-5.708352e+02
6.700000e-07	-4.028441e-06	-8.615102e-09	-3.003966e+01	-5.651573e+02
6.800000e-07	-3.930614e-06	-8.524319e-09	-2.931017e+01	-5.593480e+02
6.900000e-07	-3.831826e-06	-8.436305e-09	-2.857352e+01	-5.533925e+02
7.000000e-07	-3.732064e-06	-8.346034e-09	-2.782960e+01	-5.472788e+02
7.100000e-07	-3.631391e-06	-8.245647e-09	-2.707889e+01	-5.410009e+02
7.200000e-07	-3.529929e-06	-8.139447e-09	-2.632230e+01	-5.345601e+02
7.300000e-07	-3.427814e-06	-8.037698e-09	-2.556085e+01	-5.279644e+02
7.400000e-07	-3.325007e-06	-7.941565e-09	-2.479422e+01	-5.212258e+02
7.500000e-07	-3.221315e-06	-7.844164e-09	-2.402101e+01	-5.143569e+02
7.600000e-07	-3.116779e-06	-7.742733e-09	-2.324149e+01	-5.073660e+02
7.700000e-07	-3.011581e-06	-7.636155e-09	-2.245704e+01	-5.002542e+02
7.800000e-07	-2.905792e-06	-7.523575e-09	-2.166818e+01	-4.930136e+02
7.900000e-07	-2.799340e-06	-7.405888e-09	-2.087438e+01	-4.856282e+02
8.000000e-07	-2.692176e-06	-7.282151e-09	-2.007527e+01	-4.780766e+02
8.100000e-07	-2.584307e-06	-7.155209e-09	-1.927090e+01	-4.703363e+02
8.200000e-07	-2.475730e-06	-7.032969e-09	-1.846126e+01	-4.623890e+02
8.300000e-07	-2.366546e-06	-6.916558e-09	-1.764708e+01	-4.542236e+02
8.400000e-07	-2.256927e-06	-6.798326e-09	-1.682967e+01	-4.458383e+02
8.500000e-07	-2.146999e-06	-6.671325e-09	-1.600995e+01	-4.372396e+02
8.600000e-07	-2.036681e-06	-6.534716e-09	-1.518731e+01	-4.284386e+02
8.700000e-07	-1.925936e-06	-6.394699e-09	-1.436150e+01	-4.194462e+02
8.800000e-07	-1.814795e-06	-6.251113e-09	-1.353273e+01	-4.102680e+02
8.900000e-07	-1.703195e-06	-6.101943e-09	-1.270054e+01	-4.008996e+02
9.000000e-07	-1.591131e-06	-5.949395e-09	-1.186489e+01	-3.913258e+02
9.100000e-07	-1.478675e-06	-5.799497e-09	-1.102632e+01	-3.815210e+02
9.200000e-07	-1.365944e-06	-5.653231e-09	-1.018570e+01	-3.714539e+02
9.300000e-07	-1.252969e-06	-5.501509e-09	-9.343255e+00	-3.610925e+02
9.400000e-07	-1.139726e-06	-5.341594e-09	-8.498818e+00	-3.504103e+02
9.500000e-07	-1.026245e-06	-5.174280e-09	-7.652603e+00	-3.393901e+02
9.600000e-07	-9.125823e-07	-5.001984e-09	-6.805029e+00	-3.280254e+02
9.700000e-07	-7.987439e-07	-4.823210e-09	-5.956149e+00	-3.163182e+02
9.800000e-07	-6.847083e-07	-4.635780e-09	-5.105797e+00	-3.042738e+02
9.900000e-07	-5.705225e-07	-4.443263e-09	-4.254326e+00	-2.918934e+02
1.000000e-06	-4.561815e-07	-4.248270e-09	-3.401697e+00	-2.791674e+02
1.010000e-06	-3.417358e-07	-4.051278e-09	-2.548288e+00	-2.660705e+02
1.020000e-06	-2.272588e-07	-3.847571e-09	-1.694645e+00	-2.525602e+02
1.030000e-06	-1.126931e-07	-3.634814e-09	-8.403403e-01	-2.385797e+02
1.040000e-06	1.954698e-09	-3.414079e-09	1.457598e-02	-2.240653e+02
1.050000e-06	1.166352e-07	-3.185939e-09	8.697360e-01	-2.089544e+02
1.060000e-06	2.312467e-07	-2.947234e-09	1.724382e+00	-1.931949e+02
1.070000e-06	3.457673e-07	-2.695526e-09	2.578350e+00	-1.767506e+02
1.080000e-06	4.602776e-07	-2.431323e-09	3.432241e+00	-1.596028e+02
1.090000e-06	5.747225e-07	-2.156012e-09	4.285645e+00	-1.417453e+02
1.100000e-06	6.889980e-07	-1.872035e-09	5.137785e+00	-1.231758e+02
1.110000e-06	8.031231e-07	-1.578325e-09	5.988804e+00	-1.038833e+02
1.120000e-06	9.171132e-07	-1.272766e-09	6.838815e+00	-8.383673e+01
1.130000e-06	1.030877e-06	-9.550815e-10	7.687139e+00	-6.297756e+01
1.140000e-06	1.144379e-06	-6.220678e-10	8.533509e+00	-4.121984e+01
1.150000e-06	1.257610e-06	-2.702867e-10	9.377866e+00	-1.845930e+01
1.160000e-06	1.370577e-06	9.836029e-11	1.022024e+01	5.408512e+00
1.170000e-06	1.483236e-06	4.809344e-10	1.106033e+01	3.046327e+01
1.180000e-06	1.595433e-06	8.769284e-10	1.189697e+01	5.673233e+01
1.190000e-06	1.707163e-06	1.288125e-09	1.273013e+01	8.416562e+01
1.200000e-06	1.818472e-06	1.719354e-09	1.356015e+01	1.126185e+02
1.210000e-06	1.929372e-06	2.167742e-09	1.438712e+01	1.418467e+02
1.220000e-06	2.039877e-06	2.624469e-09	1.521114e+01	1.715150e+02
1.230000e-06	2.149985e-06	3.079231e-09	1.603221e+01	2.012211e+02
1.240000e-06	2.259713e-06	3.527137e-09	1.685044e+01	2.305290e+02
1.250000e-06	2.369044e-06	3.961080e-09	1.766571e+01	2.590100e+02
1.260000e-06	2.477838e-06	4.371895e-09	1.847698e+01	2.862820e+02
1.270000e-06	2.586011e-06	4.756640e-09	1.928361e+01	3.120441e+02
1.280000e-06	2.693509e-06	5.115716e-09	2.008521e+01	3.360981e+02
1.290000e-06	2.800273e-06	5.451463e-09	2.088134e+01	3.583572e+02
1.300000e-06	2.906492e-06	5.764483e-09	2.167340e+01	3.788391e+02
1.310000e-06	3.012190e-06	6.052314e-09	2.246158e+01	3.976475e+02
1.320000e-06	3.117158e-06	6.311946e-09	2.324431e+01	4.149444e+02
1.330000e-06	3.221339e-06	6.549608e-09	2.402118e+01	4.309205e+02
1.340000e-06	3.324699e-06	6.771591e-09	2.479192e+01	4.457668e+02
1.350000e-06	3.427288e-06	6.980908e-09	2.555692e+01	4.596535e+02
1.360000e-06	3.529234e-06	7.178732e-09	2.631712e+01	4.727172e+02
1.370000e-06	3.630496e-06	7.366993e-09	2.707222e+01	4.850575e+02
1.380000e-06	3.730981e-06	7.546815e-09	2.782153e+01	4.967415e+02
1.390000e-06	3.830581e-06	7.717745e-09	2.856424e+01	5.078133e+02
1.400000e-06	3.929239e-06	7.877420e-09	2.929991e+01	5.183055e+02
1.410000e-06	4.026993e-06	8.026319e-09	3.002886e+01	5.282486e+02
1.420000e-06	4.123843e-06	8.166955e-09	3.075106e+01	5.376778e+02
1.430000e-06	4.219669e-06	8.301995e-09	3.146562e+01	5.466350e+02
1.440000e-06	4.314511e-06	8.434073e-09	3.217285e+01	5.551662e+02
1.450000e-06	4.408571e-06	8.562098e-09	3.287424e+01	5.633175e+02
1.460000e-06	4.501833e-06	8.684507e-09	3.356969e+01	5.711293e+02
1.470000e-06	4.594020e-06	8.801683e-09	3.425712e+01	5.786324e+02
1.480000e-06	4.685016e-06	8.914078e-09	3.493566e+01	5.858460e+02
1.490000e-06	4.775008e-06	9.021936e-09	3.560673e+01	5.927793e+02
1.500000e-06	4.863954e-06	9.123195e-09	3.626999e+01	5.994347e+02
1.510000e-06	4.951696e-06	9.216786e-09	3.692427e+01	6.058131e+02
1.520000e-06	5.038338e-06	9.305526e-09	3.757035e+01	6.119185e+02
1.530000e-06	5.123975e-06	9.393148e-09	3.820894e+01	6.177612e+02
1.540000e-06	5.208522e-06	9.481050e-09	3.883939e+01	6.233594e+02
1.550000e-06	5.291951e-06	9.566670e-09	3.946151e+01	6.287370e+02
1.560000e-06	5.374282e-06	9.648111e-09	4.007545e+01	6.339211e+02
1.570000e-06	5.455359e-06	9.725240e-09	4.068003e+01	6.389371e+02
1.580000e-06	5.535167e-06	9.800791e-09	4.127515e+01	6.438051e+02
1.590000e-06	5.613742e-06	9.873019e-09	4.186108e+01	6.485376e+02
1.600000e-06	5.691017e-06	9.938691e-09	4.243731e+01	6.531385e+02
1.610000e-06	5.766962e-06	1.000063e-08	4.300362e+01	6.576050e+02
1.620000e-06	5.841527e-06	1.006335e-08	4.355964e+01	6.619309e+02
1.630000e-06	5.914715e-06	1.012819e-08	4.410540e+01	6.661094e+02
1.640000e-06	5.986478e-06	1.019136e-08	4.464053e+01	6.701373e+02
1.650000e-06	6.056921e-06	1.025111e-08	4.516581e+01	6.740160e+02
1.660000e-06	6.126197e-06	1.031001e-08	4.568240e+01	6.777522e+02
1.670000e-06	6.194146e-06	1.036734e-08	4.618909e+01	6.813561e+02
1.680000e-06	6.260646e-06	1.041865e-08	4.668497e+01	6.848387e+02
1.690000e-06	6.325663e-06	1.046566e-08	4.716980e+01	6.882090e+02
1.700000e-06	6.389261e-06	1.051187e-08	4.764404e+01	6.914720e+02
1.710000e-06	6.451575e-06	1.056017e-08	4.810871e+01	6.946274e+02
1.720000e-06	6.512630e-06	1.061077e-08	4.856399e+01	6.976703e+02
1.730000e-06	6.572297e-06	1.065948e-08	4.900892e+01	7.005933e+02
1.740000e-06	6.630458e-06	1.070311e-08	4.944262e+01	7.033893e+02
1.750000e-06	6.687133e-06	1.074376e-08	4.986524e+01	7.060541e+02
1.760000e-06	6.742282e-06	1.078338e-08	5.027648e+01	7.085885e+02
1.770000e-06	6.795849e-06	1.082070e-08	5.067593e+01	7.109984e+02
1.780000e-06	6.847677e-06	1.085409e-08	5.106240e+01	7.132940e+02
1.790000e-06	6.897669e-06	1.088369e-08	5.143519e+01	7.154879e+02
1.800000e-06	6.945990e-06	1.091454e-08	5.179551e+01	7.175914e+02
1.810000e-06	6.992768e-06	1.094890e-08	5.214433e+01	7.196126e+02
1.820000e-06	7.038110e-06	1.098437e-08	5.248244e+01	7.215544e+02
1.830000e-06	7.081961e-06	1.101733e-08	5.280943e+01	7.234142e+02
1.840000e-06	7.124074e-06	1.104648e-08	5.312347e+01	7.251853e+02
1.850000e-06	7.164532e-06	1.107269e-08	5.342515e+01	7.268592e+02
1.860000e-06	7.203494e-06	1.109612e-08	5.371569e+01	7.284283e+02
1.870000e-06	7.241010e-06	1.111626e-08	5.399544e+01	7.298887e+02
1.880000e-06	7.276995e-06	1.113490e-08	5.426378e+01	7.312420e+02
1.890000e-06	7.311246e-06	1.115495e-08	5.451918e+01	7.324948e+02
1.900000e-06	7.343780e-06	1.117777e-08	5.476179e+01	7.336583e+02
1.910000e-06	7.374735e-06	1.120153e-08	5.499262e+01	7.347455e+02
1.920000e-06	7.404259e-06	1.122356e-08	5.521277e+01	7.357684e+02
1.930000e-06	7.432220e-06	1.123997e-08	5.542127e+01	7.367363e+02
1.940000e-06	7.458382e-06	1.125140e-08	5.561636e+01	7.376534e+02
1.950000e-06	7.482788e-06	1.126081e-08	5.579836e+01	7.385194e+02
1.960000e-06	7.505597e-06	1.127020e-08	5.596843e+01	7.393299e+02
1.970000e-06	7.526948e-06	1.128211e-08	5.612765e+01	7.400787e+02
1.980000e-06	7.546723e-06	1.129549e-08	5.627511e+01	7.407598e+02
1.990000e-06	7.564757e-06	1.131004e-08	5.640959e+01	7.413694e+02
2.000000e-06	7.581083e-06	1.132356e-08	5.653133e+01	7.419066e+02
2.010000e-06	7.595746e-06	1.133432e-08	5.664067e+01	7.423735e+02
2.020000e-06	7.608722e-06	1.134342e-08	5.673743e+01	7.427740e+02
2.030000e-06	7.619785e-06	1.134780e-08	5.681993e+01	7.431123e+02
2.040000e-06	7.628874e-06	1.134761e-08	5.688770e+01	7.433909e+02
2.050000e-06	7.636233e-06	1.134923e-08	5.694258e+01	7.436098e+02
2.060000e-06	7.642063e-06	1.135438e-08	5.698605e+01	7.437659e+02
2.070000e-06	7.646303e-06	1.136089e-08	5.701767e+01	7.438544e+02
2.080000e-06	7.648780e-06	1.136518e-08	5.703614e+01	7.438699e+02
2.090000e-06	7.649499e-06	1.136661e-08	5.704150e+01	7.438086e+02
2.100000e-06	7.648581e-06	1.136546e-08	5.703465e+01	7.436696e+02
2.110000e-06	7.646200e-06	1.136274e-08	5.701690e+01	7.434558e+02
2.120000e-06	7.642315e-06	1.135766e-08	5.698793e+01	7.431732e+02
2.130000e-06	7.636699e-06	1.134963e-08	5.694605e+01	7.428297e+02
2.140000e-06	7.629387e-06	1.134303e-08	5.689153e+01	7.424327e+02
2.150000e-06	7.620618e-06	1.133984e-08	5.682614e+01	7.419870e+02
2.160000e-06	7.610418e-06	1.133950e-08	5.675008e+01	7.414930e+02
2.170000e-06	7.598527e-06	1.131541e-08	5.666141e+01	7.409462e+02
2.180000e-06	7.584637e-06	1.130204e-08	5.655783e+01	7.403384e+02
2.190000e-06	7.568537e-06	1.130923e-08	5.643778e+01	7.396597e+02
2.200000e-06	7.550198e-06	1.127521e-08	5.630102e+01	7.389010e+02
2.210000e-06	7.529764e-06	1.129734e-08	5.614865e+01	7.380573e+02
2.220000e-06	7.507640e-06	1.125802e-08	5.598367e+01	7.371291e+02
2.230000e-06	7.484529e-06	1.118864e-08	5.581134e+01	7.361230e+02
2.240000e-06	7.460345e-06	1.127323e-08	5.563100e+01	7.350503e+02
2.250000e-06	7.434515e-06	1.118138e-08	5.543839e+01	7.339244e+02
2.260000e-06	7.407278e-06	1.113949e-08	5.523528e+01	7.327571e+02
2.270000e-06	7.378525e-06	1.125905e-08	5.502087e+01	7.315551e+02
2.280000e-06	7.347793e-06	1.114412e-08	5.479171e+01	7.303178e+02
2.290000e-06	7.315325e-06	1.112148e-08	5.454960e+01	7.290366e+02
2.300000e-06	7.281299e-06	1.117597e-08	5.429587e+01	7.276959e+02
2.310000e-06	7.245826e-06	1.107557e-08	5.403136e+01	7.262767e+02
2.320000e-06	7.208852e-06	1.109506e-08	5.375564e+01	7.247602e+02
2.330000e-06	7.169930e-06	1.105411e-08	5.346541e+01	7.231323e+02
2.340000e-06	7.129308e-06	1.099249e-08	5.316249e+01	7.213868e+02
2.350000e-06	7.087330e-06	1.103505e-08	5.284947e+01	7.195267e+02
2.360000e-06	7.043819e-06	1.094904e-08	5.252501e+01	7.175635e+02
2.370000e-06	6.998786e-06	1.095660e-08	5.218921e+01	7.155145e+02
2.380000e-06	6.952155e-06	1.091805e-08	5.184148e+01	7.133982e+02
2.390000e-06	6.903886e-06	1.084813e-08	5.148154e+01	7.112306e+02
2.400000e-06	6.854094e-06	1.087289e-08	5.111025e+01	7.090207e+02
2.410000e-06	6.802739e-06	1.078866e-08	5.072730e+01	7.067692e+02
2.420000e-06	6.749654e-06	1.077417e-08	5.033145e+01	7.044678e+02
2.430000e-06	6.694762e-06	1.071976e-08	4.992213e+01	7.021020e+02
2.440000e-06	6.638325e-06	1.068104e-08	4.950128e+01	6.996544e+02
2.450000e-06	6.580468e-06	1.068346e-08	4.906985e+01	6.971090e+02
2.460000e-06	6.521195e-06	1.059204e-08	4.862785e+01	6.944546e+02
2.470000e-06	6.460527e-06	1.057796e-08	4.817546e+01	6.916869e+02
2.480000e-06	6.398294e-06	1.051320e-08	4.771140e+01	6.888091e+02
2.490000e-06	6.334572e-06	1.047602e-08	4.723623e+01	6.858302e+02
2.500000e-06	6.269546e-06	1.044137e-08	4.675133e+01	6.827617e+02
2.510000e-06	6.203098e-06	1.036188e-08	4.625584e+01	6.796143e+02
2.520000e-06	6.135213e-06	1.034111e-08	4.574963e+01	6.763951e+02
2.530000e-06	6.065843e-06	1.027162e-08	4.523235e+01	6.731052e+02
2.540000e-06	5.994921e-06	1.024201e-08	4.470349e+01	6.697403e+02
2.550000e-06	5.922633e-06	1.017296e-08	4.416445e+01	6.662916e+02
2.560000e-06	5.849037e-06	1.010677e-08	4.361564e+01	6.627489e+02
2.570000e-06	5.773966e-06	1.006451e-08	4.305585e+01	6.591035e+02
2.580000e-06	5.697353e-06	9.997865e-09	4.248456e+01	6.553505e+02
2.590000e-06	5.619257e-06	9.958618e-09	4.190221e+01	6.514902e+02
2.600000e-06	5.539839e-06	9.880656e-09	4.130999e+01	6.475276e+02
2.610000e-06	5.459316e-06	9.826486e-09	4.070954e+01	6.434707e+02
2.620000e-06	5.377682e-06	9.762909e-09	4.010081e+01	6.393280e+02
2.630000e-06	5.294892e-06	9.703471e-09	3.948345e+01	6.351053e+02
2.640000e-06	5.211003e-06	9.638110e-09	3.885789e+01	6.308041e+02
2.650000e-06	5.125908e-06	9.562291e-09	3.822335e+01	6.264203e+02
2.660000e-06	5.039462e-06	9.502648e-09	3.757873e+01	6.219459e+02
2.670000e-06	4.951816e-06	9.429237e-09	3.692517e+01	6.173700e+02
2.680000e-06	4.863233e-06	9.360710e-09	3.626461e+01	6.126826e+02
2.690000e-06	4.773728e-06	9.277005e-09	3.559718e+01	6.078764e+02
2.700000e-06	4.683202e-06	9.203239e-09	3.492214e+01	6.029489e+02
2.710000e-06	4.591687e-06	9.128382e-09	3.423972e+01	5.979024e+02
2.720000e-06	4.499272e-06	9.054037e-09	3.355059e+01	5.927428e+02
2.730000e-06	4.405851e-06	8.975686e-09	3.285396e+01	5.874766e+02
2.740000e-06	4.311306e-06	8.891171e-09	3.214895e+01	5.821085e+02
2.750000e-06	4.215730e-06	8.807092e-09	3.143625e+01	5.766385e+02
2.760000e-06	4.119259e-06	8.720749e-09	3.071688e+01	5.710607e+02
2.770000e-06	4.021999e-06	8.635100e-09	2.999162e+01	5.653639e+02
2.780000e-06	3.923892e-06	8.539789e-09	2.926005e+01	5.595334e+02
2.790000e-06	3.824900e-06	8.446610e-09	2.852187e+01	5.535546e+02
2.800000e-06	3.725056e-06	8.352237e-09	2.777735e+01	5.474162e+02
2.810000e-06	3.624390e-06	8.262308e-09	2.702669e+01	5.411135e+02
2.820000e-06	3.522912e-06	8.165791e-09	2.626998e+01	5.346486e+02
2.830000e-06	3.420545e-06	8.063988e-09	2.550664e+01	5.280304e+02
2.840000e-06	3.317296e-06	7.958435e-09	2.473672e+01	5.212714e+02
2.850000e-06	3.213261e-06	7.850358e-09	2.396095e+01	5.143835e+02
2.860000e-06	3.108521e-06	7.741678e-09	2.317991e+01	5.073744e+02
2.870000e-06	3.003174e-06	7.628584e-09	2.239435e+01	5.002438e+02
2.880000e-06	2.897227e-06	7.514725e-09	2.160431e+01	4.929825e+02
2.890000e-06	2.790662e-06	7.402939e-09	2.080967e+01	4.855734e+02
2.900000e-06	2.683503e-06	7.294721e-09	2.001060e+01	4.779947e+02
2.910000e-06	2.575792e-06	7.178754e-09	1.920741e+01	4.702242e+02
2.920000e-06	2.467566e-06	7.053236e-09	1.840038e+01	4.622444e+02
2.930000e-06	2.358874e-06	6.921376e-09	1.758987e+01	4.540457e+02
2.940000e-06	2.249680e-06	6.790598e-09	1.677562e+01	4.456277e+02
2.950000e-06	2.139998e-06	6.662730e-09	1.595774e+01	4.369976e+02
2.960000e-06	2.029851e-06	6.533088e-09	1.513638e+01	4.281671e+02
2.970000e-06	1.919154e-06	6.398363e-09	1.431092e+01	4.191465e+02
2.980000e-06	1.808019e-06	6.260415e-09	1.348221e+01	4.099401e+02
2.990000e-06	1.696473e-06	6.117492e-09	1.265042e+01	4.005420e+02
3.000000e-06	1.584537e-06	5.964882e-09	1.181572e+01	3.909351e+02
3.010000e-06	1.472252e-06	5.804968e-09	1.097843e+01	3.810929e+02
3.020000e-06	1.359679e-06	5.643261e-09	1.013898e+01	3.709834e+02
3.030000e-06	1.246844e-06	5.484152e-09	9.297583e+00	3.605752e+02
3.040000e-06	1.133705e-06	5.328181e-09	8.453914e+00	3.498429e+02
3.050000e-06	1.020313e-06	5.168946e-09	7.608363e+00	3.387710e+02
3.060000e-06	9.065772e-07	4.999819e-09	6.760250e+00	3.273545e+02
3.070000e-06	7.925177e-07	4.820405e-09	5.909720e+00	3.155962e+02
3.080000e-06	6.782924e-07	4.631744e-09	5.057954e+00	3.035013e+02
3.090000e-06	5.639116e-07	4.434417e-09	4.205029e+00	2.910698e+02
3.100000e-06	4.492979e-07	4.231816e-09	3.350366e+00	2.782900e+02
3.110000e-06	3.345121e-07	4.029514e-09	2.494421e+00	2.651340e+02
3.120000e-06	2.196817e-07	3.827713e-09	1.638143e+00	2.515568e+02
3.130000e-06	1.047639e-07	3.621409e-09	7.812135e-01	2.375002e+02
3.140000e-06	-1.020069e-08	3.403112e-09	-7.606547e-02	2.229000e+02
3.150000e-06	-1.251536e-07	3.171108e-09	-9.332571e-01	2.076946e+02
3.160000e-06	-2.401338e-07	2.926904e-09	-1.790652e+00	1.918340e+02
3.170000e-06	-3.550226e-07	2.671722e-09	-2.647366e+00	1.752848e+02
3.180000e-06	-4.697522e-07	2.406450e-09	-3.502892e+00	1.580305e+02
3.190000e-06	-5.843048e-07	2.132074e-09	-4.357098e+00	1.400662e+02
3.200000e-06	-6.986532e-07	1.850925e-09	-5.209783e+00	1.213892e+02
3.210000e-06	-8.128250e-07	1.561100e-09	-6.061149e+00	1.019859e+02
3.220000e-06	-9.266911e-07	1.258925e-09	-6.910237e+00	8.182170e+01
3.230000e-06	-1.040197e-06	9.427647e-10	-7.756642e+00	6.083363e+01
3.240000e-06	-1.153423e-06	6.082426e-10	-8.600949e+00	3.893219e+01
3.250000e-06	-1.266346e-06	2.548242e-10	-9.443007e+00	1.601171e+01
3.260000e-06	-1.378993e-06	-1.117604e-10	-1.028300e+01	-8.030226e+00
3.270000e-06	-1.491278e-06	-4.945071e-10	-1.112030e+01	-3.326722e+01
3.280000e-06	-1.603196e-06	-8.953424e-10	-1.195486e+01	-5.971647e+01
3.290000e-06	-1.714763e-06	-1.312477e-09	-1.278681e+01	-8.731457e+01
3.300000e-06	-1.825875e-06	-1.745547e-09	-1.361535e+01	-1.159019e+02
3.310000e-06	-1.936518e-06	-2.190892e-09	-1.444041e+01	-1.452196e+02
3.320000e-06	-2.046655e-06	-2.645239e-09	-1.526169e+01	-1.749207e+02
3.330000e-06	-2.156202e-06	-3.102863e-09	-1.607857e+01	-2.045954e+02
3.340000e-06	-2.265209e-06	-3.554322e-09	-1.689142e+01	-2.338061e+02
3.350000e-06	-2.373791e-06	-3.989563e-09	-1.770111e+01	-2.621286e+02
3.360000e-06	-2.481954e-06	-4.403440e-09	-1.850767e+01	-2.891912e+02
3.370000e-06	-2.589606e-06	-4.794257e-09	-1.931042e+01	-3.147072e+02
3.380000e-06	-2.696709e-06	-5.160528e-09	-2.010907e+01	-3.384950e+02
3.390000e-06	-2.803241e-06	-5.498553e-09	-2.090347e+01	-3.604842e+02
3.400000e-06	-2.909178e-06	-5.808704e-09	-2.169343e+01	-3.807070e+02
3.410000e-06	-3.014537e-06	-6.095261e-09	-2.247908e+01	-3.992775e+02
3.420000e-06	-3.119338e-06	-6.358596e-09	-2.326057e+01	-4.163640e+02
3.430000e-06	-3.223494e-06	-6.602046e-09	-2.403725e+01	-4.321589e+02
3.440000e-06	-3.326855e-06	-6.830262e-09	-2.480801e+01	-4.468514e+02
3.450000e-06	-3.429358e-06	-7.045758e-09	-2.557236e+01	-4.606071e+02
3.460000e-06	-3.530995e-06	-7.249715e-09	-2.633026e+01	-4.735570e+02
3.470000e-06	-3.631878e-06	-7.441707e-09	-2.708252e+01	-4.857954e+02
3.480000e-06	-3.732029e-06	-7.621256e-09	-2.782934e+01	-4.973853e+02
3.490000e-06	-3.831307e-06	-7.788072e-09	-2.856965e+01	-5.083685e+02
3.500000e-06	-3.929646e-06	-7.943000e-09	-2.930295e+01	-5.187765e+02
3.510000e-06	-4.027121e-06	-8.089985e-09	-3.002981e+01	-5.286403e+02
3.520000e-06	-4.123835e-06	-8.230701e-09	-3.075100e+01	-5.379961e+02
3.530000e-06	-4.219832e-06	-8.364757e-09	-3.146684e+01	-5.468866e+02
3.540000e-06	-4.314918e-06	-8.493738e-09	-3.217588e+01	-5.553582e+02
3.550000e-06	-4.408912e-06	-8.619851e-09	-3.287679e+01	-5.634564e+02
3.560000e-06	-4.501880e-06	-8.743905e-09	-3.357004e+01	-5.712204e+02
3.570000e-06	-4.593856e-06	-8.863502e-09	-3.425590e+01	-5.786793e+02
3.580000e-06	-4.684767e-06	-8.972831e-09	-3.493381e+01	-5.858507e+02
3.590000e-06	-4.774599e-06	-9.072070e-09	-3.560368e+01	-5.927424e+02
3.600000e-06	-4.863411e-06	-9.166635e-09	-3.626594e+01	-5.993564e+02
3.610000e-06	-4.951105e-06	-9.259163e-09	-3.691986e+01	-6.056937e+02
3.620000e-06	-5.037579e-06	-9.350070e-09	-3.756469e+01	-6.117590e+02
3.630000e-06	-5.122971e-06	-9.440242e-09	-3.820145e+01	-6.175639e+02
3.640000e-06	-5.207280e-06	-9.529429e-09	-3.883013e+01	-6.231275e+02
3.650000e-06	-5.290369e-06	-9.616238e-09	-3.944972e+01	-6.284746e+02
3.660000e-06	-5.372288e-06	-9.699176e-09	-4.006058e+01	-6.336321e+02
3.670000e-06	-5.453144e-06	-9.777308e-09	-4.066351e+01	-6.386250e+02
3.680000e-06	-5.532899e-06	-9.849524e-09	-4.125824e+01	-6.434724e+02
3.690000e-06	-5.611426e-06	-9.917326e-09	-4.184381e+01	-6.481852e+02
3.700000e-06	-5.688591e-06	-9.985437e-09	-4.241922e+01	-6.527665e+02
3.710000e-06	-5.764258e-06	-1.005388e-08	-4.298346e+01	-6.572126e+02
3.720000e-06	-5.838520e-06	-1.011813e-08	-4.353722e+01	-6.615169e+02
3.730000e-06	-5.911480e-06	-1.017997e-08	-4.408128e+01	-6.656731e+02
3.740000e-06	-5.983138e-06	-1.024193e-08	-4.461562e+01	-6.696786e+02
3.750000e-06	-6.053444e-06	-1.030267e-08	-4.513989e+01	-6.735356e+02
3.760000e-06	-6.122356e-06	-1.036266e-08	-4.565375e+01	-6.772515e+02
3.770000e-06	-6.189858e-06	-1.041773e-08	-4.615711e+01	-6.808367e+02
3.780000e-06	-6.255991e-06	-1.047024e-08	-4.665026e+01	-6.843021e+02
3.790000e-06	-6.320933e-06	-1.052232e-08	-4.713453e+01	-6.876564e+02
3.800000e-06	-6.384584e-06	-1.057081e-08	-4.760917e+01	-6.909036e+02
3.810000e-06	-6.446739e-06	-1.061530e-08	-4.807265e+01	-6.940427e+02
3.820000e-06	-6.507364e-06	-1.065911e-08	-4.852472e+01	-6.970683e+02
3.830000e-06	-6.566518e-06	-1.070349e-08	-4.896582e+01	-6.999728e+02
3.840000e-06	-6.624271e-06	-1.074504e-08	-4.939648e+01	-7.027495e+02
3.850000e-06	-6.680700e-06	-1.078267e-08	-4.981727e+01	-7.053948e+02
3.860000e-06	-6.735664e-06	-1.081949e-08	-5.022713e+01	-7.079102e+02
3.870000e-06	-6.788865e-06	-1.085630e-08	-5.062384e+01	-7.103024e+02
3.880000e-06	-6.840299e-06	-1.089259e-08	-5.100738e+01	-7.125822e+02
3.890000e-06	-6.890037e-06	-1.092568e-08	-5.137828e+01	-7.147620e+02
3.900000e-06	-6.937959e-06	-1.095524e-08	-5.173563e+01	-7.168530e+02
3.910000e-06	-6.984162e-06	-1.098498e-08	-5.208016e+01	-7.188624e+02
3.920000e-06	-7.028882e-06	-1.101319e-08	-5.241362e+01	-7.207924e+02
3.930000e-06	-7.072223e-06	-1.103792e-08	-5.273681e+01	-7.226396e+02
3.940000e-06	-7.114165e-06	-1.105802e-08	-5.304957e+01	-7.243969e+02
3.950000e-06	-7.154714e-06	-1.107937e-08	-5.335194e+01	-7.260557e+02
3.960000e-06	-7.193858e-06	-1.110641e-08	-5.364384e+01	-7.276088e+02
3.970000e-06	-7.231312e-06	-1.113360e-08	-5.392313e+01	-7.290532e+02
3.980000e-06	-7.267004e-06	-1.115262e-08	-5.418928e+01	-7.303910e+02
3.990000e-06	-7.301157e-06	-1.116599e-08	-5.444395e+01	-7.316299e+02
4.000000e-06	-7.333874e-06	-1.117998e-08	-5.468792e+01	-7.327812e+02
4.010000e-06	-7.365064e-06	-1.119449e-08	-5.492050e+01	-7.338582e+02
4.020000e-06	-7.394448e-06	-1.120704e-08	-5.513961e+01	-7.348727e+02
4.030000e-06	-7.422083e-06	-1.121722e-08	-5.534568e+01	-7.358329e+02
4.040000e-06	-7.448152e-06	-1.123073e-08	-5.554008e+01	-7.367428e+02
4.050000e-06	-7.472679e-06	-1.124855e-08	-5.572297e+01	-7.376010e+02
4.060000e-06	-7.495621e-06	-1.126446e-08	-5.589405e+01	-7.384028e+02
4.070000e-06	-7.516785e-06	-1.127393e-08	-5.605186e+01	-7.391420e+02
4.080000e-06	-7.536239e-06	-1.127834e-08	-5.619694e+01	-7.398128e+02
4.090000e-06	-7.554132e-06	-1.128192e-08	-5.633036e+01	-7.404117e+02
4.100000e-06	-7.570483e-06	-1.128785e-08	-5.645229e+01	-7.409383e+02
4.110000e-06	-7.585176e-06	-1.129463e-08	-5.656185e+01	-7.413951e+02
4.120000e-06	-7.597858e-06	-1.129972e-08	-5.665642e+01	-7.417863e+02
4.130000e-06	-7.608615e-06	-1.130503e-08	-5.673663e+01	-7.421158e+02
4.140000e-06	-7.617769e-06	-1.131267e-08	-5.680489e+01	-7.423857e+02
4.150000e-06	-7.625344e-06	-1.131848e-08	-5.686138e+01	-7.425956e+02
4.160000e-06	-7.631165e-06	-1.131936e-08	-5.690479e+01	-7.427421e+02
4.170000e-06	-7.635147e-06	-1.131454e-08	-5.693448e+01	-7.428202e+02
4.180000e-06	-7.637553e-06	-1.130787e-08	-5.695242e+01	-7.428246e+02
4.190000e-06	-7.638422e-06	-1.130414e-08	-5.695890e+01	-7.427518e+02
