# Temperatura_=_53.08
# Concentracion g/m^3_=_18600.0
# C_Vs_to_Am_M_A/Vsm_=_65563218390.804596
# pendiente_HvsI_1/m_=_3716.3
# ordenada_HvsI_A/m_=_1297.0
# frecuencia_Hz_=_238271.60798828394

Tiempo_(s)	Campo_(V.s)	Magnetizacion_(V.s)	Campo_(kA/m)	Magnetizacion_(A/m)
0.000000e+00	-7.646349e-06	-1.134799e-08	-5.695068e+01	-7.470983e+02
1.000000e-08	-7.644424e-06	-1.134389e-08	-5.693634e+01	-7.469058e+02
2.000000e-08	-7.640715e-06	-1.134017e-08	-5.690872e+01	-7.466358e+02
3.000000e-08	-7.635486e-06	-1.133768e-08	-5.686977e+01	-7.462965e+02
4.000000e-08	-7.628834e-06	-1.133420e-08	-5.682023e+01	-7.458976e+02
5.000000e-08	-7.620722e-06	-1.132751e-08	-5.675981e+01	-7.454480e+02
6.000000e-08	-7.610981e-06	-1.131865e-08	-5.668725e+01	-7.449532e+02
7.000000e-08	-7.599306e-06	-1.131310e-08	-5.660030e+01	-7.444129e+02
8.000000e-08	-7.585767e-06	-1.130142e-08	-5.649946e+01	-7.438217e+02
9.000000e-08	-7.570146e-06	-1.128131e-08	-5.638312e+01	-7.431701e+02
1.000000e-07	-7.552137e-06	-1.128299e-08	-5.624898e+01	-7.424474e+02
1.100000e-07	-7.532231e-06	-1.128544e-08	-5.610072e+01	-7.416446e+02
1.200000e-07	-7.510920e-06	-1.125835e-08	-5.594199e+01	-7.407573e+02
1.300000e-07	-7.488394e-06	-1.123636e-08	-5.577422e+01	-7.397868e+02
1.400000e-07	-7.464602e-06	-1.123233e-08	-5.559701e+01	-7.387405e+02
1.500000e-07	-7.439102e-06	-1.121439e-08	-5.540709e+01	-7.376291e+02
1.600000e-07	-7.411833e-06	-1.119850e-08	-5.520398e+01	-7.364643e+02
1.700000e-07	-7.383046e-06	-1.117112e-08	-5.498958e+01	-7.352546e+02
1.800000e-07	-7.352654e-06	-1.114558e-08	-5.476321e+01	-7.340026e+02
1.900000e-07	-7.320782e-06	-1.113987e-08	-5.452583e+01	-7.327038e+02
2.000000e-07	-7.287556e-06	-1.111146e-08	-5.427835e+01	-7.313463e+02
2.100000e-07	-7.252552e-06	-1.109668e-08	-5.401765e+01	-7.299141e+02
2.200000e-07	-7.215802e-06	-1.106614e-08	-5.374393e+01	-7.283899e+02
2.300000e-07	-7.177500e-06	-1.103324e-08	-5.345865e+01	-7.267594e+02
2.400000e-07	-7.137573e-06	-1.103194e-08	-5.316127e+01	-7.250153e+02
2.500000e-07	-7.096117e-06	-1.099844e-08	-5.285250e+01	-7.231583e+02
2.600000e-07	-7.052940e-06	-1.096440e-08	-5.253092e+01	-7.211976e+02
2.700000e-07	-7.008023e-06	-1.093257e-08	-5.219638e+01	-7.191486e+02
2.800000e-07	-6.961615e-06	-1.089607e-08	-5.185072e+01	-7.170286e+02
2.900000e-07	-6.913628e-06	-1.087763e-08	-5.149331e+01	-7.148531e+02
3.000000e-07	-6.863909e-06	-1.083727e-08	-5.112300e+01	-7.126317e+02
3.100000e-07	-6.812284e-06	-1.080358e-08	-5.073849e+01	-7.103656e+02
3.200000e-07	-6.758858e-06	-1.077107e-08	-5.034057e+01	-7.080476e+02
3.300000e-07	-6.703944e-06	-1.073725e-08	-4.993157e+01	-7.056638e+02
3.400000e-07	-6.647657e-06	-1.071159e-08	-4.951234e+01	-7.031972e+02
3.500000e-07	-6.589959e-06	-1.065767e-08	-4.908259e+01	-7.006315e+02
3.600000e-07	-6.530635e-06	-1.061447e-08	-4.864075e+01	-6.979553e+02
3.700000e-07	-6.469744e-06	-1.057592e-08	-4.818722e+01	-6.951645e+02
3.800000e-07	-6.407519e-06	-1.054312e-08	-4.772377e+01	-6.922622e+02
3.900000e-07	-6.343945e-06	-1.050585e-08	-4.725026e+01	-6.892581e+02
4.000000e-07	-6.279012e-06	-1.045268e-08	-4.676664e+01	-6.861646e+02
4.100000e-07	-6.212660e-06	-1.041066e-08	-4.627243e+01	-6.829938e+02
4.200000e-07	-6.144768e-06	-1.035916e-08	-4.576678e+01	-6.797536e+02
4.300000e-07	-6.075432e-06	-1.031030e-08	-4.525035e+01	-6.764458e+02
4.400000e-07	-6.004715e-06	-1.025247e-08	-4.472365e+01	-6.730655e+02
4.500000e-07	-5.932628e-06	-1.019305e-08	-4.418673e+01	-6.696028e+02
4.600000e-07	-5.859224e-06	-1.014907e-08	-4.364001e+01	-6.660455e+02
4.700000e-07	-5.784443e-06	-1.010272e-08	-4.308304e+01	-6.623825e+02
4.800000e-07	-5.708085e-06	-1.005182e-08	-4.251432e+01	-6.586065e+02
4.900000e-07	-5.630206e-06	-9.986156e-09	-4.193427e+01	-6.547159e+02
5.000000e-07	-5.551003e-06	-9.921078e-09	-4.134436e+01	-6.507146e+02
5.100000e-07	-5.470444e-06	-9.859856e-09	-4.074435e+01	-6.466110e+02
5.200000e-07	-5.388612e-06	-9.795780e-09	-4.013486e+01	-6.424146e+02
5.300000e-07	-5.305641e-06	-9.728420e-09	-3.951688e+01	-6.381331e+02
5.400000e-07	-5.221546e-06	-9.662263e-09	-3.889053e+01	-6.337704e+02
5.500000e-07	-5.136367e-06	-9.604461e-09	-3.825612e+01	-6.293248e+02
5.600000e-07	-5.050260e-06	-9.538379e-09	-3.761478e+01	-6.247899e+02
5.700000e-07	-4.963271e-06	-9.463720e-09	-3.696688e+01	-6.201561e+02
5.800000e-07	-4.875255e-06	-9.385218e-09	-3.631133e+01	-6.154136e+02
5.900000e-07	-4.786076e-06	-9.309709e-09	-3.564712e+01	-6.105553e+02
6.000000e-07	-4.695795e-06	-9.236762e-09	-3.497469e+01	-6.055785e+02
6.100000e-07	-4.604518e-06	-9.159749e-09	-3.429485e+01	-6.004854e+02
6.200000e-07	-4.512142e-06	-9.079794e-09	-3.360683e+01	-5.952821e+02
6.300000e-07	-4.418725e-06	-8.999345e-09	-3.291105e+01	-5.899761e+02
6.400000e-07	-4.324433e-06	-8.921664e-09	-3.220876e+01	-5.845726e+02
6.500000e-07	-4.229225e-06	-8.840513e-09	-3.149964e+01	-5.790723e+02
6.600000e-07	-4.133095e-06	-8.753385e-09	-3.078365e+01	-5.734693e+02
6.700000e-07	-4.036016e-06	-8.661269e-09	-3.006060e+01	-5.677515e+02
6.800000e-07	-3.937978e-06	-8.571366e-09	-2.933040e+01	-5.619020e+02
6.900000e-07	-3.839096e-06	-8.486177e-09	-2.859392e+01	-5.559035e+02
7.000000e-07	-3.739313e-06	-8.396702e-09	-2.785074e+01	-5.497411e+02
7.100000e-07	-3.638554e-06	-8.296113e-09	-2.710027e+01	-5.434067e+02
7.200000e-07	-3.536978e-06	-8.191195e-09	-2.634372e+01	-5.369002e+02
7.300000e-07	-3.434764e-06	-8.089290e-09	-2.558243e+01	-5.302296e+02
7.400000e-07	-3.331843e-06	-7.988394e-09	-2.481586e+01	-5.234082e+02
7.500000e-07	-3.228091e-06	-7.887306e-09	-2.404311e+01	-5.164510e+02
7.600000e-07	-3.123543e-06	-7.781874e-09	-2.326443e+01	-5.093699e+02
7.700000e-07	-3.018253e-06	-7.671787e-09	-2.248021e+01	-5.021698e+02
7.800000e-07	-2.912281e-06	-7.562123e-09	-2.169093e+01	-4.948463e+02
7.900000e-07	-2.805677e-06	-7.449771e-09	-2.089693e+01	-4.873858e+02
8.000000e-07	-2.698490e-06	-7.329137e-09	-2.009859e+01	-4.797682e+02
8.100000e-07	-2.590650e-06	-7.202222e-09	-1.929539e+01	-4.719709e+02
8.200000e-07	-2.482038e-06	-7.077117e-09	-1.848644e+01	-4.639736e+02
8.300000e-07	-2.372778e-06	-6.957214e-09	-1.767266e+01	-4.557623e+02
8.400000e-07	-2.263118e-06	-6.837480e-09	-1.685590e+01	-4.473313e+02
8.500000e-07	-2.153069e-06	-6.710112e-09	-1.603625e+01	-4.386829e+02
8.600000e-07	-2.042594e-06	-6.576081e-09	-1.521342e+01	-4.298246e+02
8.700000e-07	-1.931667e-06	-6.436612e-09	-1.438723e+01	-4.207643e+02
8.800000e-07	-1.820280e-06	-6.290972e-09	-1.355761e+01	-4.115056e+02
8.900000e-07	-1.708557e-06	-6.140239e-09	-1.272549e+01	-4.020441e+02
9.000000e-07	-1.596551e-06	-5.985640e-09	-1.189125e+01	-3.923651e+02
9.100000e-07	-1.484215e-06	-5.831576e-09	-1.105457e+01	-3.824453e+02
9.200000e-07	-1.371528e-06	-5.679033e-09	-1.021526e+01	-3.722558e+02
9.300000e-07	-1.258455e-06	-5.526741e-09	-9.373082e+00	-3.617682e+02
9.400000e-07	-1.144996e-06	-5.368760e-09	-8.528031e+00	-3.509592e+02
9.500000e-07	-1.031299e-06	-5.199814e-09	-7.681207e+00	-3.398149e+02
9.600000e-07	-9.174188e-07	-5.021649e-09	-6.833016e+00	-3.283317e+02
9.700000e-07	-8.033358e-07	-4.839528e-09	-5.983316e+00	-3.165137e+02
9.800000e-07	-6.890517e-07	-4.654608e-09	-5.132118e+00	-3.043678e+02
9.900000e-07	-5.745918e-07	-4.464775e-09	-4.279610e+00	-2.918963e+02
1.000000e-06	-4.600803e-07	-4.267581e-09	-3.426718e+00	-2.790901e+02
1.010000e-06	-3.455540e-07	-4.064782e-09	-2.573717e+00	-2.659237e+02
1.020000e-06	-2.308971e-07	-3.858347e-09	-1.719742e+00	-2.523539e+02
1.030000e-06	-1.161228e-07	-3.646060e-09	-8.648928e-01	-2.383232e+02
1.040000e-06	-1.281326e-09	-3.426386e-09	-9.543432e-03	-2.237660e+02
1.050000e-06	1.135587e-07	-3.194602e-09	8.457952e-01	-2.086182e+02
1.060000e-06	2.282981e-07	-2.950321e-09	1.700384e+00	-1.928249e+02
1.070000e-06	3.430270e-07	-2.698311e-09	2.554895e+00	-1.763471e+02
1.080000e-06	4.577368e-07	-2.439107e-09	3.409264e+00	-1.591623e+02
1.090000e-06	5.723140e-07	-2.167157e-09	4.262645e+00	-1.412606e+02
1.100000e-06	6.867699e-07	-1.880214e-09	5.115122e+00	-1.226353e+02
1.110000e-06	8.011063e-07	-1.581692e-09	5.966711e+00	-1.032714e+02
1.120000e-06	9.152889e-07	-1.273756e-09	6.817152e+00	-8.313447e+01
1.130000e-06	1.029237e-06	-9.544152e-10	7.665845e+00	-6.216403e+01
1.140000e-06	1.142908e-06	-6.159429e-10	8.512477e+00	-4.027384e+01
1.150000e-06	1.256208e-06	-2.575371e-10	9.356351e+00	-1.736165e+01
1.160000e-06	1.369142e-06	1.126959e-10	1.019749e+01	6.672514e+00
1.170000e-06	1.481802e-06	4.934641e-10	1.103659e+01	3.190158e+01
1.180000e-06	1.594084e-06	8.887703e-10	1.187288e+01	5.834436e+01
1.190000e-06	1.705943e-06	1.301913e-09	1.270602e+01	8.594148e+01
1.200000e-06	1.817379e-06	1.738809e-09	1.353600e+01	1.145393e+02
1.210000e-06	1.928405e-06	2.194832e-09	1.436293e+01	1.438859e+02
1.220000e-06	2.039031e-06	2.658081e-09	1.518688e+01	1.736417e+02
1.230000e-06	2.149273e-06	3.118205e-09	1.600798e+01	2.034030e+02
1.240000e-06	2.259124e-06	3.567391e-09	1.682616e+01	2.327369e+02
1.250000e-06	2.368545e-06	3.997683e-09	1.764113e+01	2.612208e+02
1.260000e-06	2.477461e-06	4.403956e-09	1.845234e+01	2.884819e+02
1.270000e-06	2.585733e-06	4.784490e-09	1.925877e+01	3.142295e+02
1.280000e-06	2.693326e-06	5.142326e-09	2.006013e+01	3.382754e+02
1.290000e-06	2.800310e-06	5.481160e-09	2.085696e+01	3.605407e+02
1.300000e-06	2.906774e-06	5.798619e-09	2.164991e+01	3.810479e+02
1.310000e-06	3.012643e-06	6.091129e-09	2.243843e+01	3.999013e+02
1.320000e-06	3.117679e-06	6.354239e-09	2.322075e+01	4.172597e+02
1.330000e-06	3.221870e-06	6.592488e-09	2.399677e+01	4.333073e+02
1.340000e-06	3.325351e-06	6.813167e-09	2.476750e+01	4.482270e+02
1.350000e-06	3.428118e-06	7.022042e-09	2.553293e+01	4.621804e+02
1.360000e-06	3.530195e-06	7.220373e-09	2.629320e+01	4.752971e+02
1.370000e-06	3.631596e-06	7.408774e-09	2.704845e+01	4.876726e+02
1.380000e-06	3.732255e-06	7.589810e-09	2.779816e+01	4.993734e+02
1.390000e-06	3.832016e-06	7.763175e-09	2.854119e+01	5.104464e+02
1.400000e-06	3.930863e-06	7.926482e-09	2.927742e+01	5.209298e+02
1.410000e-06	4.028826e-06	8.075104e-09	3.000705e+01	5.308614e+02
1.420000e-06	4.125717e-06	8.212763e-09	3.072871e+01	5.402836e+02
1.430000e-06	4.221582e-06	8.348514e-09	3.144271e+01	5.492440e+02
1.440000e-06	4.316604e-06	8.482250e-09	3.215045e+01	5.577920e+02
1.450000e-06	4.410772e-06	8.610725e-09	3.285182e+01	5.659739e+02
1.460000e-06	4.504072e-06	8.732411e-09	3.354672e+01	5.738275e+02
1.470000e-06	4.596464e-06	8.849728e-09	3.423487e+01	5.813789e+02
1.480000e-06	4.687843e-06	8.963400e-09	3.491547e+01	5.886420e+02
1.490000e-06	4.778045e-06	9.070896e-09	3.558730e+01	5.956210e+02
1.500000e-06	4.866981e-06	9.171749e-09	3.624971e+01	6.023152e+02
1.510000e-06	4.954765e-06	9.268890e-09	3.690353e+01	6.087244e+02
1.520000e-06	5.041435e-06	9.363645e-09	3.754905e+01	6.148544e+02
1.530000e-06	5.127065e-06	9.454116e-09	3.818683e+01	6.207192e+02
1.540000e-06	5.211737e-06	9.541729e-09	3.881747e+01	6.263417e+02
1.550000e-06	5.295347e-06	9.625275e-09	3.944021e+01	6.317509e+02
1.560000e-06	5.377745e-06	9.704709e-09	4.005391e+01	6.369773e+02
1.570000e-06	5.458932e-06	9.781315e-09	4.065861e+01	6.420479e+02
1.580000e-06	5.538903e-06	9.856950e-09	4.125423e+01	6.469820e+02
1.590000e-06	5.617578e-06	9.931210e-09	4.184022e+01	6.517885e+02
1.600000e-06	5.695049e-06	1.000230e-08	4.241723e+01	6.564663e+02
1.610000e-06	5.771275e-06	1.007000e-08	4.298496e+01	6.610069e+02
1.620000e-06	5.846007e-06	1.013482e-08	4.354158e+01	6.653981e+02
1.630000e-06	5.919183e-06	1.019901e-08	4.408659e+01	6.696292e+02
1.640000e-06	5.991020e-06	1.026152e-08	4.462164e+01	6.736940e+02
1.650000e-06	6.061579e-06	1.032070e-08	4.514717e+01	6.775939e+02
1.660000e-06	6.130897e-06	1.037828e-08	4.566346e+01	6.813371e+02
1.670000e-06	6.199020e-06	1.043679e-08	4.617085e+01	6.849370e+02
1.680000e-06	6.265719e-06	1.049132e-08	4.666763e+01	6.884086e+02
1.690000e-06	6.330866e-06	1.054141e-08	4.715285e+01	6.917654e+02
1.700000e-06	6.394620e-06	1.058887e-08	4.762770e+01	6.950160e+02
1.710000e-06	6.457047e-06	1.063596e-08	4.809266e+01	6.981633e+02
1.720000e-06	6.518198e-06	1.068530e-08	4.854811e+01	7.012046e+02
1.730000e-06	6.578091e-06	1.073255e-08	4.899420e+01	7.041340e+02
1.740000e-06	6.636439e-06	1.077519e-08	4.942878e+01	7.069452e+02
1.750000e-06	6.693125e-06	1.081653e-08	4.985099e+01	7.096342e+02
1.760000e-06	6.748291e-06	1.085874e-08	5.026187e+01	7.122018e+02
1.770000e-06	6.801995e-06	1.089787e-08	5.066186e+01	7.146535e+02
1.780000e-06	6.854016e-06	1.093265e-08	5.104931e+01	7.169988e+02
1.790000e-06	6.904148e-06	1.096555e-08	5.142270e+01	7.192488e+02
1.800000e-06	6.952534e-06	1.100056e-08	5.178308e+01	7.214132e+02
1.810000e-06	6.999408e-06	1.103624e-08	5.213220e+01	7.234977e+02
1.820000e-06	7.044902e-06	1.106938e-08	5.247105e+01	7.255029e+02
1.830000e-06	7.088963e-06	1.109854e-08	5.279922e+01	7.274241e+02
1.840000e-06	7.131291e-06	1.112721e-08	5.311448e+01	7.292528e+02
1.850000e-06	7.171837e-06	1.115846e-08	5.341647e+01	7.309800e+02
1.860000e-06	7.210867e-06	1.118846e-08	5.370717e+01	7.325986e+02
1.870000e-06	7.248480e-06	1.121302e-08	5.398731e+01	7.341062e+02
1.880000e-06	7.284647e-06	1.123276e-08	5.425669e+01	7.355065e+02
1.890000e-06	7.319057e-06	1.125205e-08	5.451298e+01	7.368086e+02
1.900000e-06	7.351677e-06	1.127079e-08	5.475594e+01	7.380252e+02
1.910000e-06	7.382799e-06	1.128841e-08	5.498774e+01	7.391695e+02
1.920000e-06	7.412456e-06	1.130708e-08	5.520863e+01	7.402526e+02
1.930000e-06	7.440576e-06	1.132997e-08	5.541807e+01	7.412804e+02
1.940000e-06	7.466867e-06	1.135421e-08	5.561388e+01	7.422528e+02
1.950000e-06	7.491268e-06	1.137086e-08	5.579562e+01	7.431644e+02
1.960000e-06	7.514042e-06	1.137945e-08	5.596525e+01	7.440061e+02
1.970000e-06	7.535358e-06	1.138736e-08	5.612401e+01	7.447682e+02
1.980000e-06	7.555244e-06	1.139760e-08	5.627212e+01	7.454435e+02
1.990000e-06	7.573413e-06	1.140819e-08	5.640745e+01	7.460294e+02
2.000000e-06	7.589786e-06	1.141755e-08	5.652939e+01	7.465289e+02
2.010000e-06	7.604495e-06	1.142809e-08	5.663895e+01	7.469501e+02
2.020000e-06	7.617475e-06	1.144165e-08	5.673562e+01	7.473036e+02
2.030000e-06	7.628564e-06	1.145316e-08	5.681822e+01	7.476002e+02
2.040000e-06	7.637729e-06	1.145724e-08	5.688648e+01	7.478477e+02
2.050000e-06	7.645179e-06	1.145704e-08	5.694197e+01	7.480489e+02
2.060000e-06	7.651028e-06	1.145746e-08	5.698553e+01	7.482013e+02
2.070000e-06	7.655314e-06	1.146058e-08	5.701745e+01	7.482976e+02
2.080000e-06	7.657846e-06	1.146351e-08	5.703631e+01	7.483285e+02
2.090000e-06	7.658543e-06	1.146289e-08	5.704150e+01	7.482849e+02
2.100000e-06	7.657693e-06	1.146222e-08	5.703517e+01	7.481612e+02
2.110000e-06	7.655391e-06	1.146412e-08	5.701803e+01	7.479565e+02
2.120000e-06	7.651579e-06	1.146459e-08	5.698963e+01	7.476754e+02
2.130000e-06	7.646003e-06	1.146008e-08	5.694811e+01	7.473262e+02
2.140000e-06	7.638661e-06	1.145254e-08	5.689342e+01	7.469191e+02
2.150000e-06	7.629889e-06	1.144375e-08	5.682808e+01	7.464623e+02
2.160000e-06	7.619683e-06	1.143146e-08	5.675207e+01	7.459606e+02
2.170000e-06	7.607777e-06	1.142026e-08	5.666339e+01	7.454130e+02
2.180000e-06	7.593891e-06	1.142519e-08	5.655997e+01	7.448132e+02
2.190000e-06	7.577838e-06	1.140418e-08	5.644040e+01	7.441515e+02
2.200000e-06	7.559522e-06	1.137454e-08	5.630399e+01	7.434171e+02
2.210000e-06	7.539063e-06	1.137379e-08	5.615160e+01	7.426016e+02
2.220000e-06	7.516909e-06	1.136248e-08	5.598660e+01	7.417013e+02
2.230000e-06	7.493758e-06	1.136327e-08	5.581417e+01	7.407188e+02
2.240000e-06	7.469587e-06	1.132909e-08	5.563414e+01	7.396617e+02
2.250000e-06	7.443693e-06	1.126537e-08	5.544128e+01	7.385415e+02
2.260000e-06	7.416309e-06	1.128871e-08	5.523733e+01	7.373693e+02
2.270000e-06	7.387534e-06	1.126021e-08	5.502300e+01	7.361531e+02
2.280000e-06	7.356699e-06	1.120937e-08	5.479334e+01	7.348944e+02
2.290000e-06	7.324057e-06	1.124536e-08	5.455022e+01	7.335875e+02
2.300000e-06	7.290007e-06	1.118931e-08	5.429661e+01	7.322198e+02
2.310000e-06	7.254565e-06	1.116560e-08	5.403264e+01	7.307746e+02
2.320000e-06	7.217651e-06	1.116849e-08	5.375770e+01	7.292350e+02
2.330000e-06	7.178823e-06	1.108453e-08	5.346851e+01	7.275877e+02
2.340000e-06	7.138248e-06	1.109194e-08	5.316630e+01	7.258261e+02
2.350000e-06	7.096266e-06	1.105658e-08	5.285361e+01	7.239526e+02
2.360000e-06	7.052725e-06	1.101644e-08	5.252932e+01	7.219775e+02
2.370000e-06	7.007684e-06	1.102429e-08	5.219385e+01	7.199165e+02
2.380000e-06	6.961042e-06	1.094284e-08	5.184645e+01	7.177871e+02
2.390000e-06	6.912702e-06	1.094406e-08	5.148641e+01	7.156042e+02
2.400000e-06	6.862854e-06	1.090168e-08	5.111514e+01	7.133760e+02
2.410000e-06	6.811405e-06	1.085194e-08	5.073195e+01	7.111026e+02
2.420000e-06	6.758280e-06	1.084273e-08	5.033627e+01	7.087756e+02
2.430000e-06	6.703409e-06	1.075753e-08	4.992758e+01	7.063803e+02
2.440000e-06	6.646895e-06	1.076456e-08	4.950666e+01	7.038996e+02
2.450000e-06	6.589027e-06	1.070968e-08	4.907566e+01	7.013177e+02
2.460000e-06	6.529767e-06	1.065923e-08	4.863428e+01	6.986242e+02
2.470000e-06	6.469091e-06	1.063065e-08	4.818236e+01	6.958161e+02
2.480000e-06	6.406848e-06	1.055209e-08	4.771876e+01	6.928977e+02
2.490000e-06	6.343023e-06	1.054516e-08	4.724340e+01	6.898791e+02
2.500000e-06	6.277848e-06	1.046905e-08	4.675796e+01	6.867732e+02
2.510000e-06	6.211258e-06	1.043331e-08	4.626200e+01	6.835915e+02
2.520000e-06	6.143258e-06	1.038589e-08	4.575553e+01	6.803410e+02
2.530000e-06	6.073845e-06	1.031987e-08	4.523853e+01	6.770225e+02
2.540000e-06	6.002900e-06	1.028961e-08	4.471013e+01	6.736304e+02
2.550000e-06	5.930536e-06	1.020329e-08	4.417115e+01	6.701542e+02
2.560000e-06	5.856865e-06	1.016157e-08	4.362245e+01	6.665815e+02
2.570000e-06	5.781784e-06	1.008911e-08	4.306323e+01	6.629017e+02
2.580000e-06	5.705172e-06	1.004670e-08	4.249263e+01	6.591083e+02
2.590000e-06	5.627141e-06	9.998465e-09	4.191144e+01	6.552005e+02
2.600000e-06	5.547790e-06	9.925922e-09	4.132043e+01	6.511831e+02
2.610000e-06	5.467246e-06	9.872327e-09	4.072053e+01	6.470648e+02
2.620000e-06	5.385570e-06	9.791516e-09	4.011220e+01	6.428550e+02
2.630000e-06	5.302721e-06	9.736498e-09	3.949513e+01	6.385611e+02
2.640000e-06	5.218697e-06	9.657999e-09	3.886932e+01	6.341860e+02
2.650000e-06	5.133487e-06	9.596158e-09	3.823466e+01	6.297274e+02
2.660000e-06	5.047110e-06	9.526008e-09	3.759132e+01	6.251781e+02
2.670000e-06	4.959503e-06	9.455841e-09	3.693882e+01	6.205284e+02
2.680000e-06	4.870865e-06	9.388140e-09	3.627863e+01	6.157687e+02
2.690000e-06	4.781295e-06	9.303352e-09	3.561150e+01	6.108925e+02
2.700000e-06	4.690722e-06	9.225708e-09	3.493691e+01	6.058978e+02
2.710000e-06	4.599143e-06	9.139389e-09	3.425482e+01	6.007876e+02
2.720000e-06	4.506512e-06	9.070611e-09	3.356490e+01	5.955683e+02
2.730000e-06	4.412978e-06	8.993118e-09	3.286825e+01	5.902471e+02
2.740000e-06	4.318499e-06	8.914348e-09	3.216456e+01	5.848291e+02
2.750000e-06	4.222877e-06	8.824966e-09	3.145236e+01	5.793137e+02
2.760000e-06	4.126335e-06	8.737026e-09	3.073331e+01	5.736943e+02
2.770000e-06	4.029054e-06	8.647315e-09	3.000875e+01	5.679576e+02
2.780000e-06	3.930922e-06	8.550971e-09	2.927785e+01	5.620867e+02
2.790000e-06	3.831932e-06	8.455883e-09	2.854057e+01	5.560642e+02
2.800000e-06	3.732023e-06	8.358559e-09	2.779644e+01	5.498762e+02
2.810000e-06	3.631222e-06	8.268630e-09	2.704566e+01	5.435156e+02
2.820000e-06	3.529649e-06	8.170647e-09	2.628914e+01	5.369837e+02
2.830000e-06	3.427263e-06	8.070550e-09	2.552656e+01	5.302893e+02
2.840000e-06	3.324001e-06	7.962905e-09	2.475745e+01	5.234464e+02
2.850000e-06	3.219914e-06	7.856023e-09	2.398220e+01	5.164699e+02
2.860000e-06	3.115124e-06	7.745688e-09	2.320172e+01	5.093707e+02
2.870000e-06	3.009609e-06	7.632032e-09	2.241583e+01	5.021524e+02
2.880000e-06	2.903505e-06	7.513973e-09	2.162556e+01	4.948092e+02
2.890000e-06	2.796910e-06	7.397962e-09	2.083163e+01	4.873263e+02
2.900000e-06	2.689685e-06	7.286979e-09	2.003301e+01	4.796830e+02
2.910000e-06	2.581799e-06	7.170890e-09	1.922947e+01	4.718568e+02
2.920000e-06	2.473346e-06	7.047449e-09	1.842170e+01	4.638279e+02
2.930000e-06	2.364460e-06	6.915155e-09	1.761070e+01	4.555836e+02
2.940000e-06	2.255125e-06	6.785468e-09	1.679637e+01	4.471195e+02
2.950000e-06	2.145238e-06	6.654560e-09	1.597792e+01	4.384389e+02
2.960000e-06	2.034781e-06	6.521071e-09	1.515523e+01	4.295496e+02
2.970000e-06	1.923784e-06	6.381246e-09	1.432851e+01	4.204593e+02
2.980000e-06	1.812356e-06	6.238228e-09	1.349859e+01	4.111706e+02
2.990000e-06	1.700576e-06	6.094575e-09	1.266604e+01	4.016775e+02
3.000000e-06	1.588506e-06	5.947343e-09	1.183134e+01	3.919639e+02
3.010000e-06	1.476179e-06	5.793910e-09	1.099471e+01	3.820053e+02
3.020000e-06	1.363561e-06	5.633735e-09	1.015592e+01	3.717727e+02
3.030000e-06	1.250567e-06	5.472421e-09	9.314331e+00	3.612380e+02
3.040000e-06	1.137282e-06	5.311107e-09	8.470577e+00	3.503792e+02
3.050000e-06	1.023751e-06	5.144814e-09	7.624986e+00	3.391838e+02
3.060000e-06	9.099298e-07	4.968342e-09	6.777237e+00	3.276498e+02
3.070000e-06	7.958591e-07	4.785743e-09	5.927629e+00	3.157820e+02
3.080000e-06	6.815369e-07	4.599750e-09	5.076146e+00	3.035872e+02
3.090000e-06	5.670380e-07	4.408914e-09	4.223349e+00	2.910663e+02
3.100000e-06	4.524005e-07	4.210871e-09	3.369519e+00	2.782079e+02
3.110000e-06	3.376826e-07	4.007085e-09	2.515090e+00	2.649839e+02
3.120000e-06	2.228912e-07	3.800134e-09	1.660113e+00	2.513488e+02
3.130000e-06	1.079591e-07	3.587818e-09	8.040887e-01	2.372432e+02
3.140000e-06	-7.066702e-09	3.365241e-09	-5.263342e-02	2.226012e+02
3.150000e-06	-1.220733e-07	3.130688e-09	-9.092123e-01	2.073595e+02
3.160000e-06	-2.370033e-07	2.888107e-09	-1.765221e+00	1.914655e+02
3.170000e-06	-3.518432e-07	2.639198e-09	-2.620559e+00	1.748825e+02
3.180000e-06	-4.666017e-07	2.378431e-09	-3.475291e+00	1.575904e+02
3.190000e-06	-5.812486e-07	2.104287e-09	-4.329190e+00	1.395805e+02
3.200000e-06	-6.957160e-07	1.820604e-09	-5.181754e+00	1.208455e+02
3.210000e-06	-8.100037e-07	1.528206e-09	-6.032979e+00	1.013683e+02
3.220000e-06	-9.240894e-07	1.222052e-09	-6.882699e+00	8.111070e+01
3.230000e-06	-1.037826e-06	8.992528e-10	-7.729818e+00	6.000815e+01
3.240000e-06	-1.151171e-06	5.621468e-10	-8.574020e+00	3.797120e+01
3.250000e-06	-1.264252e-06	2.115768e-10	-9.416263e+00	1.489655e+01
3.260000e-06	-1.377012e-06	-1.539265e-10	-1.025611e+01	-9.313394e+00
3.270000e-06	-1.489390e-06	-5.393250e-10	-1.109310e+01	-3.472516e+01
3.280000e-06	-1.601411e-06	-9.427745e-10	-1.192745e+01	-6.134723e+01
3.290000e-06	-1.713061e-06	-1.360813e-09	-1.275903e+01	-8.910684e+01
3.300000e-06	-1.824322e-06	-1.794714e-09	-1.358771e+01	-1.178355e+02
3.310000e-06	-1.935135e-06	-2.243505e-09	-1.441305e+01	-1.472672e+02
3.320000e-06	-2.045444e-06	-2.703436e-09	-1.523465e+01	-1.770509e+02
3.330000e-06	-2.155186e-06	-3.164041e-09	-1.605201e+01	-2.067761e+02
3.340000e-06	-2.264339e-06	-3.610455e-09	-1.686499e+01	-2.360088e+02
3.350000e-06	-2.372989e-06	-4.039323e-09	-1.767423e+01	-2.643316e+02
3.360000e-06	-2.481247e-06	-4.451084e-09	-1.848055e+01	-2.913820e+02
3.370000e-06	-2.589012e-06	-4.841496e-09	-1.928319e+01	-3.168839e+02
3.380000e-06	-2.696183e-06	-5.206890e-09	-2.008141e+01	-3.406652e+02
3.390000e-06	-2.802793e-06	-5.545231e-09	-2.087545e+01	-3.626633e+02
3.400000e-06	-2.908861e-06	-5.860284e-09	-2.166545e+01	-3.829143e+02
3.410000e-06	-3.014375e-06	-6.153071e-09	-2.245133e+01	-4.015325e+02
3.420000e-06	-3.119267e-06	-6.418789e-09	-2.323258e+01	-4.186825e+02
3.430000e-06	-3.223514e-06	-6.658012e-09	-2.400901e+01	-4.345498e+02
3.440000e-06	-3.327045e-06	-6.880287e-09	-2.478012e+01	-4.493151e+02
3.450000e-06	-3.429723e-06	-7.093979e-09	-2.554488e+01	-4.631358e+02
3.460000e-06	-3.531494e-06	-7.299589e-09	-2.630288e+01	-4.761362e+02
3.470000e-06	-3.632464e-06	-7.492745e-09	-2.705491e+01	-4.884071e+02
3.480000e-06	-3.732696e-06	-7.672151e-09	-2.780145e+01	-5.000112e+02
3.490000e-06	-3.832065e-06	-7.839968e-09	-2.854156e+01	-5.109936e+02
3.500000e-06	-3.930543e-06	-7.996460e-09	-2.927503e+01	-5.213919e+02
3.510000e-06	-4.028182e-06	-8.141324e-09	-3.000225e+01	-5.312444e+02
3.520000e-06	-4.125009e-06	-8.275533e-09	-3.072343e+01	-5.405944e+02
3.530000e-06	-4.221103e-06	-8.403827e-09	-3.143915e+01	-5.494900e+02
3.540000e-06	-4.316352e-06	-8.533016e-09	-3.214857e+01	-5.579805e+02
3.550000e-06	-4.410549e-06	-8.665746e-09	-3.285015e+01	-5.661111e+02
3.560000e-06	-4.503757e-06	-8.792797e-09	-3.354438e+01	-5.739182e+02
3.570000e-06	-4.595953e-06	-8.908451e-09	-3.423106e+01	-5.814259e+02
3.580000e-06	-4.686977e-06	-9.015756e-09	-3.490902e+01	-5.886465e+02
3.590000e-06	-4.776864e-06	-9.117615e-09	-3.557850e+01	-5.955831e+02
3.600000e-06	-4.865724e-06	-9.214643e-09	-3.624034e+01	-6.022346e+02
3.610000e-06	-4.953593e-06	-9.305727e-09	-3.689480e+01	-6.086016e+02
3.620000e-06	-5.040395e-06	-9.392798e-09	-3.754131e+01	-6.146908e+02
3.630000e-06	-5.126052e-06	-9.480590e-09	-3.817929e+01	-6.205178e+02
3.640000e-06	-5.210457e-06	-9.572068e-09	-3.880795e+01	-6.261065e+02
3.650000e-06	-5.293622e-06	-9.663269e-09	-3.942736e+01	-6.314866e+02
3.660000e-06	-5.375713e-06	-9.747911e-09	-4.003878e+01	-6.366882e+02
3.670000e-06	-5.456704e-06	-9.822926e-09	-4.064201e+01	-6.417375e+02
3.680000e-06	-5.536614e-06	-9.892510e-09	-4.123719e+01	-6.466523e+02
3.690000e-06	-5.615427e-06	-9.961102e-09	-4.182419e+01	-6.514400e+02
3.700000e-06	-5.692793e-06	-1.003124e-08	-4.240042e+01	-6.560981e+02
3.710000e-06	-5.768572e-06	-1.010117e-08	-4.296483e+01	-6.606172e+02
3.720000e-06	-5.842951e-06	-1.016732e-08	-4.351881e+01	-6.649852e+02
3.730000e-06	-5.916001e-06	-1.023334e-08	-4.406290e+01	-6.691917e+02
3.740000e-06	-5.987804e-06	-1.029969e-08	-4.459769e+01	-6.732317e+02
3.750000e-06	-6.058353e-06	-1.035852e-08	-4.512314e+01	-6.771076e+02
3.760000e-06	-6.127429e-06	-1.040982e-08	-4.563763e+01	-6.808286e+02
3.770000e-06	-6.195029e-06	-1.045925e-08	-4.614112e+01	-6.844084e+02
3.780000e-06	-6.261276e-06	-1.051004e-08	-4.663453e+01	-6.878623e+02
3.790000e-06	-6.326247e-06	-1.056443e-08	-4.711845e+01	-6.912029e+02
3.800000e-06	-6.390037e-06	-1.061794e-08	-4.759356e+01	-6.944381e+02
3.810000e-06	-6.452488e-06	-1.066656e-08	-4.805870e+01	-6.975699e+02
3.820000e-06	-6.513286e-06	-1.071078e-08	-4.851153e+01	-7.005951e+02
3.830000e-06	-6.572509e-06	-1.075010e-08	-4.895262e+01	-7.035073e+02
3.840000e-06	-6.630373e-06	-1.078777e-08	-4.938360e+01	-7.063005e+02
3.850000e-06	-6.686907e-06	-1.082220e-08	-4.980467e+01	-7.089713e+02
3.860000e-06	-6.741988e-06	-1.085788e-08	-5.021492e+01	-7.115212e+02
3.870000e-06	-6.795318e-06	-1.089648e-08	-5.061213e+01	-7.139565e+02
3.880000e-06	-6.846775e-06	-1.093519e-08	-5.099538e+01	-7.162870e+02
3.890000e-06	-6.896548e-06	-1.097094e-08	-5.136610e+01	-7.185237e+02
3.900000e-06	-6.944517e-06	-1.100295e-08	-5.172338e+01	-7.206760e+02
3.910000e-06	-6.990712e-06	-1.103249e-08	-5.206744e+01	-7.227490e+02
3.920000e-06	-7.035486e-06	-1.105847e-08	-5.240092e+01	-7.247422e+02
3.930000e-06	-7.078933e-06	-1.108235e-08	-5.272452e+01	-7.266502e+02
3.940000e-06	-7.121058e-06	-1.110141e-08	-5.303827e+01	-7.284645e+02
3.950000e-06	-7.161752e-06	-1.112334e-08	-5.334136e+01	-7.301759e+02
3.960000e-06	-7.200977e-06	-1.115054e-08	-5.363351e+01	-7.317780e+02
3.970000e-06	-7.238535e-06	-1.117873e-08	-5.391325e+01	-7.332694e+02
3.980000e-06	-7.274322e-06	-1.120008e-08	-5.417979e+01	-7.346544e+02
3.990000e-06	-7.308564e-06	-1.121434e-08	-5.443483e+01	-7.359430e+02
4.000000e-06	-7.341269e-06	-1.122800e-08	-5.467842e+01	-7.371481e+02
4.010000e-06	-7.372465e-06	-1.124327e-08	-5.491077e+01	-7.382828e+02
4.020000e-06	-7.401948e-06	-1.125897e-08	-5.513036e+01	-7.393575e+02
4.030000e-06	-7.429639e-06	-1.127215e-08	-5.533660e+01	-7.403773e+02
4.040000e-06	-7.455782e-06	-1.128645e-08	-5.553132e+01	-7.413413e+02
4.050000e-06	-7.480360e-06	-1.130103e-08	-5.571438e+01	-7.422432e+02
4.060000e-06	-7.503356e-06	-1.131345e-08	-5.588565e+01	-7.430737e+02
4.070000e-06	-7.524595e-06	-1.132164e-08	-5.604385e+01	-7.438233e+02
4.080000e-06	-7.544089e-06	-1.132736e-08	-5.618904e+01	-7.444854e+02
4.090000e-06	-7.562087e-06	-1.133348e-08	-5.632309e+01	-7.450582e+02
4.100000e-06	-7.578558e-06	-1.134054e-08	-5.644577e+01	-7.455456e+02
4.110000e-06	-7.593274e-06	-1.134568e-08	-5.655537e+01	-7.459561e+02
4.120000e-06	-7.605996e-06	-1.134818e-08	-5.665013e+01	-7.463006e+02
4.130000e-06	-7.616815e-06	-1.135116e-08	-5.673071e+01	-7.465896e+02
4.140000e-06	-7.625979e-06	-1.135438e-08	-5.679896e+01	-7.468302e+02
4.150000e-06	-7.633582e-06	-1.135547e-08	-5.685559e+01	-7.470246e+02
4.160000e-06	-7.639450e-06	-1.135590e-08	-5.689930e+01	-7.471693e+02
4.170000e-06	-7.643490e-06	-1.135571e-08	-5.692939e+01	-7.472566e+02
4.180000e-06	-7.645896e-06	-1.135438e-08	-5.694730e+01	-7.472770e+02
4.190000e-06	-7.646779e-06	-1.135203e-08	-5.695388e+01	-7.472219e+02
