# Temperatura_=_28.73
# Concentracion g/m^3_=_18600.0
# C_Vs_to_Am_M_A/Vsm_=_65563218390.804596
# pendiente_HvsI_1/m_=_3716.3
# ordenada_HvsI_A/m_=_1297.0
# frecuencia_Hz_=_238274.08103226693

Tiempo_(s)	Campo_(V.s)	Magnetizacion_(V.s)	Campo_(kA/m)	Magnetizacion_(A/m)
0.000000e+00	-7.637274e-06	-1.233830e-08	-5.694690e+01	-8.110441e+02
1.000000e-08	-7.635218e-06	-1.234527e-08	-5.693158e+01	-8.110460e+02
2.000000e-08	-7.631376e-06	-1.234328e-08	-5.690293e+01	-8.109952e+02
3.000000e-08	-7.625982e-06	-1.233870e-08	-5.686270e+01	-8.108904e+02
4.000000e-08	-7.619137e-06	-1.233562e-08	-5.681167e+01	-8.107260e+02
5.000000e-08	-7.610895e-06	-1.233075e-08	-5.675021e+01	-8.104931e+02
6.000000e-08	-7.601010e-06	-1.232060e-08	-5.667650e+01	-8.101817e+02
7.000000e-08	-7.589178e-06	-1.229026e-08	-5.658828e+01	-8.097830e+02
8.000000e-08	-7.575448e-06	-1.229030e-08	-5.648590e+01	-8.092927e+02
9.000000e-08	-7.559553e-06	-1.234907e-08	-5.636738e+01	-8.087134e+02
1.000000e-07	-7.541346e-06	-1.234199e-08	-5.623162e+01	-8.080553e+02
1.100000e-07	-7.521341e-06	-1.231333e-08	-5.608246e+01	-8.073351e+02
1.200000e-07	-7.499964e-06	-1.227448e-08	-5.592306e+01	-8.065736e+02
1.300000e-07	-7.477360e-06	-1.216248e-08	-5.575451e+01	-8.057915e+02
1.400000e-07	-7.453522e-06	-1.228989e-08	-5.557677e+01	-8.050048e+02
1.500000e-07	-7.427952e-06	-1.229538e-08	-5.538610e+01	-8.042209e+02
1.600000e-07	-7.400597e-06	-1.209266e-08	-5.518214e+01	-8.034360e+02
1.700000e-07	-7.371778e-06	-1.225489e-08	-5.496725e+01	-8.026348e+02
1.800000e-07	-7.341285e-06	-1.225039e-08	-5.473988e+01	-8.017926e+02
1.900000e-07	-7.309333e-06	-1.211229e-08	-5.450163e+01	-8.008792e+02
2.000000e-07	-7.276006e-06	-1.222999e-08	-5.425313e+01	-7.998644e+02
2.100000e-07	-7.240895e-06	-1.214128e-08	-5.399132e+01	-7.987236e+02
2.200000e-07	-7.204085e-06	-1.205412e-08	-5.371685e+01	-7.974419e+02
2.300000e-07	-7.165675e-06	-1.211531e-08	-5.343045e+01	-7.960170e+02
2.400000e-07	-7.125702e-06	-1.205846e-08	-5.313240e+01	-7.944591e+02
2.500000e-07	-7.084165e-06	-1.207060e-08	-5.282268e+01	-7.927879e+02
2.600000e-07	-7.040818e-06	-1.203848e-08	-5.249947e+01	-7.910291e+02
2.700000e-07	-6.995812e-06	-1.197726e-08	-5.216388e+01	-7.892081e+02
2.800000e-07	-6.949353e-06	-1.199580e-08	-5.181746e+01	-7.873459e+02
2.900000e-07	-6.901363e-06	-1.194663e-08	-5.145963e+01	-7.854547e+02
3.000000e-07	-6.851589e-06	-1.191102e-08	-5.108849e+01	-7.835368e+02
3.100000e-07	-6.799806e-06	-1.187320e-08	-5.070237e+01	-7.815848e+02
3.200000e-07	-6.746271e-06	-1.185928e-08	-5.030319e+01	-7.795847e+02
3.300000e-07	-6.691348e-06	-1.183621e-08	-4.989366e+01	-7.775194e+02
3.400000e-07	-6.635122e-06	-1.179939e-08	-4.947441e+01	-7.753728e+02
3.500000e-07	-6.577409e-06	-1.178429e-08	-4.904408e+01	-7.731337e+02
3.600000e-07	-6.518031e-06	-1.170560e-08	-4.860133e+01	-7.707973e+02
3.700000e-07	-6.457144e-06	-1.168365e-08	-4.814733e+01	-7.683654e+02
3.800000e-07	-6.394900e-06	-1.168198e-08	-4.768321e+01	-7.658448e+02
3.900000e-07	-6.331326e-06	-1.162562e-08	-4.720918e+01	-7.632447e+02
4.000000e-07	-6.266331e-06	-1.158510e-08	-4.672454e+01	-7.605735e+02
4.100000e-07	-6.199756e-06	-1.153256e-08	-4.622813e+01	-7.578360e+02
4.200000e-07	-6.131653e-06	-1.150469e-08	-4.572033e+01	-7.550320e+02
4.300000e-07	-6.062173e-06	-1.146797e-08	-4.520225e+01	-7.521564e+02
4.400000e-07	-5.991430e-06	-1.141690e-08	-4.467476e+01	-7.492002e+02
4.500000e-07	-5.919458e-06	-1.135858e-08	-4.413811e+01	-7.461529e+02
4.600000e-07	-5.846117e-06	-1.130460e-08	-4.359124e+01	-7.430054e+02
4.700000e-07	-5.771259e-06	-1.128114e-08	-4.303307e+01	-7.397519e+02
4.800000e-07	-5.694858e-06	-1.122733e-08	-4.246339e+01	-7.363910e+02
4.900000e-07	-5.616972e-06	-1.116562e-08	-4.188264e+01	-7.329264e+02
5.000000e-07	-5.537682e-06	-1.110474e-08	-4.129141e+01	-7.293651e+02
5.100000e-07	-5.457102e-06	-1.106005e-08	-4.069058e+01	-7.257156e+02
5.200000e-07	-5.375225e-06	-1.101592e-08	-4.008006e+01	-7.219857e+02
5.300000e-07	-5.292186e-06	-1.094871e-08	-3.946089e+01	-7.181806e+02
5.400000e-07	-5.208193e-06	-1.087525e-08	-3.883460e+01	-7.143017e+02
5.500000e-07	-5.123188e-06	-1.080952e-08	-3.820076e+01	-7.103469e+02
5.600000e-07	-5.037201e-06	-1.076471e-08	-3.755961e+01	-7.063110e+02
5.700000e-07	-4.950270e-06	-1.070953e-08	-3.691141e+01	-7.021876e+02
5.800000e-07	-4.862280e-06	-1.063846e-08	-3.625532e+01	-6.979710e+02
5.900000e-07	-4.773105e-06	-1.056414e-08	-3.559039e+01	-6.936568e+02
6.000000e-07	-4.682877e-06	-1.050139e-08	-3.491761e+01	-6.892432e+02
6.100000e-07	-4.591707e-06	-1.044238e-08	-3.423780e+01	-6.847301e+02
6.200000e-07	-4.499449e-06	-1.036957e-08	-3.354989e+01	-6.801182e+02
6.300000e-07	-4.406128e-06	-1.028853e-08	-3.285404e+01	-6.754077e+02
6.400000e-07	-4.311859e-06	-1.021293e-08	-3.215113e+01	-6.705963e+02
6.500000e-07	-4.216713e-06	-1.014594e-08	-3.144168e+01	-6.656789e+02
6.600000e-07	-4.120704e-06	-1.007279e-08	-3.072579e+01	-6.606470e+02
6.700000e-07	-4.023655e-06	-9.987504e-09	-3.000216e+01	-6.554902e+02
6.800000e-07	-3.925629e-06	-9.899539e-09	-2.927123e+01	-6.501975e+02
6.900000e-07	-3.826803e-06	-9.823550e-09	-2.853434e+01	-6.447594e+02
7.000000e-07	-3.727108e-06	-9.750526e-09	-2.779097e+01	-6.391694e+02
7.100000e-07	-3.626449e-06	-9.665122e-09	-2.704041e+01	-6.334256e+02
7.200000e-07	-3.524952e-06	-9.564571e-09	-2.628361e+01	-6.275300e+02
7.300000e-07	-3.422707e-06	-9.464319e-09	-2.552122e+01	-6.214885e+02
7.400000e-07	-3.319762e-06	-9.374458e-09	-2.475362e+01	-6.153081e+02
7.500000e-07	-3.216148e-06	-9.284022e-09	-2.398102e+01	-6.089952e+02
7.600000e-07	-3.111760e-06	-9.182624e-09	-2.320266e+01	-6.025538e+02
7.700000e-07	-3.006512e-06	-9.077860e-09	-2.241789e+01	-5.959833e+02
7.800000e-07	-2.900552e-06	-8.982397e-09	-2.162780e+01	-5.892786e+02
7.900000e-07	-2.794084e-06	-8.888353e-09	-2.083393e+01	-5.824304e+02
8.000000e-07	-2.687019e-06	-8.781841e-09	-2.003561e+01	-5.754268e+02
8.100000e-07	-2.579156e-06	-8.659420e-09	-1.923133e+01	-5.682550e+02
8.200000e-07	-2.470514e-06	-8.537824e-09	-1.842125e+01	-5.609033e+02
8.300000e-07	-2.361292e-06	-8.426548e-09	-1.760684e+01	-5.533625e+02
8.400000e-07	-2.251639e-06	-8.316491e-09	-1.678922e+01	-5.456263e+02
8.500000e-07	-2.141650e-06	-8.195568e-09	-1.596910e+01	-5.376911e+02
8.600000e-07	-2.031335e-06	-8.065066e-09	-1.514654e+01	-5.295549e+02
8.700000e-07	-1.920643e-06	-7.937262e-09	-1.432117e+01	-5.212159e+02
8.800000e-07	-1.809546e-06	-7.813980e-09	-1.349278e+01	-5.126709e+02
8.900000e-07	-1.698031e-06	-7.683301e-09	-1.266128e+01	-5.039145e+02
9.000000e-07	-1.586103e-06	-7.538161e-09	-1.182668e+01	-4.949387e+02
9.100000e-07	-1.473744e-06	-7.389745e-09	-1.098889e+01	-4.857334e+02
9.200000e-07	-1.361016e-06	-7.246893e-09	-1.014834e+01	-4.762874e+02
9.300000e-07	-1.247960e-06	-7.106498e-09	-9.305343e+00	-4.665894e+02
9.400000e-07	-1.134563e-06	-6.958045e-09	-8.459807e+00	-4.566295e+02
9.500000e-07	-1.020948e-06	-6.799415e-09	-7.612641e+00	-4.463993e+02
9.600000e-07	-9.071754e-07	-6.637610e-09	-6.764302e+00	-4.358920e+02
9.700000e-07	-7.931597e-07	-6.475830e-09	-5.914150e+00	-4.251018e+02
9.800000e-07	-6.789742e-07	-6.308826e-09	-5.062733e+00	-4.140223e+02
9.900000e-07	-5.647019e-07	-6.131860e-09	-4.210668e+00	-4.026457e+02
1.000000e-06	-4.502742e-07	-5.949338e-09	-3.357444e+00	-3.909610e+02
1.010000e-06	-3.357136e-07	-5.766952e-09	-2.503230e+00	-3.789539e+02
1.020000e-06	-2.211027e-07	-5.583883e-09	-1.648640e+00	-3.666067e+02
1.030000e-06	-1.064891e-07	-5.393830e-09	-7.940296e-01	-3.538985e+02
1.040000e-06	8.151982e-09	-5.193246e-09	6.078480e-02	-3.408072e+02
1.050000e-06	1.228348e-07	-4.984133e-09	9.159109e-01	-3.273098e+02
1.060000e-06	2.374571e-07	-4.770775e-09	1.770586e+00	-3.133842e+02
1.070000e-06	3.520581e-07	-4.553171e-09	2.625102e+00	-2.990099e+02
1.080000e-06	4.666769e-07	-4.328454e-09	3.479750e+00	-2.841683e+02
1.090000e-06	5.811820e-07	-4.096224e-09	4.333551e+00	-2.688433e+02
1.100000e-06	6.955276e-07	-3.857421e-09	5.186162e+00	-2.530214e+02
1.110000e-06	8.097340e-07	-3.610417e-09	6.037736e+00	-2.366917e+02
1.120000e-06	9.237785e-07	-3.353561e-09	6.888102e+00	-2.198464e+02
1.130000e-06	1.037627e-06	-3.085690e-09	7.737008e+00	-2.024806e+02
1.140000e-06	1.151203e-06	-2.807230e-09	8.583882e+00	-1.845928e+02
1.150000e-06	1.264458e-06	-2.521656e-09	9.428361e+00	-1.661835e+02
1.160000e-06	1.377326e-06	-2.230713e-09	1.026995e+01	-1.472540e+02
1.170000e-06	1.489714e-06	-1.936712e-09	1.110797e+01	-1.278030e+02
1.180000e-06	1.601663e-06	-1.636234e-09	1.194271e+01	-1.078233e+02
1.190000e-06	1.713267e-06	-1.325457e-09	1.277488e+01	-8.729767e+01
1.200000e-06	1.824508e-06	-1.000485e-09	1.360434e+01	-6.619474e+01
1.210000e-06	1.935338e-06	-6.602062e-10	1.443074e+01	-4.446774e+01
1.220000e-06	2.045820e-06	-3.106624e-10	1.525454e+01	-2.205520e+01
1.230000e-06	2.155943e-06	4.714557e-11	1.607566e+01	1.114390e+00
1.240000e-06	2.265648e-06	4.142602e-10	1.689368e+01	2.511408e+01
1.250000e-06	2.374957e-06	7.932329e-10	1.770873e+01	5.000649e+01
1.260000e-06	2.483717e-06	1.185587e-09	1.851970e+01	7.582973e+01
1.270000e-06	2.591810e-06	1.591247e-09	1.932569e+01	1.025830e+02
1.280000e-06	2.699239e-06	2.013083e-09	2.012673e+01	1.302145e+02
1.290000e-06	2.806057e-06	2.451049e-09	2.092321e+01	1.586128e+02
1.300000e-06	2.912346e-06	2.899692e-09	2.171574e+01	1.876057e+02
1.310000e-06	3.017977e-06	3.352160e-09	2.250338e+01	2.169646e+02
1.320000e-06	3.122808e-06	3.800827e-09	2.328504e+01	2.464172e+02
1.330000e-06	3.226832e-06	4.243691e-09	2.406069e+01	2.756648e+02
1.340000e-06	3.330146e-06	4.677492e-09	2.483104e+01	3.044036e+02
1.350000e-06	3.432791e-06	5.098490e-09	2.559641e+01	3.323474e+02
1.360000e-06	3.534718e-06	5.503866e-09	2.635643e+01	3.592471e+02
1.370000e-06	3.635946e-06	5.891898e-09	2.711123e+01	3.849064e+02
1.380000e-06	3.736414e-06	6.263165e-09	2.786036e+01	4.091908e+02
1.390000e-06	3.835964e-06	6.612698e-09	2.860265e+01	4.320299e+02
1.400000e-06	3.934604e-06	6.937967e-09	2.933815e+01	4.534123e+02
1.410000e-06	4.032353e-06	7.237283e-09	3.006702e+01	4.733763e+02
1.420000e-06	4.129089e-06	7.513328e-09	3.078832e+01	4.919966e+02
1.430000e-06	4.224808e-06	7.771624e-09	3.150204e+01	5.093703e+02
1.440000e-06	4.319642e-06	8.014557e-09	3.220917e+01	5.256039e+02
1.450000e-06	4.413617e-06	8.243332e-09	3.290989e+01	5.408027e+02
1.460000e-06	4.506726e-06	8.458462e-09	3.360415e+01	5.550645e+02
1.470000e-06	4.598883e-06	8.661814e-09	3.429131e+01	5.684754e+02
1.480000e-06	4.689948e-06	8.856170e-09	3.497033e+01	5.811096e+02
1.490000e-06	4.779926e-06	9.039653e-09	3.564125e+01	5.930306e+02
1.500000e-06	4.868693e-06	9.209099e-09	3.630313e+01	6.042938e+02
1.510000e-06	4.956314e-06	9.365812e-09	3.695648e+01	6.149483e+02
1.520000e-06	5.042951e-06	9.515043e-09	3.760248e+01	6.250390e+02
1.530000e-06	5.128567e-06	9.661335e-09	3.824087e+01	6.346070e+02
1.540000e-06	5.213142e-06	9.804021e-09	3.887150e+01	6.436901e+02
1.550000e-06	5.296668e-06	9.940211e-09	3.949431e+01	6.523224e+02
1.560000e-06	5.379021e-06	1.006793e-08	4.010837e+01	6.605342e+02
1.570000e-06	5.460031e-06	1.018973e-08	4.071242e+01	6.683521e+02
1.580000e-06	5.539755e-06	1.030760e-08	4.130687e+01	6.757998e+02
1.590000e-06	5.618241e-06	1.041764e-08	4.189210e+01	6.828991e+02
1.600000e-06	5.695525e-06	1.051636e-08	4.246836e+01	6.896706e+02
1.610000e-06	5.771524e-06	1.060738e-08	4.303505e+01	6.961346e+02
1.620000e-06	5.846043e-06	1.069754e-08	4.359069e+01	7.023115e+02
1.630000e-06	5.919106e-06	1.078887e-08	4.413548e+01	7.082210e+02
1.640000e-06	5.990823e-06	1.087772e-08	4.467024e+01	7.138816e+02
1.650000e-06	6.061235e-06	1.096230e-08	4.519526e+01	7.193093e+02
1.660000e-06	6.130404e-06	1.104465e-08	4.571102e+01	7.245168e+02
1.670000e-06	6.198307e-06	1.112428e-08	4.621733e+01	7.295128e+02
1.680000e-06	6.264707e-06	1.119657e-08	4.671244e+01	7.343028e+02
1.690000e-06	6.329580e-06	1.126022e-08	4.719616e+01	7.388899e+02
1.700000e-06	6.393102e-06	1.132084e-08	4.766980e+01	7.432762e+02
1.710000e-06	6.455293e-06	1.138390e-08	4.813353e+01	7.474647e+02
1.720000e-06	6.516176e-06	1.144998e-08	4.858750e+01	7.514608e+02
1.730000e-06	6.575806e-06	1.151363e-08	4.903213e+01	7.552726e+02
1.740000e-06	6.633881e-06	1.156980e-08	4.946516e+01	7.589108e+02
1.750000e-06	6.690295e-06	1.162047e-08	4.988581e+01	7.623879e+02
1.760000e-06	6.745292e-06	1.167053e-08	5.029589e+01	7.657162e+02
1.770000e-06	6.798806e-06	1.171991e-08	5.069492e+01	7.689062e+02
1.780000e-06	6.850598e-06	1.176527e-08	5.108110e+01	7.719648e+02
1.790000e-06	6.900462e-06	1.180730e-08	5.145291e+01	7.748951e+02
1.800000e-06	6.948596e-06	1.185151e-08	5.181181e+01	7.776962e+02
1.810000e-06	6.995268e-06	1.189933e-08	5.215982e+01	7.803647e+02
1.820000e-06	7.040521e-06	1.194457e-08	5.249725e+01	7.828962e+02
1.830000e-06	7.084293e-06	1.198276e-08	5.282363e+01	7.852876e+02
1.840000e-06	7.126321e-06	1.201643e-08	5.313701e+01	7.875384e+02
1.850000e-06	7.166639e-06	1.204905e-08	5.343764e+01	7.896517e+02
1.860000e-06	7.205458e-06	1.208190e-08	5.372709e+01	7.916345e+02
1.870000e-06	7.242817e-06	1.211326e-08	5.400566e+01	7.934961e+02
1.880000e-06	7.278695e-06	1.213969e-08	5.427318e+01	7.952468e+02
1.890000e-06	7.312852e-06	1.216444e-08	5.452787e+01	7.968964e+02
1.900000e-06	7.345316e-06	1.219114e-08	5.476993e+01	7.984520e+02
1.910000e-06	7.376255e-06	1.221770e-08	5.500063e+01	7.999180e+02
1.920000e-06	7.405698e-06	1.224037e-08	5.522017e+01	8.012955e+02
1.930000e-06	7.433687e-06	1.225875e-08	5.542887e+01	8.025837e+02
1.940000e-06	7.459873e-06	1.227864e-08	5.562413e+01	8.037809e+02
1.950000e-06	7.484190e-06	1.230059e-08	5.580544e+01	8.048863e+02
1.960000e-06	7.506929e-06	1.231984e-08	5.597500e+01	8.059012e+02
1.970000e-06	7.528173e-06	1.233461e-08	5.613340e+01	8.068291e+02
1.980000e-06	7.547929e-06	1.234676e-08	5.628071e+01	8.076756e+02
1.990000e-06	7.566017e-06	1.236007e-08	5.641558e+01	8.084476e+02
2.000000e-06	7.582339e-06	1.237456e-08	5.653729e+01	8.091512e+02
2.010000e-06	7.596908e-06	1.238653e-08	5.664592e+01	8.097910e+02
2.020000e-06	7.609714e-06	1.239579e-08	5.674140e+01	8.103690e+02
2.030000e-06	7.620632e-06	1.240346e-08	5.682281e+01	8.108843e+02
2.040000e-06	7.629677e-06	1.241152e-08	5.689025e+01	8.113344e+02
2.050000e-06	7.637024e-06	1.242049e-08	5.694504e+01	8.117159e+02
2.060000e-06	7.642760e-06	1.242670e-08	5.698781e+01	8.120262e+02
2.070000e-06	7.646975e-06	1.242997e-08	5.701924e+01	8.122651e+02
2.080000e-06	7.649395e-06	1.243352e-08	5.703728e+01	8.124349e+02
2.090000e-06	7.649960e-06	1.244091e-08	5.704150e+01	8.125401e+02
2.100000e-06	7.648917e-06	1.244508e-08	5.703372e+01	8.125861e+02
2.110000e-06	7.646381e-06	1.244088e-08	5.701481e+01	8.125775e+02
2.120000e-06	7.642460e-06	1.243873e-08	5.698557e+01	8.125162e+02
2.130000e-06	7.636802e-06	1.243684e-08	5.694339e+01	8.124001e+02
2.140000e-06	7.629390e-06	1.243355e-08	5.688811e+01	8.122229e+02
2.150000e-06	7.620527e-06	1.243245e-08	5.682203e+01	8.119752e+02
2.160000e-06	7.610201e-06	1.244511e-08	5.674503e+01	8.116470e+02
2.170000e-06	7.598246e-06	1.246221e-08	5.665590e+01	8.112302e+02
2.180000e-06	7.584302e-06	1.238121e-08	5.655192e+01	8.107217e+02
2.190000e-06	7.568081e-06	1.235122e-08	5.643097e+01	8.101257e+02
2.200000e-06	7.549542e-06	1.236113e-08	5.629274e+01	8.094538e+02
2.210000e-06	7.528887e-06	1.238243e-08	5.613872e+01	8.087237e+02
2.220000e-06	7.506659e-06	1.247544e-08	5.597298e+01	8.079566e+02
2.230000e-06	7.483598e-06	1.228583e-08	5.580103e+01	8.071726e+02
2.240000e-06	7.459362e-06	1.228100e-08	5.562031e+01	8.063862e+02
2.250000e-06	7.433264e-06	1.243318e-08	5.542572e+01	8.056029e+02
2.260000e-06	7.405889e-06	1.218595e-08	5.522159e+01	8.048164e+02
2.270000e-06	7.377017e-06	1.224200e-08	5.500632e+01	8.040094e+02
2.280000e-06	7.345997e-06	1.235742e-08	5.477501e+01	8.031555e+02
2.290000e-06	7.313381e-06	1.213410e-08	5.453182e+01	8.022242e+02
2.300000e-06	7.279241e-06	1.224227e-08	5.427725e+01	8.011860e+02
2.310000e-06	7.243599e-06	1.227721e-08	5.401149e+01	8.000179e+02
2.320000e-06	7.206548e-06	1.214669e-08	5.373522e+01	7.987074e+02
2.330000e-06	7.167585e-06	1.221941e-08	5.344469e+01	7.972549e+02
2.340000e-06	7.126850e-06	1.207013e-08	5.314096e+01	7.956725e+02
2.350000e-06	7.084683e-06	1.208223e-08	5.282654e+01	7.939818e+02
2.360000e-06	7.041032e-06	1.214499e-08	5.250106e+01	7.922086e+02
2.370000e-06	6.995989e-06	1.199870e-08	5.216520e+01	7.903780e+02
2.380000e-06	6.949305e-06	1.207133e-08	5.181710e+01	7.885094e+02
2.390000e-06	6.900968e-06	1.200242e-08	5.145668e+01	7.866131e+02
2.400000e-06	6.851124e-06	1.196279e-08	5.108502e+01	7.846894e+02
2.410000e-06	6.799554e-06	1.196832e-08	5.070050e+01	7.827292e+02
2.420000e-06	6.746329e-06	1.186227e-08	5.030362e+01	7.807175e+02
2.430000e-06	6.691366e-06	1.188193e-08	4.989379e+01	7.786371e+02
2.440000e-06	6.634853e-06	1.179986e-08	4.947241e+01	7.764729e+02
2.450000e-06	6.576983e-06	1.181962e-08	4.904090e+01	7.742146e+02
2.460000e-06	6.517626e-06	1.179335e-08	4.859831e+01	7.718588e+02
2.470000e-06	6.456781e-06	1.168697e-08	4.814463e+01	7.694086e+02
2.480000e-06	6.394326e-06	1.171184e-08	4.767893e+01	7.668714e+02
2.490000e-06	6.330368e-06	1.162968e-08	4.720204e+01	7.642566e+02
2.500000e-06	6.265100e-06	1.162459e-08	4.671536e+01	7.615720e+02
2.510000e-06	6.198534e-06	1.156027e-08	4.621902e+01	7.588215e+02
2.520000e-06	6.130552e-06	1.149030e-08	4.571211e+01	7.560038e+02
2.530000e-06	6.061029e-06	1.147968e-08	4.519372e+01	7.531130e+02
2.540000e-06	5.990068e-06	1.141273e-08	4.466461e+01	7.501394e+02
2.550000e-06	5.917719e-06	1.139703e-08	4.412514e+01	7.470729e+02
2.560000e-06	5.844006e-06	1.131131e-08	4.357550e+01	7.439046e+02
2.570000e-06	5.768869e-06	1.127808e-08	4.301525e+01	7.406296e+02
2.580000e-06	5.692214e-06	1.123930e-08	4.244367e+01	7.372477e+02
2.590000e-06	5.614129e-06	1.118022e-08	4.186144e+01	7.337632e+02
2.600000e-06	5.534665e-06	1.112797e-08	4.126892e+01	7.301836e+02
2.610000e-06	5.454000e-06	1.104138e-08	4.066745e+01	7.265175e+02
2.620000e-06	5.372237e-06	1.100382e-08	4.005779e+01	7.227723e+02
2.630000e-06	5.289320e-06	1.094869e-08	3.943951e+01	7.189526e+02
2.640000e-06	5.205219e-06	1.090030e-08	3.881242e+01	7.150589e+02
2.650000e-06	5.119997e-06	1.082677e-08	3.817697e+01	7.110884e+02
2.660000e-06	5.033650e-06	1.075668e-08	3.753313e+01	7.070356e+02
2.670000e-06	4.946057e-06	1.070747e-08	3.687999e+01	7.028941e+02
2.680000e-06	4.857409e-06	1.064352e-08	3.621900e+01	6.986583e+02
2.690000e-06	4.767905e-06	1.057121e-08	3.555162e+01	6.943244e+02
2.700000e-06	4.677464e-06	1.048360e-08	3.487725e+01	6.898909e+02
2.710000e-06	4.585927e-06	1.042102e-08	3.419470e+01	6.853581e+02
2.720000e-06	4.493322e-06	1.036292e-08	3.350420e+01	6.807267e+02
2.730000e-06	4.399748e-06	1.029609e-08	3.280647e+01	6.759964e+02
2.740000e-06	4.305156e-06	1.021360e-08	3.210115e+01	6.711644e+02
2.750000e-06	4.209549e-06	1.013171e-08	3.138827e+01	6.662248e+02
2.760000e-06	4.113028e-06	1.006017e-08	3.066856e+01	6.611689e+02
2.770000e-06	4.015726e-06	9.987367e-09	2.994304e+01	6.559859e+02
2.780000e-06	3.917646e-06	9.899697e-09	2.921171e+01	6.506649e+02
2.790000e-06	3.818680e-06	9.802045e-09	2.847377e+01	6.451969e+02
2.800000e-06	3.718709e-06	9.715951e-09	2.772834e+01	6.395763e+02
2.810000e-06	3.617883e-06	9.637975e-09	2.697654e+01	6.338019e+02
2.820000e-06	3.516327e-06	9.555034e-09	2.621929e+01	6.278767e+02
2.830000e-06	3.413978e-06	9.452775e-09	2.545614e+01	6.218069e+02
2.840000e-06	3.310783e-06	9.349768e-09	2.468667e+01	6.155996e+02
2.850000e-06	3.206700e-06	9.256443e-09	2.391058e+01	6.092610e+02
2.860000e-06	3.101887e-06	9.165692e-09	2.312905e+01	6.027940e+02
2.870000e-06	2.996448e-06	9.061061e-09	2.234285e+01	5.961973e+02
2.880000e-06	2.890449e-06	8.946749e-09	2.155247e+01	5.894648e+02
2.890000e-06	2.783895e-06	8.840244e-09	2.075796e+01	5.825866e+02
2.900000e-06	2.676713e-06	8.742098e-09	1.995876e+01	5.755505e+02
2.910000e-06	2.568901e-06	8.637964e-09	1.915486e+01	5.683437e+02
2.920000e-06	2.460555e-06	8.516702e-09	1.834699e+01	5.609549e+02
2.930000e-06	2.351752e-06	8.393187e-09	1.753570e+01	5.533755e+02
2.940000e-06	2.242508e-06	8.278309e-09	1.672114e+01	5.455998e+02
2.950000e-06	2.132809e-06	8.170112e-09	1.590317e+01	5.376246e+02
2.960000e-06	2.022532e-06	8.052724e-09	1.508090e+01	5.294481e+02
2.970000e-06	1.911701e-06	7.918777e-09	1.425449e+01	5.210683e+02
2.980000e-06	1.800399e-06	7.781675e-09	1.342457e+01	5.124816e+02
2.990000e-06	1.688662e-06	7.648792e-09	1.259141e+01	5.036821e+02
3.000000e-06	1.576590e-06	7.513410e-09	1.175575e+01	4.946614e+02
3.010000e-06	1.464304e-06	7.365342e-09	1.091850e+01	4.854089e+02
3.020000e-06	1.351770e-06	7.212387e-09	1.007939e+01	4.759135e+02
3.030000e-06	1.238864e-06	7.067185e-09	9.237517e+00	4.661640e+02
3.040000e-06	1.125699e-06	6.927011e-09	8.393712e+00	4.561507e+02
3.050000e-06	1.012301e-06	6.778124e-09	7.548167e+00	4.458657e+02
3.060000e-06	8.986130e-07	6.612462e-09	6.700457e+00	4.353023e+02
3.070000e-06	7.846844e-07	6.440954e-09	5.850955e+00	4.244549e+02
3.080000e-06	6.705364e-07	6.271537e-09	4.999817e+00	4.133168e+02
3.090000e-06	5.562058e-07	6.099959e-09	4.147317e+00	4.018796e+02
3.100000e-06	4.417334e-07	5.917521e-09	3.293760e+00	3.901318e+02
3.110000e-06	3.271258e-07	5.727552e-09	2.439195e+00	3.780583e+02
3.120000e-06	2.124006e-07	5.540434e-09	1.583753e+00	3.656407e+02
3.130000e-06	9.764979e-08	5.354728e-09	7.281202e-01	3.528578e+02
3.140000e-06	-1.707797e-08	5.158359e-09	-1.273410e-01	3.396872e+02
3.150000e-06	-1.317998e-07	4.947435e-09	-9.827577e-01	3.261060e+02
3.160000e-06	-2.464916e-07	4.730188e-09	-1.837951e+00	3.120923e+02
3.170000e-06	-3.610800e-07	4.510678e-09	-2.692372e+00	2.976260e+02
3.180000e-06	-4.755759e-07	4.284544e-09	-3.546105e+00	2.826890e+02
3.190000e-06	-5.899903e-07	4.047648e-09	-4.399230e+00	2.672657e+02
3.200000e-06	-7.042338e-07	3.802726e-09	-5.251080e+00	2.513432e+02
3.210000e-06	-8.182710e-07	3.552311e-09	-6.101392e+00	2.349110e+02
3.220000e-06	-9.320880e-07	3.296448e-09	-6.950062e+00	2.179619e+02
3.230000e-06	-1.045659e-06	3.029959e-09	-7.796894e+00	2.004919e+02
3.240000e-06	-1.158902e-06	2.754083e-09	-8.641289e+00	1.824997e+02
3.250000e-06	-1.271736e-06	2.473139e-09	-9.482627e+00	1.639864e+02
3.260000e-06	-1.384228e-06	2.188509e-09	-1.032142e+01	1.449529e+02
3.270000e-06	-1.496417e-06	1.897541e-09	-1.115795e+01	1.253971e+02
3.280000e-06	-1.608253e-06	1.593637e-09	-1.199185e+01	1.053101e+02
3.290000e-06	-1.719753e-06	1.276025e-09	-1.282324e+01	8.467207e+01
3.300000e-06	-1.830827e-06	9.489213e-10	-1.365146e+01	6.344866e+01
3.310000e-06	-1.941378e-06	6.163517e-10	-1.447578e+01	4.158997e+01
3.320000e-06	-2.051355e-06	2.744561e-10	-1.529582e+01	1.903203e+01
3.330000e-06	-2.160781e-06	-8.087936e-11	-1.611174e+01	-4.297797e+00
3.340000e-06	-2.269731e-06	-4.467511e-10	-1.692412e+01	-2.847151e+01
3.350000e-06	-2.378285e-06	-8.222046e-10	-1.773355e+01	-5.354799e+01
3.360000e-06	-2.486502e-06	-1.210943e-09	-1.854046e+01	-7.955870e+01
3.370000e-06	-2.594202e-06	-1.619686e-09	-1.934352e+01	-1.064935e+02
3.380000e-06	-2.701265e-06	-2.048336e-09	-2.014183e+01	-1.342891e+02
3.390000e-06	-2.807775e-06	-2.488687e-09	-2.093602e+01	-1.628220e+02
3.400000e-06	-2.913734e-06	-2.934410e-09	-2.172609e+01	-1.919079e+02
3.410000e-06	-3.019103e-06	-3.380177e-09	-2.251177e+01	-2.213084e+02
3.420000e-06	-3.123842e-06	-3.825715e-09	-2.329275e+01	-2.507443e+02
3.430000e-06	-3.227952e-06	-4.269508e-09	-2.406904e+01	-2.799140e+02
3.440000e-06	-3.331353e-06	-4.706512e-09	-2.484005e+01	-3.085157e+02
3.450000e-06	-3.433853e-06	-5.132397e-09	-2.560433e+01	-3.362690e+02
3.460000e-06	-3.535490e-06	-5.544607e-09	-2.636219e+01	-3.629344e+02
3.470000e-06	-3.636363e-06	-5.941536e-09	-2.711434e+01	-3.883273e+02
3.480000e-06	-3.736368e-06	-6.317851e-09	-2.786002e+01	-4.123263e+02
3.490000e-06	-3.835453e-06	-6.666097e-09	-2.859884e+01	-4.348731e+02
3.500000e-06	-3.933744e-06	-6.984381e-09	-2.933174e+01	-4.559673e+02
3.510000e-06	-4.031306e-06	-7.280547e-09	-3.005920e+01	-4.756556e+02
3.520000e-06	-4.128139e-06	-7.558268e-09	-3.078123e+01	-4.940182e+02
3.530000e-06	-4.224175e-06	-7.818152e-09	-3.149732e+01	-5.111552e+02
3.540000e-06	-4.319269e-06	-8.063933e-09	-3.220639e+01	-5.271734e+02
3.550000e-06	-4.413284e-06	-8.301354e-09	-3.290741e+01	-5.421773e+02
3.560000e-06	-4.506254e-06	-8.527524e-09	-3.360063e+01	-5.562624e+02
3.570000e-06	-4.598187e-06	-8.739939e-09	-3.428612e+01	-5.695122e+02
3.580000e-06	-4.688964e-06	-8.934933e-09	-3.496300e+01	-5.819989e+02
3.590000e-06	-4.778661e-06	-9.110769e-09	-3.563182e+01	-5.937841e+02
3.600000e-06	-4.867382e-06	-9.274883e-09	-3.629336e+01	-6.049217e+02
3.610000e-06	-4.955106e-06	-9.430502e-09	-3.694747e+01	-6.154599e+02
3.620000e-06	-5.041775e-06	-9.577445e-09	-3.759371e+01	-6.254428e+02
3.630000e-06	-5.127280e-06	-9.719544e-09	-3.823128e+01	-6.349108e+02
3.640000e-06	-5.211531e-06	-9.857079e-09	-3.885949e+01	-6.439011e+02
3.650000e-06	-5.294574e-06	-9.993238e-09	-3.947869e+01	-6.524469e+02
3.660000e-06	-5.376512e-06	-1.012298e-08	-4.008966e+01	-6.605777e+02
3.670000e-06	-5.457407e-06	-1.024055e-08	-4.069285e+01	-6.683197e+02
3.680000e-06	-5.537211e-06	-1.034719e-08	-4.128790e+01	-6.756960e+02
3.690000e-06	-5.615709e-06	-1.044793e-08	-4.187322e+01	-6.827280e+02
3.700000e-06	-5.692703e-06	-1.054700e-08	-4.244732e+01	-6.894363e+02
3.710000e-06	-5.768222e-06	-1.064273e-08	-4.301042e+01	-6.958412e+02
3.720000e-06	-5.842375e-06	-1.073534e-08	-4.356334e+01	-7.019629e+02
3.730000e-06	-5.915213e-06	-1.082543e-08	-4.410645e+01	-7.078212e+02
3.740000e-06	-5.986833e-06	-1.091516e-08	-4.464048e+01	-7.134339e+02
3.750000e-06	-6.057190e-06	-1.099900e-08	-4.516510e+01	-7.188166e+02
3.760000e-06	-6.126074e-06	-1.107714e-08	-4.567873e+01	-7.239811e+02
3.770000e-06	-6.193521e-06	-1.115116e-08	-4.618164e+01	-7.289355e+02
3.780000e-06	-6.259706e-06	-1.122394e-08	-4.667515e+01	-7.336846e+02
3.790000e-06	-6.324602e-06	-1.129431e-08	-4.715904e+01	-7.382313e+02
3.800000e-06	-6.388191e-06	-1.136066e-08	-4.763319e+01	-7.425776e+02
3.810000e-06	-6.450362e-06	-1.142071e-08	-4.809676e+01	-7.467271e+02
3.820000e-06	-6.510877e-06	-1.147972e-08	-4.854799e+01	-7.506855e+02
3.830000e-06	-6.569917e-06	-1.153879e-08	-4.898822e+01	-7.544615e+02
3.840000e-06	-6.627702e-06	-1.159332e-08	-4.941908e+01	-7.580664e+02
3.850000e-06	-6.684110e-06	-1.164304e-08	-4.983969e+01	-7.615128e+02
3.860000e-06	-6.738987e-06	-1.169195e-08	-5.024888e+01	-7.648126e+02
3.870000e-06	-6.792123e-06	-1.174230e-08	-5.064508e+01	-7.679757e+02
3.880000e-06	-6.843444e-06	-1.179092e-08	-5.102776e+01	-7.710085e+02
3.890000e-06	-6.893017e-06	-1.183291e-08	-5.139739e+01	-7.739130e+02
3.900000e-06	-6.940699e-06	-1.186747e-08	-5.175293e+01	-7.766878e+02
3.910000e-06	-6.986661e-06	-1.190241e-08	-5.209564e+01	-7.793292e+02
3.920000e-06	-7.031261e-06	-1.193998e-08	-5.242820e+01	-7.818328e+02
3.930000e-06	-7.074537e-06	-1.197620e-08	-5.275089e+01	-7.841959e+02
3.940000e-06	-7.116435e-06	-1.200571e-08	-5.306330e+01	-7.864187e+02
3.950000e-06	-7.156942e-06	-1.203514e-08	-5.336534e+01	-7.885052e+02
3.960000e-06	-7.196063e-06	-1.206974e-08	-5.365704e+01	-7.904629e+02
3.970000e-06	-7.233482e-06	-1.210274e-08	-5.393605e+01	-7.923014e+02
3.980000e-06	-7.269094e-06	-1.212475e-08	-5.420159e+01	-7.940311e+02
3.990000e-06	-7.303183e-06	-1.213848e-08	-5.445577e+01	-7.956613e+02
4.000000e-06	-7.335788e-06	-1.215431e-08	-5.469889e+01	-7.971987e+02
4.010000e-06	-7.366814e-06	-1.217668e-08	-5.493023e+01	-7.986469e+02
4.020000e-06	-7.396041e-06	-1.220109e-08	-5.514816e+01	-8.000065e+02
4.030000e-06	-7.423561e-06	-1.222020e-08	-5.535337e+01	-8.012765e+02
4.040000e-06	-7.449554e-06	-1.223710e-08	-5.554718e+01	-8.024553e+02
4.050000e-06	-7.473952e-06	-1.225450e-08	-5.572911e+01	-8.035424e+02
4.060000e-06	-7.496731e-06	-1.227021e-08	-5.589895e+01	-8.045394e+02
4.070000e-06	-7.517683e-06	-1.227949e-08	-5.605518e+01	-8.054504e+02
4.080000e-06	-7.536998e-06	-1.228258e-08	-5.619920e+01	-8.062815e+02
4.090000e-06	-7.554876e-06	-1.228851e-08	-5.633251e+01	-8.070392e+02
4.100000e-06	-7.571194e-06	-1.230130e-08	-5.645418e+01	-8.077297e+02
4.110000e-06	-7.585669e-06	-1.231610e-08	-5.656212e+01	-8.083569e+02
4.120000e-06	-7.598041e-06	-1.232582e-08	-5.665436e+01	-8.089224e+02
4.130000e-06	-7.608648e-06	-1.233021e-08	-5.673346e+01	-8.094249e+02
4.140000e-06	-7.617747e-06	-1.233482e-08	-5.680130e+01	-8.098614e+02
4.150000e-06	-7.625235e-06	-1.234032e-08	-5.685713e+01	-8.102287e+02
4.160000e-06	-7.630912e-06	-1.234214e-08	-5.689947e+01	-8.105246e+02
4.170000e-06	-7.634792e-06	-1.233790e-08	-5.692839e+01	-8.107494e+02
4.180000e-06	-7.637120e-06	-1.233356e-08	-5.694576e+01	-8.109057e+02
4.190000e-06	-7.637874e-06	-1.233446e-08	-5.695138e+01	-8.109985e+02
