# Temperatura_=_53.11
# Concentracion g/m^3_=_18600.0
# C_Vs_to_Am_M_A/Vsm_=_65563218390.804596
# pendiente_HvsI_1/m_=_3716.3
# ordenada_HvsI_A/m_=_1297.0
# frecuencia_Hz_=_238064.16002440604

Tiempo_(s)	Campo_(V.s)	Magnetizacion_(V.s)	Campo_(kA/m)	Magnetizacion_(A/m)
0.000000e+00	-4.921994e-06	-7.672336e-09	-3.828835e+01	-5.045273e+02
1.000000e-08	-4.921339e-06	-7.672393e-09	-3.828325e+01	-5.047282e+02
2.000000e-08	-4.919615e-06	-7.672067e-09	-3.826984e+01	-5.048975e+02
3.000000e-08	-4.916558e-06	-7.669387e-09	-3.824606e+01	-5.049823e+02
4.000000e-08	-4.912410e-06	-7.669148e-09	-3.821380e+01	-5.049322e+02
5.000000e-08	-4.907441e-06	-7.666065e-09	-3.817514e+01	-5.047127e+02
6.000000e-08	-4.901548e-06	-7.655992e-09	-3.812930e+01	-5.043169e+02
7.000000e-08	-4.894613e-06	-7.638426e-09	-3.807535e+01	-5.037720e+02
8.000000e-08	-4.886637e-06	-7.651385e-09	-3.801330e+01	-5.031369e+02
9.000000e-08	-4.877377e-06	-7.727448e-09	-3.794127e+01	-5.024941e+02
1.000000e-07	-4.866384e-06	-7.737102e-09	-3.785576e+01	-5.019336e+02
1.100000e-07	-4.853887e-06	-7.631092e-09	-3.775854e+01	-5.015345e+02
1.200000e-07	-4.840535e-06	-7.504009e-09	-3.765468e+01	-5.013476e+02
1.300000e-07	-4.826353e-06	-7.666329e-09	-3.754435e+01	-5.013820e+02
1.400000e-07	-4.810788e-06	-7.758250e-09	-3.742327e+01	-5.016004e+02
1.500000e-07	-4.793844e-06	-7.446054e-09	-3.729147e+01	-5.019229e+02
1.600000e-07	-4.776059e-06	-7.574575e-09	-3.715311e+01	-5.022398e+02
1.700000e-07	-4.757257e-06	-7.832101e-09	-3.700685e+01	-5.024305e+02
1.800000e-07	-4.737351e-06	-7.599790e-09	-3.685201e+01	-5.023849e+02
1.900000e-07	-4.716803e-06	-7.572810e-09	-3.669216e+01	-5.020229e+02
2.000000e-07	-4.695385e-06	-7.792431e-09	-3.652555e+01	-5.013080e+02
2.100000e-07	-4.672697e-06	-7.601895e-09	-3.634906e+01	-5.002520e+02
2.200000e-07	-4.649007e-06	-7.470918e-09	-3.616478e+01	-4.989113e+02
2.300000e-07	-4.624515e-06	-7.698778e-09	-3.597425e+01	-4.973737e+02
2.400000e-07	-4.598948e-06	-7.620985e-09	-3.577536e+01	-4.957413e+02
2.500000e-07	-4.572136e-06	-7.502755e-09	-3.556679e+01	-4.941106e+02
2.600000e-07	-4.544205e-06	-7.597408e-09	-3.534952e+01	-4.925557e+02
2.700000e-07	-4.515327e-06	-7.522789e-09	-3.512487e+01	-4.911175e+02
2.800000e-07	-4.485586e-06	-7.486608e-09	-3.489352e+01	-4.897994e+02
2.900000e-07	-4.454897e-06	-7.522835e-09	-3.465478e+01	-4.885723e+02
3.000000e-07	-4.423194e-06	-7.425696e-09	-3.440817e+01	-4.873841e+02
3.100000e-07	-4.390668e-06	-7.453372e-09	-3.415515e+01	-4.861737e+02
3.200000e-07	-4.357267e-06	-7.451641e-09	-3.389532e+01	-4.848849e+02
3.300000e-07	-4.322720e-06	-7.384115e-09	-3.362657e+01	-4.834770e+02
3.400000e-07	-4.287047e-06	-7.416096e-09	-3.334908e+01	-4.819311e+02
3.500000e-07	-4.250406e-06	-7.342063e-09	-3.306404e+01	-4.802503e+02
3.600000e-07	-4.212888e-06	-7.273019e-09	-3.277219e+01	-4.784550e+02
3.700000e-07	-4.174478e-06	-7.315143e-09	-3.247339e+01	-4.765747e+02
3.800000e-07	-4.135145e-06	-7.302884e-09	-3.216743e+01	-4.746392e+02
3.900000e-07	-4.094997e-06	-7.232425e-09	-3.185511e+01	-4.726706e+02
4.000000e-07	-4.054106e-06	-7.207474e-09	-3.153702e+01	-4.706791e+02
4.100000e-07	-4.012161e-06	-7.178375e-09	-3.121073e+01	-4.686617e+02
4.200000e-07	-3.968987e-06	-7.142706e-09	-3.087488e+01	-4.666056e+02
4.300000e-07	-3.924825e-06	-7.111321e-09	-3.053134e+01	-4.644934e+02
4.400000e-07	-3.879833e-06	-7.067969e-09	-3.018134e+01	-4.623091e+02
4.500000e-07	-3.834061e-06	-7.015793e-09	-2.982528e+01	-4.600430e+02
4.600000e-07	-3.787434e-06	-7.006555e-09	-2.946257e+01	-4.576946e+02
4.700000e-07	-3.739901e-06	-6.996973e-09	-2.909281e+01	-4.552725e+02
4.800000e-07	-3.691585e-06	-6.925529e-09	-2.871695e+01	-4.527911e+02
4.900000e-07	-3.642374e-06	-6.876710e-09	-2.833414e+01	-4.502667e+02
5.000000e-07	-3.592092e-06	-6.839086e-09	-2.794300e+01	-4.477124e+02
5.100000e-07	-3.540676e-06	-6.816506e-09	-2.754303e+01	-4.451342e+02
5.200000e-07	-3.488269e-06	-6.784804e-09	-2.713536e+01	-4.425296e+02
5.300000e-07	-3.435075e-06	-6.726834e-09	-2.672156e+01	-4.398884e+02
5.400000e-07	-3.381136e-06	-6.672318e-09	-2.630196e+01	-4.371952e+02
5.500000e-07	-3.326445e-06	-6.636437e-09	-2.587652e+01	-4.344337e+02
5.600000e-07	-3.271081e-06	-6.610058e-09	-2.544584e+01	-4.315908e+02
5.700000e-07	-3.215117e-06	-6.558800e-09	-2.501050e+01	-4.286598e+02
5.800000e-07	-3.158503e-06	-6.496483e-09	-2.457010e+01	-4.256413e+02
5.900000e-07	-3.101057e-06	-6.452528e-09	-2.412322e+01	-4.225426e+02
6.000000e-07	-3.042785e-06	-6.424808e-09	-2.366992e+01	-4.193748e+02
6.100000e-07	-2.983703e-06	-6.379651e-09	-2.321032e+01	-4.161492e+02
6.200000e-07	-2.923857e-06	-6.317562e-09	-2.274478e+01	-4.128743e+02
6.300000e-07	-2.863419e-06	-6.252615e-09	-2.227463e+01	-4.095528e+02
6.400000e-07	-2.802355e-06	-6.203375e-09	-2.179961e+01	-4.061811e+02
6.500000e-07	-2.740778e-06	-6.161174e-09	-2.132060e+01	-4.027508e+02
6.600000e-07	-2.678684e-06	-6.107828e-09	-2.083757e+01	-3.992506e+02
6.700000e-07	-2.615978e-06	-6.046010e-09	-2.034977e+01	-3.956699e+02
6.800000e-07	-2.552763e-06	-5.988494e-09	-1.985803e+01	-3.920013e+02
6.900000e-07	-2.489102e-06	-5.944416e-09	-1.936280e+01	-3.882427e+02
7.000000e-07	-2.424985e-06	-5.887480e-09	-1.886403e+01	-3.843972e+02
7.100000e-07	-2.360375e-06	-5.815518e-09	-1.836143e+01	-3.804719e+02
7.200000e-07	-2.295203e-06	-5.739852e-09	-1.785445e+01	-3.764752e+02
7.300000e-07	-2.229322e-06	-5.680271e-09	-1.734196e+01	-3.724141e+02
7.400000e-07	-2.162781e-06	-5.632718e-09	-1.682434e+01	-3.682916e+02
7.500000e-07	-2.095672e-06	-5.572621e-09	-1.630230e+01	-3.641057e+02
7.600000e-07	-2.028035e-06	-5.500957e-09	-1.577615e+01	-3.598493e+02
7.700000e-07	-1.960014e-06	-5.428307e-09	-1.524701e+01	-3.555123e+02
7.800000e-07	-1.891630e-06	-5.364834e-09	-1.471505e+01	-3.510837e+02
7.900000e-07	-1.822928e-06	-5.296256e-09	-1.418061e+01	-3.465549e+02
8.000000e-07	-1.753957e-06	-5.218483e-09	-1.364409e+01	-3.419210e+02
8.100000e-07	-1.684653e-06	-5.137725e-09	-1.310497e+01	-3.371825e+02
8.200000e-07	-1.614939e-06	-5.067052e-09	-1.256266e+01	-3.323441e+02
8.300000e-07	-1.544773e-06	-5.004601e-09	-1.201684e+01	-3.274128e+02
8.400000e-07	-1.474250e-06	-4.932614e-09	-1.146823e+01	-3.223958e+02
8.500000e-07	-1.403394e-06	-4.846586e-09	-1.091705e+01	-3.172973e+02
8.600000e-07	-1.332252e-06	-4.756151e-09	-1.036363e+01	-3.121171e+02
8.700000e-07	-1.260898e-06	-4.675182e-09	-9.808563e+00	-3.068496e+02
8.800000e-07	-1.189261e-06	-4.599171e-09	-9.251295e+00	-3.014853e+02
8.900000e-07	-1.117344e-06	-4.518323e-09	-8.691854e+00	-2.960122e+02
9.000000e-07	-1.045207e-06	-4.427331e-09	-8.130701e+00	-2.904187e+02
9.100000e-07	-9.729331e-07	-4.336562e-09	-7.568478e+00	-2.846963e+02
9.200000e-07	-9.005257e-07	-4.250724e-09	-7.005218e+00	-2.788406e+02
9.300000e-07	-8.279225e-07	-4.160694e-09	-6.440436e+00	-2.728523e+02
9.400000e-07	-7.551876e-07	-4.059469e-09	-5.874628e+00	-2.667354e+02
9.500000e-07	-6.824046e-07	-3.954973e-09	-5.308447e+00	-2.604952e+02
9.600000e-07	-6.094534e-07	-3.858644e-09	-4.740958e+00	-2.541356e+02
9.700000e-07	-5.362847e-07	-3.768322e-09	-4.171776e+00	-2.476570e+02
9.800000e-07	-4.630276e-07	-3.674771e-09	-3.601906e+00	-2.410540e+02
9.900000e-07	-3.896465e-07	-3.568614e-09	-3.031073e+00	-2.343165e+02
1.000000e-06	-3.160915e-07	-3.457971e-09	-2.458886e+00	-2.274298e+02
1.010000e-06	-2.423934e-07	-3.348976e-09	-1.885586e+00	-2.203777e+02
1.020000e-06	-1.685876e-07	-3.239216e-09	-1.311448e+00	-2.131448e+02
1.030000e-06	-9.473552e-08	-3.122688e-09	-7.369506e-01	-2.057187e+02
1.040000e-06	-2.085936e-08	-2.999708e-09	-1.622656e-01	-1.980915e+02
1.050000e-06	5.301575e-08	-2.880554e-09	4.124112e-01	-1.902591e+02
1.060000e-06	1.268296e-07	-2.764151e-09	9.866114e-01	-1.822207e+02
1.070000e-06	2.005644e-07	-2.640469e-09	1.560197e+00	-1.739758e+02
1.080000e-06	2.742617e-07	-2.504743e-09	2.133491e+00	-1.655222e+02
1.090000e-06	3.478499e-07	-2.366024e-09	2.705935e+00	-1.568547e+02
1.100000e-06	4.213288e-07	-2.230234e-09	3.277530e+00	-1.479640e+02
1.110000e-06	4.947373e-07	-2.093848e-09	3.848577e+00	-1.388376e+02
1.120000e-06	5.680200e-07	-1.948795e-09	4.418646e+00	-1.294625e+02
1.130000e-06	6.411480e-07	-1.796882e-09	4.987510e+00	-1.198270e+02
1.140000e-06	7.140952e-07	-1.644771e-09	5.554969e+00	-1.099241e+02
1.150000e-06	7.868461e-07	-1.493051e-09	6.120901e+00	-9.975222e+01
1.160000e-06	8.594140e-07	-1.336564e-09	6.685409e+00	-8.931616e+01
1.170000e-06	9.318211e-07	-1.170128e-09	7.248666e+00	-7.862493e+01
1.180000e-06	1.004078e-06	-1.000534e-09	7.810758e+00	-6.768891e+01
1.190000e-06	1.076202e-06	-8.296839e-10	8.371811e+00	-5.651610e+01
1.200000e-06	1.148142e-06	-6.542181e-10	8.931436e+00	-4.510848e+01
1.210000e-06	1.219797e-06	-4.728222e-10	9.488842e+00	-3.345953e+01
1.220000e-06	1.291209e-06	-2.895220e-10	1.004436e+01	-2.155352e+01
1.230000e-06	1.362393e-06	-1.073865e-10	1.059810e+01	-9.366902e+00
1.240000e-06	1.433292e-06	7.669138e-11	1.114963e+01	3.128479e+00
1.250000e-06	1.503830e-06	2.704280e-10	1.169834e+01	1.596078e+01
1.260000e-06	1.573949e-06	4.757076e-10	1.224380e+01	2.915323e+01
1.270000e-06	1.643721e-06	6.865215e-10	1.278656e+01	4.271970e+01
1.280000e-06	1.713150e-06	9.002753e-10	1.332665e+01	5.666148e+01
1.290000e-06	1.782225e-06	1.118414e-09	1.386399e+01	7.096573e+01
1.300000e-06	1.850949e-06	1.343433e-09	1.439859e+01	8.560544e+01
1.310000e-06	1.919362e-06	1.573215e-09	1.493078e+01	1.005406e+02
1.320000e-06	1.987520e-06	1.803502e-09	1.546098e+01	1.157201e+02
1.330000e-06	2.055326e-06	2.032209e-09	1.598845e+01	1.310831e+02
1.340000e-06	2.122612e-06	2.262465e-09	1.651187e+01	1.465604e+02
1.350000e-06	2.189205e-06	2.498287e-09	1.702989e+01	1.620755e+02
1.360000e-06	2.255089e-06	2.736717e-09	1.754241e+01	1.775443e+02
1.370000e-06	2.320327e-06	2.972751e-09	1.804990e+01	1.928766e+02
1.380000e-06	2.385054e-06	3.203102e-09	1.855341e+01	2.079771e+02
1.390000e-06	2.449401e-06	3.428193e-09	1.905397e+01	2.227488e+02
1.400000e-06	2.513320e-06	3.647320e-09	1.955120e+01	2.370971e+02
1.410000e-06	2.576720e-06	3.855748e-09	2.004439e+01	2.509353e+02
1.420000e-06	2.639580e-06	4.050933e-09	2.053338e+01	2.641906e+02
1.430000e-06	2.701936e-06	4.234671e-09	2.101845e+01	2.768093e+02
1.440000e-06	2.763682e-06	4.413450e-09	2.149877e+01	2.887602e+02
1.450000e-06	2.824839e-06	4.587814e-09	2.197451e+01	3.000358e+02
1.460000e-06	2.885551e-06	4.751893e-09	2.244679e+01	3.106502e+02
1.470000e-06	2.945825e-06	4.903663e-09	2.291566e+01	3.206350e+02
1.480000e-06	3.005470e-06	5.048599e-09	2.337965e+01	3.300328e+02
1.490000e-06	3.064202e-06	5.187940e-09	2.383653e+01	3.388908e+02
1.500000e-06	3.121925e-06	5.317161e-09	2.428555e+01	3.472545e+02
1.510000e-06	3.178802e-06	5.433863e-09	2.472800e+01	3.551636e+02
1.520000e-06	3.235058e-06	5.542276e-09	2.516562e+01	3.626503e+02
1.530000e-06	3.290690e-06	5.649047e-09	2.559838e+01	3.697404e+02
1.540000e-06	3.345662e-06	5.752997e-09	2.602601e+01	3.764551e+02
1.550000e-06	3.399923e-06	5.849661e-09	2.644811e+01	3.828153e+02
1.560000e-06	3.453401e-06	5.938105e-09	2.686411e+01	3.888446e+02
1.570000e-06	3.506087e-06	6.022115e-09	2.727397e+01	3.945703e+02
1.580000e-06	3.557898e-06	6.105368e-09	2.767700e+01	4.000242e+02
1.590000e-06	3.608628e-06	6.187539e-09	2.807163e+01	4.052396e+02
1.600000e-06	3.658249e-06	6.264584e-09	2.845763e+01	4.102482e+02
1.610000e-06	3.706947e-06	6.334458e-09	2.883646e+01	4.150759e+02
1.620000e-06	3.754891e-06	6.402608e-09	2.920941e+01	4.197398e+02
1.630000e-06	3.802121e-06	6.473855e-09	2.957682e+01	4.242473e+02
1.640000e-06	3.848581e-06	6.542967e-09	2.993824e+01	4.285965e+02
1.650000e-06	3.894185e-06	6.603257e-09	3.029299e+01	4.327793e+02
1.660000e-06	3.938996e-06	6.659473e-09	3.064158e+01	4.367865e+02
1.670000e-06	3.983227e-06	6.717165e-09	3.098565e+01	4.406118e+02
1.680000e-06	4.026627e-06	6.773917e-09	3.132326e+01	4.442556e+02
1.690000e-06	4.068801e-06	6.825528e-09	3.165133e+01	4.477270e+02
1.700000e-06	4.109831e-06	6.873817e-09	3.197051e+01	4.510425e+02
1.710000e-06	4.150039e-06	6.922428e-09	3.228328e+01	4.542231e+02
1.720000e-06	4.189437e-06	6.972830e-09	3.258976e+01	4.572897e+02
1.730000e-06	4.227942e-06	7.021522e-09	3.288930e+01	4.602580e+02
1.740000e-06	4.265579e-06	7.064477e-09	3.318207e+01	4.631352e+02
1.750000e-06	4.302393e-06	7.102924e-09	3.346845e+01	4.659186e+02
1.760000e-06	4.338443e-06	7.140078e-09	3.374889e+01	4.685965e+02
1.770000e-06	4.373411e-06	7.177557e-09	3.402091e+01	4.711525e+02
1.780000e-06	4.407082e-06	7.214010e-09	3.428283e+01	4.735703e+02
1.790000e-06	4.439738e-06	7.248709e-09	3.453686e+01	4.758393e+02
1.800000e-06	4.471539e-06	7.283074e-09	3.478425e+01	4.779588e+02
1.810000e-06	4.502401e-06	7.315852e-09	3.502432e+01	4.799393e+02
1.820000e-06	4.532364e-06	7.344947e-09	3.525740e+01	4.818012e+02
1.830000e-06	4.561452e-06	7.371597e-09	3.548368e+01	4.835707e+02
1.840000e-06	4.589716e-06	7.396234e-09	3.570355e+01	4.852738e+02
1.850000e-06	4.616937e-06	7.420536e-09	3.591530e+01	4.869301e+02
1.860000e-06	4.642762e-06	7.444564e-09	3.611619e+01	4.885490e+02
1.870000e-06	4.667423e-06	7.468103e-09	3.630803e+01	4.901271e+02
1.880000e-06	4.691086e-06	7.491814e-09	3.649210e+01	4.916501e+02
1.890000e-06	4.713715e-06	7.515735e-09	3.666814e+01	4.930972e+02
1.900000e-06	4.735365e-06	7.537938e-09	3.683655e+01	4.944475e+02
1.910000e-06	4.756173e-06	7.556752e-09	3.699842e+01	4.956860e+02
1.920000e-06	4.776152e-06	7.573362e-09	3.715384e+01	4.968091e+02
1.930000e-06	4.795008e-06	7.588391e-09	3.730052e+01	4.978256e+02
1.940000e-06	4.812704e-06	7.602249e-09	3.743818e+01	4.987558e+02
1.950000e-06	4.829450e-06	7.615794e-09	3.756844e+01	4.996258e+02
1.960000e-06	4.845048e-06	7.630440e-09	3.768978e+01	5.004610e+02
1.970000e-06	4.859435e-06	7.646510e-09	3.780170e+01	5.012792e+02
1.980000e-06	4.872774e-06	7.663028e-09	3.790547e+01	5.020847e+02
1.990000e-06	4.885044e-06	7.677931e-09	3.800091e+01	5.028677e+02
2.000000e-06	4.896036e-06	7.688920e-09	3.808642e+01	5.036058e+02
2.010000e-06	4.905588e-06	7.695424e-09	3.816073e+01	5.042701e+02
2.020000e-06	4.914002e-06	7.700121e-09	3.822618e+01	5.048337e+02
2.030000e-06	4.921441e-06	7.706358e-09	3.828404e+01	5.052796e+02
2.040000e-06	4.927840e-06	7.714224e-09	3.833382e+01	5.056067e+02
2.050000e-06	4.933168e-06	7.722068e-09	3.837527e+01	5.058317e+02
2.060000e-06	4.937564e-06	7.730530e-09	3.840946e+01	5.059863e+02
2.070000e-06	4.941003e-06	7.739778e-09	3.843622e+01	5.061097e+02
2.080000e-06	4.943134e-06	7.747108e-09	3.845279e+01	5.062386e+02
2.090000e-06	4.944060e-06	7.749020e-09	3.846000e+01	5.063966e+02
2.100000e-06	4.943976e-06	7.747296e-09	3.845935e+01	5.065870e+02
2.110000e-06	4.942914e-06	7.744362e-09	3.845108e+01	5.067890e+02
2.120000e-06	4.940907e-06	7.740951e-09	3.843548e+01	5.069620e+02
2.130000e-06	4.937947e-06	7.745005e-09	3.841245e+01	5.070532e+02
2.140000e-06	4.934140e-06	7.746733e-09	3.838283e+01	5.070117e+02
2.150000e-06	4.929176e-06	7.744180e-09	3.834421e+01	5.068020e+02
2.160000e-06	4.922892e-06	7.751988e-09	3.829534e+01	5.064155e+02
2.170000e-06	4.915677e-06	7.765381e-09	3.823921e+01	5.058777e+02
2.180000e-06	4.907547e-06	7.698921e-09	3.817597e+01	5.052462e+02
2.190000e-06	4.898169e-06	7.612411e-09	3.810301e+01	5.046026e+02
2.200000e-06	4.887008e-06	7.657984e-09	3.801619e+01	5.040367e+02
2.210000e-06	4.873935e-06	7.817768e-09	3.791449e+01	5.036290e+02
2.220000e-06	4.859941e-06	7.713043e-09	3.780563e+01	5.034317e+02
2.230000e-06	4.845759e-06	7.513016e-09	3.769532e+01	5.034564e+02
2.240000e-06	4.830570e-06	7.735574e-09	3.757715e+01	5.036681e+02
2.250000e-06	4.813908e-06	7.834577e-09	3.744755e+01	5.039887e+02
2.260000e-06	4.796525e-06	7.541633e-09	3.731232e+01	5.043096e+02
2.270000e-06	4.778375e-06	7.660944e-09	3.717113e+01	5.045102e+02
2.280000e-06	4.758997e-06	7.953040e-09	3.702039e+01	5.044796e+02
2.290000e-06	4.738689e-06	7.620343e-09	3.686242e+01	5.041356e+02
2.300000e-06	4.717324e-06	7.521567e-09	3.669621e+01	5.034392e+02
2.310000e-06	4.694543e-06	7.853627e-09	3.651900e+01	5.024002e+02
2.320000e-06	4.670806e-06	7.595357e-09	3.633435e+01	5.010727e+02
2.330000e-06	4.646134e-06	7.432962e-09	3.614243e+01	4.995434e+02
2.340000e-06	4.620148e-06	7.653354e-09	3.594027e+01	4.979142e+02
2.350000e-06	4.593280e-06	7.474657e-09	3.573127e+01	4.962823e+02
2.360000e-06	4.565570e-06	7.480990e-09	3.551572e+01	4.947232e+02
2.370000e-06	4.536613e-06	7.569767e-09	3.529046e+01	4.932796e+02
2.380000e-06	4.506631e-06	7.396845e-09	3.505722e+01	4.919569e+02
2.390000e-06	4.475588e-06	7.491881e-09	3.481574e+01	4.907272e+02
2.400000e-06	4.443455e-06	7.460299e-09	3.456578e+01	4.895394e+02
2.410000e-06	4.410588e-06	7.312939e-09	3.431011e+01	4.883324e+02
2.420000e-06	4.376771e-06	7.442557e-09	3.404704e+01	4.870495e+02
2.430000e-06	4.341944e-06	7.336020e-09	3.377612e+01	4.856491e+02
2.440000e-06	4.306423e-06	7.269357e-09	3.349980e+01	4.841111e+02
2.450000e-06	4.269949e-06	7.417019e-09	3.321607e+01	4.824375e+02
2.460000e-06	4.232200e-06	7.272711e-09	3.292242e+01	4.806481e+02
2.470000e-06	4.193329e-06	7.232103e-09	3.262004e+01	4.787722e+02
2.480000e-06	4.153574e-06	7.262369e-09	3.231079e+01	4.768397e+02
2.490000e-06	4.113016e-06	7.169746e-09	3.199528e+01	4.748733e+02
2.500000e-06	4.071572e-06	7.197239e-09	3.167289e+01	4.728838e+02
2.510000e-06	4.029236e-06	7.138105e-09	3.134356e+01	4.708688e+02
2.520000e-06	3.986169e-06	7.090428e-09	3.100853e+01	4.688159e+02
2.530000e-06	3.942403e-06	7.093890e-09	3.066808e+01	4.667078e+02
2.540000e-06	3.897812e-06	7.040351e-09	3.032120e+01	4.645283e+02
2.550000e-06	3.852224e-06	7.028361e-09	2.996657e+01	4.622672e+02
2.560000e-06	3.805853e-06	6.956814e-09	2.960585e+01	4.599237e+02
2.570000e-06	3.758636e-06	6.925798e-09	2.923855e+01	4.575058e+02
2.580000e-06	3.710366e-06	6.924233e-09	2.886306e+01	4.550278e+02
2.590000e-06	3.661251e-06	6.854818e-09	2.848099e+01	4.525061e+02
2.600000e-06	3.611278e-06	6.834800e-09	2.809224e+01	4.499539e+02
2.610000e-06	3.560469e-06	6.769321e-09	2.769700e+01	4.473778e+02
2.620000e-06	3.508857e-06	6.733097e-09	2.729551e+01	4.447757e+02
2.630000e-06	3.456215e-06	6.738198e-09	2.688601e+01	4.421375e+02
2.640000e-06	3.402480e-06	6.664512e-09	2.646800e+01	4.394481e+02
2.650000e-06	3.347873e-06	6.627458e-09	2.604321e+01	4.366912e+02
2.660000e-06	3.292552e-06	6.565343e-09	2.561287e+01	4.338535e+02
2.670000e-06	3.236531e-06	6.532331e-09	2.517708e+01	4.309278e+02
2.680000e-06	3.179851e-06	6.509011e-09	2.473616e+01	4.279145e+02
2.690000e-06	3.122530e-06	6.429892e-09	2.429026e+01	4.248204e+02
2.700000e-06	3.064541e-06	6.392770e-09	2.383916e+01	4.216566e+02
2.710000e-06	3.005938e-06	6.341031e-09	2.338328e+01	4.184346e+02
2.720000e-06	2.946782e-06	6.309442e-09	2.292311e+01	4.151629e+02
2.730000e-06	2.887064e-06	6.265749e-09	2.245857e+01	4.118446e+02
2.740000e-06	2.826717e-06	6.194685e-09	2.198912e+01	4.084765e+02
2.750000e-06	2.765643e-06	6.146597e-09	2.151403e+01	4.050503e+02
2.760000e-06	2.703791e-06	6.088919e-09	2.103288e+01	4.015547e+02
2.770000e-06	2.641231e-06	6.047458e-09	2.054622e+01	3.979791e+02
2.780000e-06	2.578056e-06	5.986171e-09	2.005478e+01	3.943159e+02
2.790000e-06	2.514317e-06	5.916919e-09	1.955895e+01	3.905626e+02
2.800000e-06	2.450124e-06	5.866507e-09	1.905959e+01	3.867222e+02
2.810000e-06	2.385499e-06	5.814326e-09	1.855687e+01	3.828016e+02
2.820000e-06	2.320315e-06	5.766940e-09	1.804980e+01	3.788091e+02
2.830000e-06	2.254548e-06	5.696249e-09	1.753820e+01	3.747520e+02
2.840000e-06	2.188281e-06	5.627628e-09	1.702271e+01	3.706335e+02
2.850000e-06	2.121593e-06	5.571309e-09	1.650394e+01	3.664517e+02
2.860000e-06	2.054512e-06	5.507967e-09	1.598211e+01	3.621999e+02
2.870000e-06	1.987067e-06	5.442840e-09	1.545745e+01	3.578680e+02
2.880000e-06	1.919232e-06	5.366145e-09	1.492976e+01	3.534452e+02
2.890000e-06	1.850854e-06	5.298667e-09	1.439785e+01	3.489224e+02
2.900000e-06	1.782044e-06	5.238833e-09	1.386258e+01	3.442947e+02
2.910000e-06	1.712766e-06	5.174977e-09	1.332366e+01	3.395622e+02
2.920000e-06	1.642863e-06	5.101911e-09	1.277988e+01	3.347295e+02
2.930000e-06	1.572511e-06	5.021040e-09	1.223261e+01	3.298035e+02
2.940000e-06	1.501784e-06	4.950670e-09	1.168242e+01	3.247915e+02
2.950000e-06	1.430738e-06	4.876276e-09	1.112976e+01	3.196980e+02
2.960000e-06	1.359404e-06	4.796318e-09	1.057485e+01	3.145228e+02
2.970000e-06	1.287844e-06	4.709668e-09	1.001818e+01	3.092608e+02
2.980000e-06	1.216124e-06	4.624450e-09	9.460270e+00	3.039025e+02
2.990000e-06	1.144173e-06	4.550568e-09	8.900559e+00	2.984359e+02
3.000000e-06	1.072066e-06	4.472047e-09	8.339639e+00	2.928496e+02
3.010000e-06	9.998206e-07	4.383735e-09	7.777636e+00	2.871346e+02
3.020000e-06	9.273272e-07	4.292218e-09	7.213708e+00	2.812865e+02
3.030000e-06	8.546085e-07	4.207440e-09	6.648027e+00	2.753057e+02
3.040000e-06	7.816659e-07	4.120554e-09	6.080604e+00	2.691959e+02
3.050000e-06	7.085187e-07	4.022968e-09	5.511589e+00	2.629626e+02
3.060000e-06	6.352520e-07	3.918547e-09	4.941646e+00	2.566099e+02
3.070000e-06	5.618632e-07	3.818400e-09	4.370752e+00	2.501381e+02
3.080000e-06	4.883512e-07	3.726425e-09	3.798900e+00	2.435425e+02
3.090000e-06	4.147395e-07	3.630641e-09	3.226272e+00	2.368128e+02
3.100000e-06	3.411018e-07	3.522894e-09	2.653442e+00	2.299348e+02
3.110000e-06	2.674447e-07	3.408916e-09	2.080461e+00	2.228922e+02
3.120000e-06	1.937121e-07	3.300746e-09	1.506892e+00	2.156696e+02
3.130000e-06	1.199154e-07	3.194409e-09	9.328260e-01	2.082543e+02
3.140000e-06	4.607942e-08	3.076850e-09	3.584533e-01	2.006381e+02
3.150000e-06	-2.777300e-08	2.950693e-09	-2.160471e-01	1.928169e+02
3.160000e-06	-1.016052e-07	2.829106e-09	-7.903900e-01	1.847897e+02
3.170000e-06	-1.754154e-07	2.712765e-09	-1.364562e+00	1.765560e+02
3.180000e-06	-2.492063e-07	2.589998e-09	-1.938584e+00	1.681138e+02
3.190000e-06	-3.228823e-07	2.454618e-09	-2.511712e+00	1.594581e+02
3.200000e-06	-3.964453e-07	2.313434e-09	-3.083961e+00	1.505796e+02
3.210000e-06	-4.699660e-07	2.174958e-09	-3.655880e+00	1.414663e+02
3.220000e-06	-5.433734e-07	2.037527e-09	-4.226919e+00	1.321047e+02
3.230000e-06	-6.166113e-07	1.893062e-09	-4.796639e+00	1.224834e+02
3.240000e-06	-6.897211e-07	1.740926e-09	-5.365362e+00	1.125948e+02
3.250000e-06	-7.627245e-07	1.586812e-09	-5.933258e+00	1.024372e+02
3.260000e-06	-8.355794e-07	1.431791e-09	-6.499999e+00	9.201499e+01
3.270000e-06	-9.082577e-07	1.272574e-09	-7.065366e+00	8.133714e+01
3.280000e-06	-9.807317e-07	1.103944e-09	-7.629143e+00	7.041401e+01
3.290000e-06	-1.052905e-06	9.273608e-10	-8.190578e+00	5.925381e+01
3.300000e-06	-1.124789e-06	7.521974e-10	-8.749770e+00	4.785887e+01
3.310000e-06	-1.196494e-06	5.809152e-10	-9.307568e+00	3.622316e+01
3.320000e-06	-1.268034e-06	4.044178e-10	-9.864075e+00	2.433139e+01
3.330000e-06	-1.339366e-06	2.181449e-10	-1.041897e+01	1.216032e+01
3.340000e-06	-1.410455e-06	2.547179e-11	-1.097198e+01	-3.180629e-01
3.350000e-06	-1.481290e-06	-1.687293e-10	-1.152300e+01	-1.313203e+01
3.360000e-06	-1.551828e-06	-3.663210e-10	-1.207172e+01	-2.630518e+01
3.370000e-06	-1.621933e-06	-5.730783e-10	-1.261707e+01	-3.985193e+01
3.380000e-06	-1.691502e-06	-7.876630e-10	-1.315825e+01	-5.377426e+01
3.390000e-06	-1.760441e-06	-1.007078e-09	-1.369452e+01	-6.806004e+01
3.400000e-06	-1.828748e-06	-1.228538e-09	-1.422589e+01	-8.268295e+01
3.410000e-06	-1.896582e-06	-1.453099e-09	-1.475357e+01	-9.760364e+01
3.420000e-06	-1.964106e-06	-1.683878e-09	-1.527884e+01	-1.127714e+02
3.430000e-06	-2.031352e-06	-1.920284e-09	-1.580195e+01	-1.281259e+02
3.440000e-06	-2.098276e-06	-2.156700e-09	-1.632255e+01	-1.435984e+02
3.450000e-06	-2.164787e-06	-2.389952e-09	-1.683995e+01	-1.591126e+02
3.460000e-06	-2.230792e-06	-2.623865e-09	-1.735340e+01	-1.745850e+02
3.470000e-06	-2.296323e-06	-2.863111e-09	-1.786317e+01	-1.899254e+02
3.480000e-06	-2.361411e-06	-3.102126e-09	-1.836949e+01	-2.050390e+02
3.490000e-06	-2.425994e-06	-3.328573e-09	-1.887188e+01	-2.198286e+02
3.500000e-06	-2.490092e-06	-3.541929e-09	-1.937051e+01	-2.341993e+02
3.510000e-06	-2.553726e-06	-3.751966e-09	-1.986552e+01	-2.480640e+02
3.520000e-06	-2.616852e-06	-3.962433e-09	-2.035658e+01	-2.613490e+02
3.530000e-06	-2.679410e-06	-4.161360e-09	-2.084322e+01	-2.739996e+02
3.540000e-06	-2.741243e-06	-4.340774e-09	-2.132421e+01	-2.859834e+02
3.550000e-06	-2.802202e-06	-4.507602e-09	-2.179842e+01	-2.972918e+02
3.560000e-06	-2.862365e-06	-4.671401e-09	-2.226643e+01	-3.079377e+02
3.570000e-06	-2.921933e-06	-4.831462e-09	-2.272981e+01	-3.179522e+02
3.580000e-06	-2.981007e-06	-4.979436e-09	-2.318935e+01	-3.273774e+02
3.590000e-06	-3.039529e-06	-5.111269e-09	-2.364459e+01	-3.362604e+02
3.600000e-06	-3.097398e-06	-5.234289e-09	-2.409476e+01	-3.446468e+02
3.610000e-06	-3.154622e-06	-5.355654e-09	-2.453990e+01	-3.525770e+02
3.620000e-06	-3.211096e-06	-5.472721e-09	-2.497922e+01	-3.600833e+02
3.630000e-06	-3.266832e-06	-5.581923e-09	-2.541279e+01	-3.671918e+02
3.640000e-06	-3.321961e-06	-5.684687e-09	-2.584164e+01	-3.739239e+02
3.650000e-06	-3.376316e-06	-5.784999e-09	-2.626447e+01	-3.803005e+02
3.660000e-06	-3.429640e-06	-5.882253e-09	-2.667927e+01	-3.863448e+02
3.670000e-06	-3.481944e-06	-5.971375e-09	-2.708615e+01	-3.920841e+02
3.680000e-06	-3.533385e-06	-6.050562e-09	-2.748631e+01	-3.975499e+02
3.690000e-06	-3.583972e-06	-6.128117e-09	-2.787983e+01	-4.027756e+02
3.700000e-06	-3.633776e-06	-6.208429e-09	-2.826726e+01	-4.077930e+02
3.710000e-06	-3.682741e-06	-6.289863e-09	-2.864816e+01	-4.126283e+02
3.720000e-06	-3.730542e-06	-6.365949e-09	-2.902000e+01	-4.172993e+02
3.730000e-06	-3.777209e-06	-6.434480e-09	-2.938303e+01	-4.218138e+02
3.740000e-06	-3.823102e-06	-6.500567e-09	-2.974003e+01	-4.261701e+02
3.750000e-06	-3.868328e-06	-6.565963e-09	-3.009185e+01	-4.303606e+02
3.760000e-06	-3.912721e-06	-6.626399e-09	-3.043718e+01	-4.343759e+02
3.770000e-06	-3.956380e-06	-6.681379e-09	-3.077681e+01	-4.382095e+02
3.780000e-06	-3.999422e-06	-6.735188e-09	-3.111163e+01	-4.418614e+02
3.790000e-06	-4.041666e-06	-6.791926e-09	-3.144025e+01	-4.453402e+02
3.800000e-06	-4.083110e-06	-6.850262e-09	-3.176264e+01	-4.486621e+02
3.810000e-06	-4.123655e-06	-6.904339e-09	-3.207805e+01	-4.518481e+02
3.820000e-06	-4.163351e-06	-6.951558e-09	-3.238684e+01	-4.549190e+02
3.830000e-06	-4.202318e-06	-6.994182e-09	-3.268997e+01	-4.578911e+02
3.840000e-06	-4.240196e-06	-7.037185e-09	-3.298462e+01	-4.607720e+02
3.850000e-06	-4.276842e-06	-7.080018e-09	-3.326969e+01	-4.635594e+02
3.860000e-06	-4.312518e-06	-7.120340e-09	-3.354721e+01	-4.662421e+02
3.870000e-06	-4.347379e-06	-7.158117e-09	-3.381840e+01	-4.688038e+02
3.880000e-06	-4.381332e-06	-7.196801e-09	-3.408252e+01	-4.712279e+02
3.890000e-06	-4.414277e-06	-7.234972e-09	-3.433880e+01	-4.735036e+02
3.900000e-06	-4.446333e-06	-7.268300e-09	-3.458817e+01	-4.756295e+02
3.910000e-06	-4.477598e-06	-7.297172e-09	-3.483138e+01	-4.776157e+02
3.920000e-06	-4.507795e-06	-7.325858e-09	-3.506628e+01	-4.794821e+02
3.930000e-06	-4.536664e-06	-7.356559e-09	-3.529085e+01	-4.812547e+02
3.940000e-06	-4.564433e-06	-7.387157e-09	-3.550687e+01	-4.829596e+02
3.950000e-06	-4.591352e-06	-7.413471e-09	-3.571627e+01	-4.846171e+02
3.960000e-06	-4.617299e-06	-7.434725e-09	-3.591811e+01	-4.862370e+02
3.970000e-06	-4.642206e-06	-7.454664e-09	-3.611187e+01	-4.878165e+02
3.980000e-06	-4.666170e-06	-7.474781e-09	-3.629828e+01	-4.893418e+02
3.990000e-06	-4.689259e-06	-7.494680e-09	-3.647790e+01	-4.907924e+02
4.000000e-06	-4.711257e-06	-7.513862e-09	-3.664901e+01	-4.921471e+02
4.010000e-06	-4.731890e-06	-7.534839e-09	-3.680952e+01	-4.933905e+02
4.020000e-06	-4.751431e-06	-7.557082e-09	-3.696153e+01	-4.945184e+02
4.030000e-06	-4.770092e-06	-7.575265e-09	-3.710670e+01	-4.955390e+02
4.040000e-06	-4.787835e-06	-7.586697e-09	-3.724472e+01	-4.964720e+02
4.050000e-06	-4.804623e-06	-7.594088e-09	-3.737532e+01	-4.973435e+02
4.060000e-06	-4.820458e-06	-7.602692e-09	-3.749849e+01	-4.981791e+02
4.070000e-06	-4.835258e-06	-7.613492e-09	-3.761363e+01	-4.989970e+02
4.080000e-06	-4.848749e-06	-7.625361e-09	-3.771857e+01	-4.998024e+02
4.090000e-06	-4.860840e-06	-7.636925e-09	-3.781263e+01	-5.005861e+02
4.100000e-06	-4.871689e-06	-7.648586e-09	-3.789702e+01	-5.013262e+02
4.110000e-06	-4.881481e-06	-7.660354e-09	-3.797319e+01	-5.019940e+02
4.120000e-06	-4.890249e-06	-7.668003e-09	-3.804140e+01	-5.025623e+02
4.130000e-06	-4.898074e-06	-7.669657e-09	-3.810227e+01	-5.030134e+02
4.140000e-06	-4.904972e-06	-7.667999e-09	-3.815593e+01	-5.033453e+02
4.150000e-06	-4.910615e-06	-7.666719e-09	-3.819983e+01	-5.035739e+02
4.160000e-06	-4.914899e-06	-7.667356e-09	-3.823315e+01	-5.037302e+02
4.170000e-06	-4.918170e-06	-7.668544e-09	-3.825860e+01	-5.038534e+02
4.180000e-06	-4.920523e-06	-7.668477e-09	-3.827690e+01	-5.039804e+02
4.190000e-06	-4.921891e-06	-7.670945e-09	-3.828755e+01	-5.041359e+02
4.200000e-06	-4.922228e-06	-7.673456e-09	-3.829017e+01	-5.043240e+02
