# Temperatura_=_30.74
# Concentracion g/m^3_=_18600.0
# C_Vs_to_Am_M_A/Vsm_=_65563218390.804596
# pendiente_HvsI_1/m_=_3716.3
# ordenada_HvsI_A/m_=_1297.0
# frecuencia_Hz_=_238084.20930604622

Tiempo_(s)	Campo_(V.s)	Magnetizacion_(V.s)	Campo_(kA/m)	Magnetizacion_(A/m)
0.000000e+00	-4.937294e-06	-8.756483e-09	-3.828317e+01	-5.764234e+02
1.000000e-08	-4.936948e-06	-8.758912e-09	-3.828048e+01	-5.768364e+02
2.000000e-08	-4.935732e-06	-8.758499e-09	-3.827106e+01	-5.771785e+02
3.000000e-08	-4.933300e-06	-8.756661e-09	-3.825220e+01	-5.774079e+02
4.000000e-08	-4.929583e-06	-8.755222e-09	-3.822338e+01	-5.774892e+02
5.000000e-08	-4.924872e-06	-8.754098e-09	-3.818685e+01	-5.774046e+02
6.000000e-08	-4.919238e-06	-8.753455e-09	-3.814317e+01	-5.771612e+02
7.000000e-08	-4.912591e-06	-8.753086e-09	-3.809163e+01	-5.767938e+02
8.000000e-08	-4.904894e-06	-8.762360e-09	-3.803195e+01	-5.763602e+02
9.000000e-08	-4.896044e-06	-8.768352e-09	-3.796332e+01	-5.759319e+02
1.000000e-07	-4.885736e-06	-8.777938e-09	-3.788340e+01	-5.755791e+02
1.100000e-07	-4.873826e-06	-8.765502e-09	-3.779105e+01	-5.753555e+02
1.200000e-07	-4.860770e-06	-8.741110e-09	-3.768982e+01	-5.752853e+02
1.300000e-07	-4.846897e-06	-8.704372e-09	-3.758225e+01	-5.753545e+02
1.400000e-07	-4.831844e-06	-8.676831e-09	-3.746552e+01	-5.755111e+02
1.500000e-07	-4.815304e-06	-8.701465e-09	-3.733727e+01	-5.756714e+02
1.600000e-07	-4.797675e-06	-8.776356e-09	-3.720058e+01	-5.757348e+02
1.700000e-07	-4.779265e-06	-8.787921e-09	-3.705784e+01	-5.756010e+02
1.800000e-07	-4.759780e-06	-8.776599e-09	-3.690675e+01	-5.751885e+02
1.900000e-07	-4.739366e-06	-8.820511e-09	-3.674846e+01	-5.744497e+02
2.000000e-07	-4.718319e-06	-8.760098e-09	-3.658526e+01	-5.733789e+02
2.100000e-07	-4.696205e-06	-8.719732e-09	-3.641380e+01	-5.720135e+02
2.200000e-07	-4.672872e-06	-8.744612e-09	-3.623288e+01	-5.704255e+02
2.300000e-07	-4.648644e-06	-8.683085e-09	-3.604501e+01	-5.687079e+02
2.400000e-07	-4.623429e-06	-8.681400e-09	-3.584950e+01	-5.669573e+02
2.500000e-07	-4.596970e-06	-8.726390e-09	-3.564434e+01	-5.652566e+02
2.600000e-07	-4.569323e-06	-8.645879e-09	-3.542997e+01	-5.636616e+02
2.700000e-07	-4.540669e-06	-8.628477e-09	-3.520779e+01	-5.621940e+02
2.800000e-07	-4.511138e-06	-8.645584e-09	-3.497881e+01	-5.608408e+02
2.900000e-07	-4.480829e-06	-8.574387e-09	-3.474380e+01	-5.595615e+02
3.000000e-07	-4.449508e-06	-8.553151e-09	-3.450094e+01	-5.582995e+02
3.100000e-07	-4.417180e-06	-8.550343e-09	-3.425027e+01	-5.569953e+02
3.200000e-07	-4.383999e-06	-8.503014e-09	-3.399299e+01	-5.555986e+02
3.300000e-07	-4.349732e-06	-8.493682e-09	-3.372729e+01	-5.540778e+02
3.400000e-07	-4.314324e-06	-8.493176e-09	-3.345274e+01	-5.524225e+02
3.500000e-07	-4.277939e-06	-8.432117e-09	-3.317061e+01	-5.506424e+02
3.600000e-07	-4.240636e-06	-8.397921e-09	-3.288137e+01	-5.487607e+02
3.700000e-07	-4.202403e-06	-8.386489e-09	-3.258492e+01	-5.468058e+02
3.800000e-07	-4.163285e-06	-8.350733e-09	-3.228160e+01	-5.448023e+02
3.900000e-07	-4.123309e-06	-8.328196e-09	-3.197163e+01	-5.427652e+02
4.000000e-07	-4.082575e-06	-8.299477e-09	-3.165579e+01	-5.406959e+02
4.100000e-07	-4.040978e-06	-8.249425e-09	-3.133325e+01	-5.385839e+02
4.200000e-07	-3.998181e-06	-8.215851e-09	-3.100141e+01	-5.364102e+02
4.300000e-07	-3.954228e-06	-8.192929e-09	-3.066059e+01	-5.341541e+02
4.400000e-07	-3.909394e-06	-8.141868e-09	-3.031296e+01	-5.317987e+02
4.500000e-07	-3.863709e-06	-8.097682e-09	-2.995873e+01	-5.293358e+02
4.600000e-07	-3.817183e-06	-8.064558e-09	-2.959797e+01	-5.267683e+02
4.700000e-07	-3.769867e-06	-8.031481e-09	-2.923108e+01	-5.241086e+02
4.800000e-07	-3.721716e-06	-8.000096e-09	-2.885773e+01	-5.213756e+02
4.900000e-07	-3.672699e-06	-7.947301e-09	-2.847766e+01	-5.185891e+02
5.000000e-07	-3.622638e-06	-7.889981e-09	-2.808949e+01	-5.157655e+02
5.100000e-07	-3.571354e-06	-7.853484e-09	-2.769184e+01	-5.129134e+02
5.200000e-07	-3.519063e-06	-7.819138e-09	-2.728639e+01	-5.100325e+02
5.300000e-07	-3.465940e-06	-7.762579e-09	-2.687447e+01	-5.071141e+02
5.400000e-07	-3.412030e-06	-7.710847e-09	-2.645646e+01	-5.041447e+02
5.500000e-07	-3.357462e-06	-7.667035e-09	-2.603335e+01	-5.011095e+02
5.600000e-07	-3.302162e-06	-7.626172e-09	-2.560456e+01	-4.979967e+02
5.700000e-07	-3.246183e-06	-7.582684e-09	-2.517050e+01	-4.948005e+02
5.800000e-07	-3.189660e-06	-7.529311e-09	-2.473223e+01	-4.915218e+02
5.900000e-07	-3.132454e-06	-7.472872e-09	-2.428866e+01	-4.881674e+02
6.000000e-07	-3.074350e-06	-7.422748e-09	-2.383813e+01	-4.847471e+02
6.100000e-07	-3.015339e-06	-7.376081e-09	-2.338057e+01	-4.812704e+02
6.200000e-07	-2.955560e-06	-7.316304e-09	-2.291705e+01	-4.777433e+02
6.300000e-07	-2.895231e-06	-7.256007e-09	-2.244926e+01	-4.741662e+02
6.400000e-07	-2.834371e-06	-7.200443e-09	-2.197736e+01	-4.705333e+02
6.500000e-07	-2.772873e-06	-7.150983e-09	-2.150052e+01	-4.668346e+02
6.600000e-07	-2.710787e-06	-7.096282e-09	-2.101911e+01	-4.630579e+02
6.700000e-07	-2.648168e-06	-7.030803e-09	-2.053357e+01	-4.591920e+02
6.800000e-07	-2.585010e-06	-6.965400e-09	-2.004385e+01	-4.552303e+02
6.900000e-07	-2.521303e-06	-6.904910e-09	-1.954987e+01	-4.511712e+02
7.000000e-07	-2.457121e-06	-6.846219e-09	-1.905221e+01	-4.470190e+02
7.100000e-07	-2.392484e-06	-6.778433e-09	-1.855102e+01	-4.427820e+02
7.200000e-07	-2.327285e-06	-6.707155e-09	-1.804548e+01	-4.384698e+02
7.300000e-07	-2.261436e-06	-6.637727e-09	-1.753490e+01	-4.340905e+02
7.400000e-07	-2.194853e-06	-6.575933e-09	-1.701862e+01	-4.296480e+02
7.500000e-07	-2.127633e-06	-6.511131e-09	-1.649740e+01	-4.251411e+02
7.600000e-07	-2.059908e-06	-6.437338e-09	-1.597227e+01	-4.205637e+02
7.700000e-07	-1.991763e-06	-6.362091e-09	-1.544388e+01	-4.159064e+02
7.800000e-07	-1.923327e-06	-6.289874e-09	-1.491324e+01	-4.111590e+02
7.900000e-07	-1.854609e-06	-6.218560e-09	-1.438041e+01	-4.063136e+02
8.000000e-07	-1.785571e-06	-6.138086e-09	-1.384509e+01	-4.013665e+02
8.100000e-07	-1.716110e-06	-6.055014e-09	-1.330651e+01	-3.963190e+02
8.200000e-07	-1.646256e-06	-5.973375e-09	-1.276486e+01	-3.911770e+02
8.300000e-07	-1.576066e-06	-5.897452e-09	-1.222062e+01	-3.859488e+02
8.400000e-07	-1.505530e-06	-5.822798e-09	-1.167369e+01	-3.806428e+02
8.500000e-07	-1.434685e-06	-5.738050e-09	-1.112437e+01	-3.752645e+02
8.600000e-07	-1.363455e-06	-5.646548e-09	-1.057206e+01	-3.698148e+02
8.700000e-07	-1.291875e-06	-5.559541e-09	-1.001704e+01	-3.642890e+02
8.800000e-07	-1.220045e-06	-5.477080e-09	-9.460080e+00	-3.586778e+02
8.900000e-07	-1.148008e-06	-5.390488e-09	-8.901510e+00	-3.529690e+02
9.000000e-07	-1.075831e-06	-5.299073e-09	-8.341862e+00	-3.471503e+02
9.100000e-07	-1.003503e-06	-5.204564e-09	-7.781038e+00	-3.412118e+02
9.200000e-07	-9.309969e-07	-5.114684e-09	-7.218836e+00	-3.351476e+02
9.300000e-07	-8.583797e-07	-5.021970e-09	-6.655770e+00	-3.289566e+02
9.400000e-07	-7.856494e-07	-4.919795e-09	-6.091829e+00	-3.226418e+02
9.500000e-07	-7.127108e-07	-4.812915e-09	-5.526272e+00	-3.162081e+02
9.600000e-07	-6.396815e-07	-4.710266e-09	-4.960012e+00	-3.096603e+02
9.700000e-07	-5.664946e-07	-4.614235e-09	-4.392529e+00	-3.030009e+02
9.800000e-07	-4.930180e-07	-4.517598e-09	-3.822801e+00	-2.962281e+02
9.900000e-07	-4.193714e-07	-4.411942e-09	-3.251754e+00	-2.893360e+02
1.000000e-06	-3.455797e-07	-4.298368e-09	-2.679583e+00	-2.823153e+02
1.010000e-06	-2.716328e-07	-4.186095e-09	-2.106207e+00	-2.751550e+02
1.020000e-06	-1.976112e-07	-4.072969e-09	-1.532253e+00	-2.678446e+02
1.030000e-06	-1.235781e-07	-3.956698e-09	-9.582094e-01	-2.603759e+02
1.040000e-06	-4.940928e-08	-3.835078e-09	-3.831135e-01	-2.527437e+02
1.050000e-06	2.487379e-08	-3.716322e-09	1.928683e-01	-2.449459e+02
1.060000e-06	9.909399e-08	-3.600977e-09	7.683626e-01	-2.369822e+02
1.070000e-06	1.732540e-07	-3.481369e-09	1.343391e+00	-2.288523e+02
1.080000e-06	2.473956e-07	-3.352421e-09	1.918275e+00	-2.205536e+02
1.090000e-06	3.215173e-07	-3.215306e-09	2.493006e+00	-2.120808e+02
1.100000e-06	3.954786e-07	-3.080134e-09	3.066493e+00	-2.034247e+02
1.110000e-06	4.692840e-07	-2.946331e-09	3.638771e+00	-1.945745e+02
1.120000e-06	5.429254e-07	-2.808203e-09	4.209777e+00	-1.855188e+02
1.130000e-06	6.163213e-07	-2.666179e-09	4.778880e+00	-1.762497e+02
1.140000e-06	6.895168e-07	-2.522015e-09	5.346428e+00	-1.667641e+02
1.150000e-06	7.624877e-07	-2.375601e-09	5.912236e+00	-1.570660e+02
1.160000e-06	8.352842e-07	-2.226664e-09	6.476691e+00	-1.471663e+02
1.170000e-06	9.079208e-07	-2.070738e-09	7.039906e+00	-1.370808e+02
1.180000e-06	9.803969e-07	-1.911013e-09	7.601877e+00	-1.268276e+02
1.190000e-06	1.052756e-06	-1.752912e-09	8.162938e+00	-1.164230e+02
1.200000e-06	1.124955e-06	-1.593376e-09	8.722761e+00	-1.058782e+02
1.210000e-06	1.196964e-06	-1.429981e-09	9.281113e+00	-9.519616e+01
1.220000e-06	1.268752e-06	-1.261500e-09	9.837743e+00	-8.437128e+01
1.230000e-06	1.340223e-06	-1.091387e-09	1.039192e+01	-7.339023e+01
1.240000e-06	1.411388e-06	-9.237403e-10	1.094373e+01	-6.223481e+01
1.250000e-06	1.482194e-06	-7.522451e-10	1.149275e+01	-5.088575e+01
1.260000e-06	1.552632e-06	-5.761297e-10	1.203891e+01	-3.932663e+01
1.270000e-06	1.622790e-06	-3.952823e-10	1.258292e+01	-2.754695e+01
1.280000e-06	1.692608e-06	-2.119646e-10	1.312427e+01	-1.554350e+01
1.290000e-06	1.761931e-06	-2.507137e-11	1.366180e+01	-3.320005e+00
1.300000e-06	1.830801e-06	1.680757e-10	1.419581e+01	9.115203e+00
1.310000e-06	1.899374e-06	3.647045e-10	1.472751e+01	2.175244e+01
1.320000e-06	1.967723e-06	5.614842e-10	1.525748e+01	3.458422e+01
1.330000e-06	2.035837e-06	7.545182e-10	1.578563e+01	4.760796e+01
1.340000e-06	2.103593e-06	9.487241e-10	1.631100e+01	6.082715e+01
1.350000e-06	2.170842e-06	1.151900e-09	1.683244e+01	7.425053e+01
1.360000e-06	2.237416e-06	1.363835e-09	1.734865e+01	8.788941e+01
1.370000e-06	2.303232e-06	1.577254e-09	1.785898e+01	1.017537e+02
1.380000e-06	2.368302e-06	1.792158e-09	1.836352e+01	1.158474e+02
1.390000e-06	2.432870e-06	2.010921e-09	1.886418e+01	1.301649e+02
1.400000e-06	2.497102e-06	2.235796e-09	1.936222e+01	1.446883e+02
1.410000e-06	2.560928e-06	2.461881e-09	1.985712e+01	1.593867e+02
1.420000e-06	2.624251e-06	2.685883e-09	2.034812e+01	1.742176e+02
1.430000e-06	2.686967e-06	2.907923e-09	2.083441e+01	1.891295e+02
1.440000e-06	2.749155e-06	3.134692e-09	2.131661e+01	2.040654e+02
1.450000e-06	2.810771e-06	3.369072e-09	2.179437e+01	2.189664e+02
1.460000e-06	2.871773e-06	3.598707e-09	2.226737e+01	2.337749e+02
1.470000e-06	2.932332e-06	3.819352e-09	2.273694e+01	2.484358e+02
1.480000e-06	2.992460e-06	4.034922e-09	2.320317e+01	2.628983e+02
1.490000e-06	3.051928e-06	4.251948e-09	2.366428e+01	2.771148e+02
1.500000e-06	3.110395e-06	4.466540e-09	2.411762e+01	2.910410e+02
1.510000e-06	3.167731e-06	4.670600e-09	2.456220e+01	3.046355e+02
1.520000e-06	3.224270e-06	4.866466e-09	2.500059e+01	3.178598e+02
1.530000e-06	3.280276e-06	5.059729e-09	2.543485e+01	3.306797e+02
1.540000e-06	3.335704e-06	5.250901e-09	2.586464e+01	3.430662e+02
1.550000e-06	3.390426e-06	5.433359e-09	2.628894e+01	3.549972e+02
1.560000e-06	3.444376e-06	5.602910e-09	2.670727e+01	3.664589e+02
1.570000e-06	3.497580e-06	5.764239e-09	2.711980e+01	3.774459e+02
1.580000e-06	3.549986e-06	5.923168e-09	2.752616e+01	3.879603e+02
1.590000e-06	3.601335e-06	6.080445e-09	2.792431e+01	3.980105e+02
1.600000e-06	3.651490e-06	6.232090e-09	2.831321e+01	4.076080e+02
1.610000e-06	3.700606e-06	6.372992e-09	2.869405e+01	4.167656e+02
1.620000e-06	3.748950e-06	6.504619e-09	2.906890e+01	4.254954e+02
1.630000e-06	3.796628e-06	6.630876e-09	2.943858e+01	4.338080e+02
1.640000e-06	3.843445e-06	6.751159e-09	2.980160e+01	4.417129e+02
1.650000e-06	3.889430e-06	6.861960e-09	3.015816e+01	4.492203e+02
1.660000e-06	3.934590e-06	6.965678e-09	3.050833e+01	4.563431e+02
1.670000e-06	3.979066e-06	7.065901e-09	3.085319e+01	4.630988e+02
1.680000e-06	4.022945e-06	7.162923e-09	3.119342e+01	4.695106e+02
1.690000e-06	4.065789e-06	7.255502e-09	3.152563e+01	4.756069e+02
1.700000e-06	4.107379e-06	7.342224e-09	3.184811e+01	4.814191e+02
1.710000e-06	4.147991e-06	7.425316e-09	3.216301e+01	4.869790e+02
1.720000e-06	4.187850e-06	7.506929e-09	3.247207e+01	4.923141e+02
1.730000e-06	4.226852e-06	7.586941e-09	3.277449e+01	4.974451e+02
1.740000e-06	4.264952e-06	7.664523e-09	3.306991e+01	5.023835e+02
1.750000e-06	4.302123e-06	7.736897e-09	3.335813e+01	5.071315e+02
1.760000e-06	4.338500e-06	7.803006e-09	3.364020e+01	5.116836e+02
1.770000e-06	4.374107e-06	7.864547e-09	3.391629e+01	5.160308e+02
1.780000e-06	4.408532e-06	7.923058e-09	3.418321e+01	5.201642e+02
1.790000e-06	4.441740e-06	7.978637e-09	3.444070e+01	5.240800e+02
1.800000e-06	4.474008e-06	8.033434e-09	3.469091e+01	5.277815e+02
1.810000e-06	4.505327e-06	8.088602e-09	3.493375e+01	5.312803e+02
1.820000e-06	4.535684e-06	8.142439e-09	3.516914e+01	5.345947e+02
1.830000e-06	4.565131e-06	8.194898e-09	3.539747e+01	5.377463e+02
1.840000e-06	4.593705e-06	8.241983e-09	3.561903e+01	5.407557e+02
1.850000e-06	4.621445e-06	8.284378e-09	3.583412e+01	5.436382e+02
1.860000e-06	4.648032e-06	8.323199e-09	3.604027e+01	5.464010e+02
1.870000e-06	4.673239e-06	8.359057e-09	3.623572e+01	5.490428e+02
1.880000e-06	4.697329e-06	8.394368e-09	3.642251e+01	5.515556e+02
1.890000e-06	4.720404e-06	8.430552e-09	3.660143e+01	5.539278e+02
1.900000e-06	4.742514e-06	8.466386e-09	3.677287e+01	5.561499e+02
1.910000e-06	4.763753e-06	8.500780e-09	3.693755e+01	5.582178e+02
1.920000e-06	4.784119e-06	8.535133e-09	3.709547e+01	5.601366e+02
1.930000e-06	4.803514e-06	8.565385e-09	3.724585e+01	5.619200e+02
1.940000e-06	4.821694e-06	8.586383e-09	3.738682e+01	5.635885e+02
1.950000e-06	4.838731e-06	8.602464e-09	3.751893e+01	5.651650e+02
1.960000e-06	4.854751e-06	8.622514e-09	3.764314e+01	5.666691e+02
1.970000e-06	4.869640e-06	8.646703e-09	3.775859e+01	5.681120e+02
1.980000e-06	4.883400e-06	8.672631e-09	3.786528e+01	5.694944e+02
1.990000e-06	4.896095e-06	8.698015e-09	3.796372e+01	5.708054e+02
2.000000e-06	4.907625e-06	8.722095e-09	3.805312e+01	5.720263e+02
2.010000e-06	4.917735e-06	8.743362e-09	3.813151e+01	5.731360e+02
2.020000e-06	4.926530e-06	8.759233e-09	3.819971e+01	5.741172e+02
2.030000e-06	4.934368e-06	8.769021e-09	3.826048e+01	5.749630e+02
2.040000e-06	4.941194e-06	8.776289e-09	3.831341e+01	5.756799e+02
2.050000e-06	4.946950e-06	8.785909e-09	3.835804e+01	5.762880e+02
2.060000e-06	4.951829e-06	8.800781e-09	3.839588e+01	5.768172e+02
2.070000e-06	4.955765e-06	8.818421e-09	3.842639e+01	5.773003e+02
2.080000e-06	4.958477e-06	8.832772e-09	3.844742e+01	5.777643e+02
2.090000e-06	4.959852e-06	8.842383e-09	3.845809e+01	5.782232e+02
2.100000e-06	4.960099e-06	8.849047e-09	3.846000e+01	5.786727e+02
2.110000e-06	4.959411e-06	8.854331e-09	3.845466e+01	5.790900e+02
2.120000e-06	4.957722e-06	8.856478e-09	3.844157e+01	5.794385e+02
2.130000e-06	4.955066e-06	8.856237e-09	3.842098e+01	5.796763e+02
2.140000e-06	4.951548e-06	8.859620e-09	3.839369e+01	5.797675e+02
2.150000e-06	4.947033e-06	8.863857e-09	3.835869e+01	5.796932e+02
2.160000e-06	4.941234e-06	8.866050e-09	3.831372e+01	5.794590e+02
2.170000e-06	4.934244e-06	8.865411e-09	3.825952e+01	5.790985e+02
2.180000e-06	4.926332e-06	8.849420e-09	3.819818e+01	5.786685e+02
2.190000e-06	4.917366e-06	8.840168e-09	3.812865e+01	5.782400e+02
2.200000e-06	4.906852e-06	8.817533e-09	3.804713e+01	5.778838e+02
2.210000e-06	4.894444e-06	8.819986e-09	3.795092e+01	5.776548e+02
2.220000e-06	4.880653e-06	8.835684e-09	3.784398e+01	5.775788e+02
2.230000e-06	4.866473e-06	8.820902e-09	3.773404e+01	5.776439e+02
2.240000e-06	4.851739e-06	8.866744e-09	3.761979e+01	5.777997e+02
2.250000e-06	4.835555e-06	8.859633e-09	3.749430e+01	5.779641e+02
2.260000e-06	4.818215e-06	8.829469e-09	3.735985e+01	5.780367e+02
2.270000e-06	4.800306e-06	8.821012e-09	3.722098e+01	5.779168e+02
2.280000e-06	4.781385e-06	8.783420e-09	3.707427e+01	5.775216e+02
2.290000e-06	4.761219e-06	8.813522e-09	3.691791e+01	5.768014e+02
2.300000e-06	4.740134e-06	8.780589e-09	3.675442e+01	5.757486e+02
2.310000e-06	4.717923e-06	8.685343e-09	3.658220e+01	5.743984e+02
2.320000e-06	4.694470e-06	8.711345e-09	3.640034e+01	5.728213e+02
2.330000e-06	4.670094e-06	8.687435e-09	3.621134e+01	5.711097e+02
2.340000e-06	4.644627e-06	8.560801e-09	3.601387e+01	5.693605e+02
2.350000e-06	4.617957e-06	8.572686e-09	3.580707e+01	5.676575e+02
2.360000e-06	4.590385e-06	8.608679e-09	3.559328e+01	5.660584e+02
2.370000e-06	4.561767e-06	8.531621e-09	3.537138e+01	5.645863e+02
2.380000e-06	4.532043e-06	8.534352e-09	3.514090e+01	5.632300e+02
2.390000e-06	4.501327e-06	8.562371e-09	3.490274e+01	5.619502e+02
2.400000e-06	4.469488e-06	8.469194e-09	3.465586e+01	5.606907e+02
2.410000e-06	4.436717e-06	8.457862e-09	3.440176e+01	5.593917e+02
2.420000e-06	4.403205e-06	8.463422e-09	3.414191e+01	5.580025e+02
2.430000e-06	4.368709e-06	8.397080e-09	3.387443e+01	5.564902e+02
2.440000e-06	4.333288e-06	8.406741e-09	3.359978e+01	5.548435e+02
2.450000e-06	4.297068e-06	8.395875e-09	3.331894e+01	5.530710e+02
2.460000e-06	4.259720e-06	8.354233e-09	3.302935e+01	5.511956e+02
2.470000e-06	4.221161e-06	8.342143e-09	3.273036e+01	5.492456e+02
2.480000e-06	4.181611e-06	8.298829e-09	3.242369e+01	5.472460e+02
2.490000e-06	4.141221e-06	8.254046e-09	3.211052e+01	5.452122e+02
2.500000e-06	4.099960e-06	8.229649e-09	3.179058e+01	5.431466e+02
2.510000e-06	4.057835e-06	8.198357e-09	3.146395e+01	5.410390e+02
2.520000e-06	4.014892e-06	8.168291e-09	3.113098e+01	5.388709e+02
2.530000e-06	3.971223e-06	8.128693e-09	3.079237e+01	5.366212e+02
2.540000e-06	3.926824e-06	8.107648e-09	3.044811e+01	5.342729e+02
2.550000e-06	3.881500e-06	8.074127e-09	3.009667e+01	5.318173e+02
2.560000e-06	3.835181e-06	8.026026e-09	2.973752e+01	5.292567e+02
2.570000e-06	3.788068e-06	7.988923e-09	2.937221e+01	5.266031e+02
2.580000e-06	3.740082e-06	7.933627e-09	2.900013e+01	5.238751e+02
2.590000e-06	3.691133e-06	7.907371e-09	2.862059e+01	5.210928e+02
2.600000e-06	3.641397e-06	7.867510e-09	2.823494e+01	5.182726e+02
2.610000e-06	3.590809e-06	7.810244e-09	2.784269e+01	5.154238e+02
2.620000e-06	3.539346e-06	7.781796e-09	2.744365e+01	5.125463e+02
2.630000e-06	3.486965e-06	7.736644e-09	2.703750e+01	5.096320e+02
2.640000e-06	3.433513e-06	7.696569e-09	2.662304e+01	5.066674e+02
2.650000e-06	3.378995e-06	7.653004e-09	2.620031e+01	5.036376e+02
2.660000e-06	3.323696e-06	7.596322e-09	2.577153e+01	5.005308e+02
2.670000e-06	3.267843e-06	7.549688e-09	2.533845e+01	4.973407e+02
2.680000e-06	3.211313e-06	7.501790e-09	2.490013e+01	4.940679e+02
2.690000e-06	3.154059e-06	7.456013e-09	2.445619e+01	4.907189e+02
2.700000e-06	3.096181e-06	7.402960e-09	2.400741e+01	4.873036e+02
2.710000e-06	3.037644e-06	7.351367e-09	2.355352e+01	4.838314e+02
2.720000e-06	2.978494e-06	7.302164e-09	2.309488e+01	4.803086e+02
2.730000e-06	2.918878e-06	7.248869e-09	2.263262e+01	4.767360e+02
2.740000e-06	2.858682e-06	7.198711e-09	2.216587e+01	4.731080e+02
2.750000e-06	2.797658e-06	7.139432e-09	2.169270e+01	4.694148e+02
2.760000e-06	2.735804e-06	7.080741e-09	2.121309e+01	4.656441e+02
2.770000e-06	2.673195e-06	7.025410e-09	2.072762e+01	4.617848e+02
2.780000e-06	2.609966e-06	6.965874e-09	2.023735e+01	4.578298e+02
2.790000e-06	2.546250e-06	6.907993e-09	1.974331e+01	4.537774e+02
2.800000e-06	2.482061e-06	6.841037e-09	1.924560e+01	4.496316e+02
2.810000e-06	2.417312e-06	6.777859e-09	1.874354e+01	4.454005e+02
2.820000e-06	2.351973e-06	6.718520e-09	1.823691e+01	4.410937e+02
2.830000e-06	2.286185e-06	6.657868e-09	1.772679e+01	4.367195e+02
2.840000e-06	2.219963e-06	6.594962e-09	1.721332e+01	4.322820e+02
2.850000e-06	2.153225e-06	6.523081e-09	1.669584e+01	4.277804e+02
2.860000e-06	2.086008e-06	6.451225e-09	1.617465e+01	4.232086e+02
2.870000e-06	2.018450e-06	6.375690e-09	1.565082e+01	4.185573e+02
2.880000e-06	1.950571e-06	6.303316e-09	1.512449e+01	4.138166e+02
2.890000e-06	1.882304e-06	6.229377e-09	1.459516e+01	4.089781e+02
2.900000e-06	1.813461e-06	6.156470e-09	1.406135e+01	4.040380e+02
2.910000e-06	1.743957e-06	6.088866e-09	1.352243e+01	3.989973e+02
2.920000e-06	1.673864e-06	6.017765e-09	1.297893e+01	3.938617e+02
2.930000e-06	1.603226e-06	5.943881e-09	1.243122e+01	3.886395e+02
2.940000e-06	1.532267e-06	5.861808e-09	1.188101e+01	3.833391e+02
2.950000e-06	1.461071e-06	5.776022e-09	1.132896e+01	3.779663e+02
2.960000e-06	1.389654e-06	5.689800e-09	1.077520e+01	3.725220e+02
2.970000e-06	1.318087e-06	5.603716e-09	1.022029e+01	3.670021e+02
2.980000e-06	1.246311e-06	5.519757e-09	9.663743e+00	3.613973e+02
2.990000e-06	1.174248e-06	5.434307e-09	9.104974e+00	3.556956e+02
3.000000e-06	1.101993e-06	5.350884e-09	8.544715e+00	3.498846e+02
3.010000e-06	1.029605e-06	5.267214e-09	7.983428e+00	3.439541e+02
3.020000e-06	9.569839e-07	5.177888e-09	7.420336e+00	3.378981e+02
3.030000e-06	8.841050e-07	5.081229e-09	6.855242e+00	3.317153e+02
3.040000e-06	8.110114e-07	4.979586e-09	6.288483e+00	3.254085e+02
3.050000e-06	7.377410e-07	4.878610e-09	5.720353e+00	3.189825e+02
3.060000e-06	6.643245e-07	4.777886e-09	5.151091e+00	3.124422e+02
3.070000e-06	5.908103e-07	4.679334e-09	4.581070e+00	3.057902e+02
3.080000e-06	5.171939e-07	4.579393e-09	4.010258e+00	2.990251e+02
3.090000e-06	4.434548e-07	4.477506e-09	3.438494e+00	2.921410e+02
3.100000e-06	3.696069e-07	4.374951e-09	2.865886e+00	2.851289e+02
3.110000e-06	2.956840e-07	4.266481e-09	2.292698e+00	2.779778e+02
3.120000e-06	2.217493e-07	4.150784e-09	1.719417e+00	2.706770e+02
3.130000e-06	1.477746e-07	4.032208e-09	1.145826e+00	2.632182e+02
3.140000e-06	7.377026e-08	3.913820e-09	5.720055e-01	2.555962e+02
3.150000e-06	-2.015737e-10	3.797666e-09	-1.562978e-03	2.478085e+02
3.160000e-06	-7.420777e-08	3.681530e-09	-5.753979e-01	2.398550e+02
3.170000e-06	-1.482391e-07	3.559731e-09	-1.149428e+00	2.317353e+02
3.180000e-06	-2.221923e-07	3.432544e-09	-1.722852e+00	2.234471e+02
3.190000e-06	-2.960364e-07	3.302730e-09	-2.295430e+00	2.149850e+02
3.200000e-06	-3.697910e-07	3.172564e-09	-2.867314e+00	2.063403e+02
3.210000e-06	-4.434726e-07	3.038353e-09	-3.438632e+00	1.975019e+02
3.220000e-06	-5.170511e-07	2.897564e-09	-4.009151e+00	1.884586e+02
3.230000e-06	-5.905988e-07	2.753507e-09	-4.579430e+00	1.792022e+02
3.240000e-06	-6.640761e-07	2.611065e-09	-5.149165e+00	1.697293e+02
3.250000e-06	-7.373676e-07	2.468128e-09	-5.717458e+00	1.600435e+02
3.260000e-06	-8.104831e-07	2.319057e-09	-6.284387e+00	1.501553e+02
3.270000e-06	-8.833861e-07	2.164128e-09	-6.849667e+00	1.400806e+02
3.280000e-06	-9.560252e-07	2.008356e-09	-7.412902e+00	1.298372e+02
3.290000e-06	-1.028464e-06	1.852963e-09	-7.974584e+00	1.194418e+02
3.300000e-06	-1.100769e-06	1.692885e-09	-8.535227e+00	1.089058e+02
3.310000e-06	-1.172799e-06	1.528517e-09	-9.093739e+00	9.823253e+01
3.320000e-06	-1.244547e-06	1.361293e-09	-9.650063e+00	8.741693e+01
3.330000e-06	-1.316104e-06	1.194153e-09	-1.020491e+01	7.644598e+01
3.340000e-06	-1.387474e-06	1.025530e-09	-1.075831e+01	6.530162e+01
3.350000e-06	-1.458651e-06	8.537252e-10	-1.131020e+01	5.396456e+01
3.360000e-06	-1.529585e-06	6.801634e-10	-1.186022e+01	4.241814e+01
3.370000e-06	-1.600169e-06	5.028089e-10	-1.240752e+01	3.065150e+01
3.380000e-06	-1.670251e-06	3.218510e-10	-1.295092e+01	1.866109e+01
3.390000e-06	-1.739758e-06	1.385916e-10	-1.348987e+01	6.450310e+00
3.400000e-06	-1.808642e-06	-4.752997e-11	-1.402399e+01	-5.972662e+00
3.410000e-06	-1.876884e-06	-2.395812e-10	-1.455313e+01	-1.859812e+01
3.420000e-06	-1.944660e-06	-4.371837e-10	-1.507865e+01	-3.141840e+01
3.430000e-06	-2.012157e-06	-6.360094e-10	-1.560202e+01	-4.443063e+01
3.440000e-06	-2.079365e-06	-8.361154e-10	-1.612314e+01	-5.763799e+01
3.450000e-06	-2.146211e-06	-1.041741e-09	-1.664146e+01	-7.104902e+01
3.460000e-06	-2.212630e-06	-1.251798e-09	-1.715646e+01	-8.467497e+01
3.470000e-06	-2.278552e-06	-1.462756e-09	-1.766761e+01	-9.852593e+01
3.480000e-06	-2.344035e-06	-1.675443e-09	-1.817536e+01	-1.126063e+02
3.490000e-06	-2.409026e-06	-1.893126e-09	-1.867929e+01	-1.269111e+02
3.500000e-06	-2.473447e-06	-2.114991e-09	-1.917880e+01	-1.414229e+02
3.510000e-06	-2.537356e-06	-2.339590e-09	-1.967435e+01	-1.561116e+02
3.520000e-06	-2.600792e-06	-2.566960e-09	-2.016622e+01	-1.709352e+02
3.530000e-06	-2.663789e-06	-2.795841e-09	-2.065470e+01	-1.858425e+02
3.540000e-06	-2.726318e-06	-3.022623e-09	-2.113953e+01	-2.007767e+02
3.550000e-06	-2.788079e-06	-3.246361e-09	-2.161842e+01	-2.156790e+02
3.560000e-06	-2.848841e-06	-3.468307e-09	-2.208956e+01	-2.304915e+02
3.570000e-06	-2.908746e-06	-3.691903e-09	-2.255406e+01	-2.451592e+02
3.580000e-06	-2.968132e-06	-3.918768e-09	-2.301453e+01	-2.596308e+02
3.590000e-06	-3.027068e-06	-4.141720e-09	-2.347151e+01	-2.738588e+02
3.600000e-06	-3.085298e-06	-4.356482e-09	-2.392302e+01	-2.877986e+02
3.610000e-06	-3.142843e-06	-4.564135e-09	-2.436922e+01	-3.014088e+02
3.620000e-06	-3.199694e-06	-4.768578e-09	-2.481004e+01	-3.146506e+02
3.630000e-06	-3.255761e-06	-4.965849e-09	-2.524477e+01	-3.274896e+02
3.640000e-06	-3.311229e-06	-5.155898e-09	-2.567486e+01	-3.398964e+02
3.650000e-06	-3.366080e-06	-5.341141e-09	-2.610017e+01	-3.518487e+02
3.660000e-06	-3.420103e-06	-5.521906e-09	-2.651906e+01	-3.633322e+02
3.670000e-06	-3.473004e-06	-5.695564e-09	-2.692924e+01	-3.743410e+02
3.680000e-06	-3.524856e-06	-5.857243e-09	-2.733130e+01	-3.848771e+02
3.690000e-06	-3.575976e-06	-6.009019e-09	-2.772768e+01	-3.949483e+02
3.700000e-06	-3.626257e-06	-6.153649e-09	-2.811755e+01	-4.045662e+02
3.710000e-06	-3.675740e-06	-6.295191e-09	-2.850123e+01	-4.137437e+02
3.720000e-06	-3.724351e-06	-6.431528e-09	-2.887816e+01	-4.224927e+02
3.730000e-06	-3.771697e-06	-6.562777e-09	-2.924528e+01	-4.308240e+02
3.740000e-06	-3.817950e-06	-6.686218e-09	-2.960391e+01	-4.387472e+02
3.750000e-06	-3.863511e-06	-6.803852e-09	-2.995719e+01	-4.462723e+02
3.760000e-06	-3.908247e-06	-6.912505e-09	-3.030407e+01	-4.534121e+02
3.770000e-06	-3.952196e-06	-7.015416e-09	-3.064484e+01	-4.601838e+02
3.780000e-06	-3.995606e-06	-7.115855e-09	-3.098144e+01	-4.666103e+02
3.790000e-06	-4.038349e-06	-7.212617e-09	-3.131287e+01	-4.727197e+02
3.800000e-06	-4.080257e-06	-7.306716e-09	-3.163781e+01	-4.785435e+02
3.810000e-06	-4.121262e-06	-7.394816e-09	-3.195576e+01	-4.841134e+02
3.820000e-06	-4.161373e-06	-7.478431e-09	-3.226678e+01	-4.894573e+02
3.830000e-06	-4.200773e-06	-7.553383e-09	-3.257228e+01	-4.945963e+02
3.840000e-06	-4.239363e-06	-7.623739e-09	-3.287150e+01	-4.995423e+02
3.850000e-06	-4.276700e-06	-7.694810e-09	-3.316101e+01	-5.042980e+02
3.860000e-06	-4.312799e-06	-7.769650e-09	-3.344092e+01	-5.088582e+02
3.870000e-06	-4.348103e-06	-7.841546e-09	-3.371466e+01	-5.132140e+02
3.880000e-06	-4.382675e-06	-7.905784e-09	-3.398272e+01	-5.173564e+02
3.890000e-06	-4.416242e-06	-7.963111e-09	-3.424299e+01	-5.212812e+02
3.900000e-06	-4.448806e-06	-8.019074e-09	-3.449549e+01	-5.249913e+02
3.910000e-06	-4.480485e-06	-8.074600e-09	-3.474113e+01	-5.284979e+02
3.920000e-06	-4.511213e-06	-8.125822e-09	-3.497939e+01	-5.318192e+02
3.930000e-06	-4.540599e-06	-8.173452e-09	-3.520725e+01	-5.349765e+02
3.940000e-06	-4.568707e-06	-8.220573e-09	-3.542519e+01	-5.379907e+02
3.950000e-06	-4.595989e-06	-8.268229e-09	-3.563673e+01	-5.408774e+02
3.960000e-06	-4.622362e-06	-8.310558e-09	-3.584123e+01	-5.436443e+02
3.970000e-06	-4.647666e-06	-8.347025e-09	-3.603743e+01	-5.462905e+02
3.980000e-06	-4.671958e-06	-8.378874e-09	-3.622579e+01	-5.488080e+02
3.990000e-06	-4.695416e-06	-8.413520e-09	-3.640768e+01	-5.511857e+02
4.000000e-06	-4.717995e-06	-8.448926e-09	-3.658275e+01	-5.534135e+02
4.010000e-06	-4.739252e-06	-8.482069e-09	-3.674757e+01	-5.554873e+02
4.020000e-06	-4.759214e-06	-8.510059e-09	-3.690236e+01	-5.574113e+02
4.030000e-06	-4.778311e-06	-8.534631e-09	-3.705043e+01	-5.591991e+02
4.040000e-06	-4.796476e-06	-8.561239e-09	-3.719128e+01	-5.608710e+02
4.050000e-06	-4.813583e-06	-8.586400e-09	-3.732393e+01	-5.624497e+02
4.060000e-06	-4.829754e-06	-8.607393e-09	-3.744932e+01	-5.639551e+02
4.070000e-06	-4.845112e-06	-8.622565e-09	-3.756841e+01	-5.653992e+02
4.080000e-06	-4.859246e-06	-8.639584e-09	-3.767800e+01	-5.667828e+02
4.090000e-06	-4.871839e-06	-8.659823e-09	-3.777564e+01	-5.680959e+02
4.100000e-06	-4.883187e-06	-8.678332e-09	-3.786363e+01	-5.693200e+02
4.110000e-06	-4.893400e-06	-8.691955e-09	-3.794282e+01	-5.704338e+02
4.120000e-06	-4.902518e-06	-8.703850e-09	-3.801352e+01	-5.714198e+02
4.130000e-06	-4.910654e-06	-8.716588e-09	-3.807661e+01	-5.722705e+02
4.140000e-06	-4.917889e-06	-8.727681e-09	-3.813271e+01	-5.729915e+02
4.150000e-06	-4.923961e-06	-8.732816e-09	-3.817979e+01	-5.736025e+02
4.160000e-06	-4.928675e-06	-8.733152e-09	-3.821634e+01	-5.741330e+02
4.170000e-06	-4.932273e-06	-8.735361e-09	-3.824424e+01	-5.746158e+02
4.180000e-06	-4.934917e-06	-8.740338e-09	-3.826474e+01	-5.750784e+02
4.190000e-06	-4.936628e-06	-8.748911e-09	-3.827800e+01	-5.755356e+02
4.200000e-06	-4.937266e-06	-8.754852e-09	-3.828295e+01	-5.759841e+02
