# Temperatura_=_23.06
# Concentracion g/m^3_=_18600.0
# C_Vs_to_Am_M_A/Vsm_=_65563218390.804596
# pendiente_HvsI_1/m_=_3716.3
# ordenada_HvsI_A/m_=_1297.0
# frecuencia_Hz_=_238087.97324046236

Tiempo_(s)	Campo_(V.s)	Magnetizacion_(V.s)	Campo_(kA/m)	Magnetizacion_(A/m)
0.000000e+00	-4.932399e-06	-8.332377e-09	-3.828696e+01	-5.474040e+02
1.000000e-08	-4.932203e-06	-8.336787e-09	-3.828544e+01	-5.478910e+02
2.000000e-08	-4.931118e-06	-8.336703e-09	-3.827702e+01	-5.483447e+02
3.000000e-08	-4.928773e-06	-8.339120e-09	-3.825881e+01	-5.487135e+02
4.000000e-08	-4.925072e-06	-8.340984e-09	-3.823009e+01	-5.489420e+02
5.000000e-08	-4.920441e-06	-8.338901e-09	-3.819414e+01	-5.489859e+02
6.000000e-08	-4.914924e-06	-8.333448e-09	-3.815131e+01	-5.488255e+02
7.000000e-08	-4.908392e-06	-8.326704e-09	-3.810061e+01	-5.484763e+02
8.000000e-08	-4.900821e-06	-8.318408e-09	-3.804184e+01	-5.479921e+02
9.000000e-08	-4.892215e-06	-8.334948e-09	-3.797504e+01	-5.474597e+02
1.000000e-07	-4.882191e-06	-8.389415e-09	-3.789723e+01	-5.469861e+02
1.100000e-07	-4.870388e-06	-8.382985e-09	-3.780561e+01	-5.466802e+02
1.200000e-07	-4.857359e-06	-8.300339e-09	-3.770448e+01	-5.466321e+02
1.300000e-07	-4.843593e-06	-8.234806e-09	-3.759762e+01	-5.468946e+02
1.400000e-07	-4.828761e-06	-8.378017e-09	-3.748248e+01	-5.474703e+02
1.500000e-07	-4.812278e-06	-8.370012e-09	-3.735454e+01	-5.483085e+02
1.600000e-07	-4.794642e-06	-8.179205e-09	-3.721765e+01	-5.493114e+02
1.700000e-07	-4.776368e-06	-8.407995e-09	-3.707579e+01	-5.503484e+02
1.800000e-07	-4.756867e-06	-8.602949e-09	-3.692442e+01	-5.512781e+02
1.900000e-07	-4.736430e-06	-8.506093e-09	-3.676579e+01	-5.519706e+02
2.000000e-07	-4.715549e-06	-8.508792e-09	-3.660370e+01	-5.523283e+02
2.100000e-07	-4.693543e-06	-8.570364e-09	-3.643288e+01	-5.522991e+02
2.200000e-07	-4.670185e-06	-8.465500e-09	-3.625157e+01	-5.518822e+02
2.300000e-07	-4.645993e-06	-8.384736e-09	-3.606378e+01	-5.511232e+02
2.400000e-07	-4.621007e-06	-8.507758e-09	-3.586983e+01	-5.501014e+02
2.500000e-07	-4.594807e-06	-8.477465e-09	-3.566646e+01	-5.489124e+02
2.600000e-07	-4.567279e-06	-8.353526e-09	-3.545278e+01	-5.476493e+02
2.700000e-07	-4.538699e-06	-8.416680e-09	-3.523092e+01	-5.463859e+02
2.800000e-07	-4.509248e-06	-8.394749e-09	-3.500232e+01	-5.451665e+02
2.900000e-07	-4.478939e-06	-8.334045e-09	-3.476705e+01	-5.440025e+02
3.000000e-07	-4.447642e-06	-8.359068e-09	-3.452411e+01	-5.428760e+02
3.100000e-07	-4.415466e-06	-8.314292e-09	-3.427435e+01	-5.417490e+02
3.200000e-07	-4.382554e-06	-8.303832e-09	-3.401888e+01	-5.405761e+02
3.300000e-07	-4.348479e-06	-8.290577e-09	-3.375437e+01	-5.393153e+02
3.400000e-07	-4.313120e-06	-8.278062e-09	-3.347991e+01	-5.379380e+02
3.500000e-07	-4.276823e-06	-8.254504e-09	-3.319816e+01	-5.364324e+02
3.600000e-07	-4.239613e-06	-8.178267e-09	-3.290932e+01	-5.348032e+02
3.700000e-07	-4.201533e-06	-8.171136e-09	-3.261373e+01	-5.330664e+02
3.800000e-07	-4.162574e-06	-8.185677e-09	-3.231131e+01	-5.312418e+02
3.900000e-07	-4.122674e-06	-8.149807e-09	-3.200160e+01	-5.293462e+02
4.000000e-07	-4.082059e-06	-8.108074e-09	-3.168633e+01	-5.273871e+02
4.100000e-07	-4.040616e-06	-8.074776e-09	-3.136463e+01	-5.253614e+02
4.200000e-07	-3.997897e-06	-8.031018e-09	-3.103304e+01	-5.232563e+02
4.300000e-07	-3.953989e-06	-8.002930e-09	-3.069221e+01	-5.210545e+02
4.400000e-07	-3.909280e-06	-7.959611e-09	-3.034516e+01	-5.187395e+02
4.500000e-07	-3.863788e-06	-7.910586e-09	-2.999204e+01	-5.163022e+02
4.600000e-07	-3.817404e-06	-7.872786e-09	-2.963199e+01	-5.137445e+02
4.700000e-07	-3.770144e-06	-7.863578e-09	-2.926514e+01	-5.110796e+02
4.800000e-07	-3.722087e-06	-7.833324e-09	-2.889210e+01	-5.083305e+02
4.900000e-07	-3.673275e-06	-7.758347e-09	-2.851321e+01	-5.055243e+02
5.000000e-07	-3.623320e-06	-7.704879e-09	-2.812544e+01	-5.026862e+02
5.100000e-07	-3.572060e-06	-7.661522e-09	-2.772755e+01	-4.998338e+02
5.200000e-07	-3.519911e-06	-7.635280e-09	-2.732274e+01	-4.969732e+02
5.300000e-07	-3.466966e-06	-7.589735e-09	-2.691177e+01	-4.940978e+02
5.400000e-07	-3.413132e-06	-7.531189e-09	-2.649390e+01	-4.911906e+02
5.500000e-07	-3.358602e-06	-7.487537e-09	-2.607062e+01	-4.882286e+02
5.600000e-07	-3.303359e-06	-7.452466e-09	-2.564180e+01	-4.851887e+02
5.700000e-07	-3.247420e-06	-7.409653e-09	-2.520758e+01	-4.820531e+02
5.800000e-07	-3.191032e-06	-7.346031e-09	-2.476988e+01	-4.788132e+02
5.900000e-07	-3.134008e-06	-7.280623e-09	-2.432724e+01	-4.754712e+02
6.000000e-07	-3.076000e-06	-7.232423e-09	-2.387696e+01	-4.720384e+02
6.100000e-07	-3.017044e-06	-7.198967e-09	-2.341932e+01	-4.685319e+02
6.200000e-07	-2.957328e-06	-7.144928e-09	-2.295579e+01	-4.649695e+02
6.300000e-07	-2.897063e-06	-7.077118e-09	-2.248799e+01	-4.613650e+02
6.400000e-07	-2.836361e-06	-7.013610e-09	-2.201680e+01	-4.577251e+02
6.500000e-07	-2.774985e-06	-6.967775e-09	-2.154038e+01	-4.540476e+02
6.600000e-07	-2.712976e-06	-6.918133e-09	-2.105904e+01	-4.503224e+02
6.700000e-07	-2.650556e-06	-6.853718e-09	-2.057451e+01	-4.465350e+02
6.800000e-07	-2.587508e-06	-6.788750e-09	-2.008512e+01	-4.426696e+02
6.900000e-07	-2.523776e-06	-6.731786e-09	-1.959041e+01	-4.387137e+02
7.000000e-07	-2.459623e-06	-6.681514e-09	-1.909243e+01	-4.346603e+02
7.100000e-07	-2.395135e-06	-6.614255e-09	-1.859185e+01	-4.305095e+02
7.200000e-07	-2.330182e-06	-6.536538e-09	-1.808767e+01	-4.262671e+02
7.300000e-07	-2.264536e-06	-6.459459e-09	-1.757810e+01	-4.219425e+02
7.400000e-07	-2.198122e-06	-6.398444e-09	-1.706257e+01	-4.175454e+02
7.500000e-07	-2.131031e-06	-6.341053e-09	-1.654178e+01	-4.130830e+02
7.600000e-07	-2.063401e-06	-6.270569e-09	-1.601682e+01	-4.085575e+02
7.700000e-07	-1.995348e-06	-6.193250e-09	-1.548857e+01	-4.039664e+02
7.800000e-07	-1.927037e-06	-6.120906e-09	-1.495832e+01	-3.993027e+02
7.900000e-07	-1.858468e-06	-6.055166e-09	-1.442606e+01	-3.945578e+02
8.000000e-07	-1.789532e-06	-5.978320e-09	-1.389096e+01	-3.897240e+02
8.100000e-07	-1.720175e-06	-5.894055e-09	-1.335258e+01	-3.847968e+02
8.200000e-07	-1.650473e-06	-5.808840e-09	-1.281153e+01	-3.797764e+02
8.300000e-07	-1.580406e-06	-5.734746e-09	-1.226765e+01	-3.746672e+02
8.400000e-07	-1.509911e-06	-5.664996e-09	-1.172044e+01	-3.694770e+02
8.500000e-07	-1.439107e-06	-5.582205e-09	-1.117084e+01	-3.642139e+02
8.600000e-07	-1.367978e-06	-5.489330e-09	-1.061871e+01	-3.588840e+02
8.700000e-07	-1.296507e-06	-5.402776e-09	-1.006393e+01	-3.534895e+02
8.800000e-07	-1.224775e-06	-5.325891e-09	-9.507120e+00	-3.480272e+02
8.900000e-07	-1.152786e-06	-5.244381e-09	-8.948315e+00	-3.424892e+02
9.000000e-07	-1.080641e-06	-5.153458e-09	-8.388304e+00	-3.368645e+02
9.100000e-07	-1.008403e-06	-5.055037e-09	-7.827565e+00	-3.311412e+02
9.200000e-07	-9.360176e-07	-4.965857e-09	-7.265687e+00	-3.253092e+02
9.300000e-07	-8.634867e-07	-4.880805e-09	-6.702677e+00	-3.193619e+02
9.400000e-07	-7.907728e-07	-4.785067e-09	-6.138248e+00	-3.132971e+02
9.500000e-07	-7.179102e-07	-4.680347e-09	-5.572663e+00	-3.071165e+02
9.600000e-07	-6.448934e-07	-4.579732e-09	-5.005882e+00	-3.008242e+02
9.700000e-07	-5.717304e-07	-4.488045e-09	-4.437966e+00	-2.944243e+02
9.800000e-07	-4.984241e-07	-4.395149e-09	-3.868937e+00	-2.879190e+02
9.900000e-07	-4.249311e-07	-4.293351e-09	-3.298460e+00	-2.813069e+02
1.000000e-06	-3.512047e-07	-4.182282e-09	-2.726171e+00	-2.745828e+02
1.010000e-06	-2.773667e-07	-4.074051e-09	-2.153015e+00	-2.677381e+02
1.020000e-06	-2.035166e-07	-3.965990e-09	-1.579765e+00	-2.607629e+02
1.030000e-06	-1.295503e-07	-3.854323e-09	-1.005614e+00	-2.536474e+02
1.040000e-06	-5.545133e-08	-3.739081e-09	-4.304321e-01	-2.463840e+02
1.050000e-06	1.868766e-08	-3.625180e-09	1.450600e-01	-2.389681e+02
1.060000e-06	9.277292e-08	-3.516403e-09	7.201350e-01	-2.313983e+02
1.070000e-06	1.668261e-07	-3.403635e-09	1.294961e+00	-2.236749e+02
1.080000e-06	2.408350e-07	-3.281815e-09	1.869443e+00	-2.157983e+02
1.090000e-06	3.147810e-07	-3.149516e-09	2.443437e+00	-2.077675e+02
1.100000e-06	3.886498e-07	-3.020691e-09	3.016832e+00	-1.995784e+02
1.110000e-06	4.623464e-07	-2.899501e-09	3.588890e+00	-1.912241e+02
1.120000e-06	5.358637e-07	-2.772605e-09	4.159557e+00	-1.826954e+02
1.130000e-06	6.093150e-07	-2.635953e-09	4.729711e+00	-1.739834e+02
1.140000e-06	6.826023e-07	-2.494641e-09	5.298591e+00	-1.650812e+02
1.150000e-06	7.556175e-07	-2.355103e-09	5.865360e+00	-1.559870e+02
1.160000e-06	8.284714e-07	-2.218347e-09	6.430877e+00	-1.467049e+02
1.170000e-06	9.011542e-07	-2.074538e-09	6.995066e+00	-1.372451e+02
1.180000e-06	9.736076e-07	-1.922887e-09	7.557474e+00	-1.276224e+02
1.190000e-06	1.045922e-06	-1.772822e-09	8.118803e+00	-1.178529e+02
1.200000e-06	1.118072e-06	-1.620911e-09	8.678858e+00	-1.079516e+02
1.210000e-06	1.189920e-06	-1.468252e-09	9.236564e+00	-9.792833e+01
1.220000e-06	1.261520e-06	-1.311002e-09	9.792345e+00	-8.778632e+01
1.230000e-06	1.332896e-06	-1.150671e-09	1.034639e+01	-7.752156e+01
1.240000e-06	1.404004e-06	-9.929453e-10	1.089836e+01	-6.712413e+01
1.250000e-06	1.474798e-06	-8.337198e-10	1.144789e+01	-5.658101e+01
1.260000e-06	1.545259e-06	-6.693808e-10	1.199483e+01	-4.587949e+01
1.270000e-06	1.615395e-06	-5.006097e-10	1.253925e+01	-3.501050e+01
1.280000e-06	1.685141e-06	-3.329117e-10	1.308064e+01	-2.397080e+01
1.290000e-06	1.754477e-06	-1.614849e-10	1.361885e+01	-1.276348e+01
1.300000e-06	1.823540e-06	1.536443e-11	1.415494e+01	-1.396624e+00
1.310000e-06	1.892347e-06	1.972529e-10	1.468904e+01	1.011956e+01
1.320000e-06	1.960801e-06	3.792331e-10	1.522041e+01	2.177636e+01
1.330000e-06	2.028860e-06	5.578703e-10	1.574870e+01	3.356997e+01
1.340000e-06	2.096436e-06	7.349578e-10	1.627325e+01	4.550371e+01
1.350000e-06	2.163489e-06	9.162020e-10	1.679374e+01	5.758828e+01
1.360000e-06	2.229895e-06	1.104696e-09	1.730920e+01	6.984001e+01
1.370000e-06	2.295569e-06	1.294980e-09	1.781899e+01	8.227713e+01
1.380000e-06	2.360660e-06	1.485153e-09	1.832424e+01	9.491509e+01
1.390000e-06	2.425344e-06	1.677802e-09	1.882635e+01	1.077618e+02
1.400000e-06	2.489552e-06	1.880240e-09	1.932475e+01	1.208138e+02
1.410000e-06	2.553226e-06	2.087865e-09	1.981901e+01	1.340545e+02
1.420000e-06	2.616465e-06	2.293231e-09	2.030989e+01	1.474544e+02
1.430000e-06	2.679226e-06	2.493373e-09	2.079706e+01	1.609734e+02
1.440000e-06	2.741383e-06	2.694811e-09	2.127955e+01	1.745646e+02
1.450000e-06	2.802969e-06	2.904877e-09	2.175760e+01	1.881788e+02
1.460000e-06	2.864049e-06	3.114731e-09	2.223172e+01	2.017680e+02
1.470000e-06	2.924611e-06	3.318832e-09	2.270182e+01	2.152885e+02
1.480000e-06	2.984616e-06	3.521842e-09	2.316761e+01	2.287014e+02
1.490000e-06	3.043921e-06	3.729061e-09	2.362795e+01	2.419725e+02
1.500000e-06	3.102348e-06	3.934875e-09	2.408148e+01	2.550705e+02
1.510000e-06	3.159834e-06	4.131841e-09	2.452770e+01	2.679648e+02
1.520000e-06	3.216471e-06	4.319281e-09	2.496734e+01	2.806242e+02
1.530000e-06	3.272415e-06	4.504499e-09	2.540160e+01	2.930161e+02
1.540000e-06	3.327756e-06	4.690300e-09	2.583118e+01	3.051075e+02
1.550000e-06	3.382429e-06	4.871109e-09	2.625557e+01	3.168661e+02
1.560000e-06	3.436369e-06	5.041399e-09	2.667426e+01	3.282633e+02
1.570000e-06	3.489588e-06	5.202165e-09	2.708737e+01	3.392759e+02
1.580000e-06	3.541966e-06	5.362596e-09	2.749395e+01	3.498880e+02
1.590000e-06	3.593266e-06	5.521413e-09	2.789216e+01	3.600909e+02
1.600000e-06	3.643450e-06	5.673767e-09	2.828170e+01	3.698827e+02
1.610000e-06	3.692621e-06	5.816789e-09	2.866338e+01	3.792661e+02
1.620000e-06	3.740885e-06	5.955002e-09	2.903803e+01	3.882462e+02
1.630000e-06	3.788444e-06	6.091984e-09	2.940719e+01	3.968292e+02
1.640000e-06	3.835318e-06	6.221519e-09	2.977105e+01	4.050208e+02
1.650000e-06	3.881376e-06	6.334262e-09	3.012856e+01	4.128269e+02
1.660000e-06	3.926661e-06	6.434666e-09	3.048008e+01	4.202551e+02
1.670000e-06	3.971218e-06	6.534731e-09	3.082595e+01	4.273160e+02
1.680000e-06	4.015030e-06	6.636366e-09	3.116603e+01	4.340257e+02
1.690000e-06	4.057881e-06	6.735262e-09	3.149865e+01	4.404063e+02
1.700000e-06	4.099575e-06	6.829020e-09	3.182229e+01	4.464857e+02
1.710000e-06	4.140275e-06	6.920727e-09	3.213822e+01	4.522950e+02
1.720000e-06	4.180129e-06	7.011265e-09	3.244759e+01	4.578657e+02
1.730000e-06	4.219113e-06	7.095771e-09	3.275019e+01	4.632249e+02
1.740000e-06	4.257237e-06	7.170331e-09	3.304612e+01	4.683928e+02
1.750000e-06	4.294555e-06	7.236739e-09	3.333580e+01	4.733793e+02
1.760000e-06	4.331044e-06	7.303207e-09	3.361904e+01	4.781846e+02
1.770000e-06	4.366674e-06	7.372991e-09	3.389561e+01	4.828007e+02
1.780000e-06	4.401165e-06	7.444402e-09	3.416334e+01	4.872153e+02
1.790000e-06	4.434399e-06	7.510023e-09	3.442132e+01	4.914163e+02
1.800000e-06	4.466594e-06	7.567950e-09	3.467123e+01	4.953964e+02
1.810000e-06	4.497884e-06	7.623503e-09	3.491411e+01	4.991562e+02
1.820000e-06	4.528339e-06	7.676627e-09	3.515051e+01	5.027049e+02
1.830000e-06	4.557898e-06	7.728994e-09	3.537996e+01	5.060595e+02
1.840000e-06	4.586559e-06	7.775734e-09	3.560243e+01	5.092409e+02
1.850000e-06	4.614345e-06	7.818818e-09	3.581812e+01	5.122696e+02
1.860000e-06	4.640947e-06	7.861447e-09	3.602461e+01	5.151618e+02
1.870000e-06	4.666163e-06	7.902525e-09	3.622035e+01	5.179259e+02
1.880000e-06	4.690293e-06	7.940632e-09	3.640765e+01	5.205624e+02
1.890000e-06	4.713494e-06	7.975998e-09	3.658775e+01	5.230652e+02
1.900000e-06	4.735717e-06	8.009705e-09	3.676025e+01	5.254253e+02
1.910000e-06	4.756949e-06	8.045622e-09	3.692506e+01	5.276357e+02
1.920000e-06	4.777264e-06	8.082639e-09	3.708275e+01	5.296949e+02
1.930000e-06	4.796652e-06	8.115324e-09	3.723324e+01	5.316102e+02
1.940000e-06	4.814935e-06	8.142482e-09	3.737516e+01	5.333969e+02
1.950000e-06	4.832115e-06	8.166026e-09	3.750853e+01	5.350759e+02
1.960000e-06	4.848179e-06	8.191004e-09	3.763322e+01	5.366688e+02
1.970000e-06	4.863061e-06	8.213439e-09	3.774874e+01	5.381923e+02
1.980000e-06	4.876917e-06	8.234030e-09	3.785629e+01	5.396538e+02
1.990000e-06	4.889726e-06	8.256952e-09	3.795572e+01	5.410487e+02
2.000000e-06	4.901330e-06	8.280755e-09	3.804579e+01	5.423613e+02
2.010000e-06	4.911613e-06	8.303692e-09	3.812561e+01	5.435690e+02
2.020000e-06	4.920566e-06	8.322734e-09	3.819511e+01	5.446492e+02
2.030000e-06	4.928506e-06	8.335397e-09	3.825674e+01	5.455860e+02
2.040000e-06	4.935440e-06	8.342763e-09	3.831056e+01	5.463769e+02
2.050000e-06	4.941291e-06	8.349887e-09	3.835598e+01	5.470355e+02
2.060000e-06	4.946193e-06	8.361117e-09	3.839404e+01	5.475910e+02
2.070000e-06	4.950264e-06	8.376752e-09	3.842564e+01	5.480818e+02
2.080000e-06	4.953066e-06	8.392686e-09	3.844738e+01	5.485472e+02
2.090000e-06	4.954383e-06	8.405150e-09	3.845761e+01	5.490170e+02
2.100000e-06	4.954691e-06	8.413157e-09	3.846000e+01	5.495027e+02
2.110000e-06	4.954105e-06	8.420661e-09	3.845545e+01	5.499922e+02
2.120000e-06	4.952543e-06	8.423443e-09	3.844333e+01	5.504508e+02
2.130000e-06	4.949937e-06	8.420982e-09	3.842310e+01	5.508273e+02
2.140000e-06	4.946475e-06	8.426902e-09	3.839622e+01	5.510662e+02
2.150000e-06	4.942190e-06	8.430492e-09	3.836296e+01	5.511221e+02
2.160000e-06	4.936586e-06	8.429461e-09	3.831946e+01	5.509740e+02
2.170000e-06	4.929682e-06	8.440545e-09	3.826587e+01	5.506354e+02
2.180000e-06	4.921947e-06	8.436954e-09	3.820583e+01	5.501583e+02
2.190000e-06	4.913207e-06	8.390974e-09	3.813798e+01	5.496279e+02
2.200000e-06	4.902939e-06	8.323922e-09	3.805828e+01	5.491508e+02
2.210000e-06	4.890680e-06	8.398352e-09	3.796312e+01	5.488363e+02
2.220000e-06	4.876825e-06	8.496489e-09	3.785558e+01	5.487758e+02
2.230000e-06	4.862698e-06	8.323540e-09	3.774592e+01	5.490243e+02
2.240000e-06	4.848154e-06	8.286132e-09	3.763302e+01	5.495872e+02
2.250000e-06	4.832019e-06	8.496601e-09	3.750778e+01	5.504165e+02
2.260000e-06	4.814708e-06	8.533765e-09	3.737340e+01	5.514160e+02
2.270000e-06	4.796997e-06	8.349573e-09	3.723592e+01	5.524568e+02
2.280000e-06	4.778280e-06	8.336703e-09	3.709064e+01	5.533973e+02
2.290000e-06	4.758289e-06	8.505753e-09	3.693546e+01	5.541065e+02
2.300000e-06	4.737454e-06	8.312249e-09	3.677373e+01	5.544846e+02
2.310000e-06	4.715332e-06	8.238996e-09	3.660201e+01	5.544773e+02
2.320000e-06	4.691868e-06	8.492994e-09	3.641988e+01	5.540812e+02
2.330000e-06	4.667674e-06	8.338562e-09	3.623207e+01	5.533397e+02
2.340000e-06	4.642362e-06	8.256537e-09	3.603559e+01	5.523309e+02
2.350000e-06	4.615732e-06	8.435390e-09	3.582889e+01	5.511501e+02
2.360000e-06	4.588324e-06	8.317825e-09	3.561613e+01	5.498908e+02
2.370000e-06	4.560035e-06	8.301189e-09	3.539655e+01	5.486282e+02
2.380000e-06	4.530497e-06	8.341845e-09	3.516726e+01	5.474082e+02
2.390000e-06	4.499818e-06	8.240554e-09	3.492912e+01	5.462438e+02
2.400000e-06	4.468034e-06	8.261972e-09	3.468240e+01	5.451182e+02
2.410000e-06	4.435325e-06	8.234687e-09	3.442850e+01	5.439945e+02
2.420000e-06	4.401879e-06	8.175198e-09	3.416888e+01	5.428270e+02
2.430000e-06	4.367409e-06	8.213713e-09	3.390131e+01	5.415736e+02
2.440000e-06	4.332110e-06	8.157922e-09	3.362732e+01	5.402046e+02
2.450000e-06	4.296170e-06	8.151367e-09	3.334833e+01	5.387076e+02
2.460000e-06	4.258993e-06	8.187645e-09	3.305975e+01	5.370864e+02
2.470000e-06	4.220431e-06	8.072604e-09	3.276042e+01	5.353565e+02
2.480000e-06	4.180933e-06	8.058647e-09	3.245383e+01	5.335380e+02
2.490000e-06	4.140708e-06	8.048519e-09	3.214159e+01	5.316477e+02
2.500000e-06	4.099681e-06	7.987787e-09	3.182312e+01	5.296940e+02
2.510000e-06	4.057639e-06	7.997119e-09	3.149678e+01	5.276739e+02
2.520000e-06	4.014706e-06	7.940336e-09	3.116352e+01	5.255753e+02
2.530000e-06	3.971161e-06	7.910038e-09	3.082550e+01	5.233808e+02
2.540000e-06	3.926899e-06	7.902985e-09	3.048192e+01	5.210739e+02
2.550000e-06	3.881677e-06	7.855769e-09	3.013090e+01	5.186450e+02
2.560000e-06	3.835414e-06	7.822605e-09	2.977179e+01	5.160951e+02
2.570000e-06	3.788477e-06	7.755697e-09	2.940745e+01	5.134372e+02
2.580000e-06	3.740684e-06	7.722340e-09	2.903646e+01	5.106938e+02
2.590000e-06	3.691799e-06	7.707710e-09	2.865700e+01	5.078919e+02
2.600000e-06	3.642160e-06	7.644746e-09	2.827169e+01	5.050570e+02
2.610000e-06	3.591686e-06	7.604390e-09	2.787989e+01	5.022072e+02
2.620000e-06	3.540339e-06	7.547064e-09	2.748132e+01	4.993491e+02
2.630000e-06	3.488020e-06	7.520287e-09	2.707520e+01	4.964769e+02
2.640000e-06	3.434568e-06	7.500915e-09	2.666029e+01	4.935739e+02
2.650000e-06	3.380103e-06	7.428946e-09	2.623751e+01	4.906173e+02
2.660000e-06	3.324911e-06	7.385086e-09	2.580909e+01	4.875839e+02
2.670000e-06	3.269176e-06	7.322963e-09	2.537646e+01	4.844555e+02
2.680000e-06	3.212728e-06	7.292768e-09	2.493829e+01	4.812230e+02
2.690000e-06	3.155574e-06	7.256556e-09	2.449464e+01	4.778880e+02
2.700000e-06	3.097791e-06	7.181592e-09	2.404611e+01	4.744615e+02
2.710000e-06	3.039315e-06	7.138324e-09	2.359220e+01	4.709603e+02
2.720000e-06	2.980279e-06	7.087962e-09	2.313394e+01	4.674024e+02
2.730000e-06	2.920807e-06	7.053427e-09	2.267230e+01	4.638020e+02
2.740000e-06	2.860845e-06	6.995663e-09	2.220685e+01	4.601659e+02
2.750000e-06	2.800020e-06	6.924316e-09	2.173471e+01	4.564926e+02
2.760000e-06	2.738157e-06	6.870606e-09	2.125450e+01	4.527722e+02
2.770000e-06	2.675497e-06	6.812272e-09	2.076812e+01	4.489904e+02
2.780000e-06	2.612309e-06	6.762272e-09	2.027763e+01	4.451313e+02
2.790000e-06	2.548718e-06	6.693225e-09	1.978402e+01	4.411822e+02
2.800000e-06	2.484636e-06	6.625693e-09	1.928659e+01	4.371359e+02
2.810000e-06	2.420029e-06	6.573277e-09	1.878509e+01	4.329920e+02
2.820000e-06	2.354910e-06	6.520021e-09	1.827961e+01	4.287560e+02
2.830000e-06	2.289268e-06	6.463837e-09	1.777008e+01	4.244374e+02
2.840000e-06	2.223095e-06	6.386272e-09	1.725642e+01	4.200459e+02
2.850000e-06	2.156469e-06	6.315828e-09	1.673925e+01	4.155887e+02
2.860000e-06	2.089480e-06	6.253273e-09	1.621925e+01	4.110686e+02
2.870000e-06	2.022177e-06	6.186239e-09	1.569683e+01	4.064830e+02
2.880000e-06	1.954585e-06	6.117666e-09	1.517215e+01	4.018252e+02
2.890000e-06	1.886531e-06	6.038640e-09	1.464390e+01	3.970867e+02
2.900000e-06	1.817778e-06	5.972187e-09	1.411021e+01	3.922596e+02
2.910000e-06	1.748388e-06	5.908201e-09	1.357158e+01	3.873392e+02
2.920000e-06	1.678471e-06	5.837030e-09	1.302886e+01	3.823254e+02
2.930000e-06	1.608037e-06	5.755068e-09	1.248213e+01	3.772227e+02
2.940000e-06	1.537186e-06	5.670298e-09	1.193216e+01	3.720384e+02
2.950000e-06	1.466052e-06	5.595675e-09	1.137999e+01	3.667808e+02
2.960000e-06	1.394759e-06	5.518459e-09	1.082659e+01	3.614564e+02
2.970000e-06	1.323322e-06	5.435462e-09	1.027208e+01	3.560672e+02
2.980000e-06	1.251650e-06	5.345227e-09	9.715734e+00	3.506106e+02
2.990000e-06	1.179726e-06	5.261554e-09	9.157435e+00	3.450787e+02
3.000000e-06	1.107547e-06	5.188185e-09	8.597156e+00	3.394607e+02
3.010000e-06	1.035078e-06	5.109264e-09	8.034629e+00	3.337447e+02
3.020000e-06	9.624266e-07	5.020316e-09	7.470683e+00	3.279204e+02
3.030000e-06	8.896124e-07	4.927814e-09	6.905475e+00	3.219811e+02
3.040000e-06	8.166013e-07	4.840492e-09	6.338737e+00	3.159243e+02
3.050000e-06	7.434615e-07	4.750063e-09	5.771001e+00	3.097515e+02
3.060000e-06	6.701906e-07	4.649589e-09	5.202248e+00	3.034668e+02
3.070000e-06	5.968003e-07	4.543919e-09	4.632567e+00	2.970743e+02
3.080000e-06	5.233202e-07	4.444384e-09	4.062190e+00	2.905764e+02
3.090000e-06	4.496706e-07	4.356106e-09	3.490496e+00	2.839718e+02
3.100000e-06	3.758935e-07	4.262712e-09	2.917813e+00	2.772556e+02
3.110000e-06	3.020610e-07	4.155971e-09	2.344700e+00	2.704193e+02
3.120000e-06	2.281946e-07	4.041803e-09	1.771324e+00	2.634530e+02
3.130000e-06	1.542610e-07	3.932585e-09	1.197426e+00	2.563468e+02
3.140000e-06	8.026704e-08	3.825587e-09	6.230601e-01	2.490930e+02
3.150000e-06	6.266444e-09	3.711924e-09	4.864228e-02	2.416869e+02
3.160000e-06	-6.772910e-08	3.594286e-09	-5.257363e-01	2.341269e+02
3.170000e-06	-1.416960e-07	3.477734e-09	-1.099892e+00	2.264133e+02
3.180000e-06	-2.156470e-07	3.365019e-09	-1.673926e+00	2.185465e+02
3.190000e-06	-2.895380e-07	3.248207e-09	-2.247492e+00	2.105255e+02
3.200000e-06	-3.634043e-07	3.122104e-09	-2.820868e+00	2.023466e+02
3.210000e-06	-4.371884e-07	2.991346e-09	-3.393606e+00	1.940029e+02
3.220000e-06	-5.108316e-07	2.861106e-09	-3.965249e+00	1.854853e+02
3.230000e-06	-5.843243e-07	2.729671e-09	-4.535724e+00	1.767846e+02
3.240000e-06	-6.576436e-07	2.595130e-09	-5.104854e+00	1.678942e+02
3.250000e-06	-7.308956e-07	2.455178e-09	-5.673460e+00	1.588116e+02
3.260000e-06	-8.040368e-07	2.312366e-09	-6.241207e+00	1.495409e+02
3.270000e-06	-8.769814e-07	2.170713e-09	-6.807429e+00	1.400918e+02
3.280000e-06	-9.496613e-07	2.028177e-09	-7.371594e+00	1.304789e+02
3.290000e-06	-1.022100e-06	1.881138e-09	-7.933892e+00	1.207185e+02
3.300000e-06	-1.094340e-06	1.728394e-09	-8.494637e+00	1.108256e+02
3.310000e-06	-1.166314e-06	1.576056e-09	-9.053324e+00	1.008104e+02
3.320000e-06	-1.238091e-06	1.426117e-09	-9.610482e+00	9.067645e+01
3.330000e-06	-1.309670e-06	1.275824e-09	-1.016610e+01	8.042013e+01
3.340000e-06	-1.380975e-06	1.117998e-09	-1.071960e+01	7.003174e+01
3.350000e-06	-1.452041e-06	9.544188e-10	-1.127124e+01	5.949833e+01
3.360000e-06	-1.522833e-06	7.930641e-10	-1.182075e+01	4.880709e+01
3.370000e-06	-1.593234e-06	6.316211e-10	-1.236723e+01	3.794872e+01
3.380000e-06	-1.663168e-06	4.664236e-10	-1.291007e+01	2.691964e+01
3.390000e-06	-1.732544e-06	2.958422e-10	-1.344860e+01	1.572264e+01
3.400000e-06	-1.801340e-06	1.225367e-10	-1.398261e+01	4.365632e+00
3.410000e-06	-1.869690e-06	-4.992297e-11	-1.451317e+01	-7.141211e+00
3.420000e-06	-1.937631e-06	-2.236875e-10	-1.504055e+01	-1.878901e+01
3.430000e-06	-2.005176e-06	-4.032879e-10	-1.556486e+01	-3.057367e+01
3.440000e-06	-2.072337e-06	-5.864257e-10	-1.608618e+01	-4.249809e+01
3.450000e-06	-2.139077e-06	-7.683071e-10	-1.660424e+01	-5.457267e+01
3.460000e-06	-2.205456e-06	-9.500926e-10	-1.711950e+01	-6.681349e+01
3.470000e-06	-2.271413e-06	-1.140447e-09	-1.763148e+01	-7.923883e+01
3.480000e-06	-2.336817e-06	-1.339511e-09	-1.813917e+01	-9.186437e+01
3.490000e-06	-2.401680e-06	-1.541457e-09	-1.864266e+01	-1.046985e+02
3.500000e-06	-2.466107e-06	-1.740739e-09	-1.914276e+01	-1.177384e+02
3.510000e-06	-2.530072e-06	-1.938433e-09	-1.963928e+01	-1.309682e+02
3.520000e-06	-2.593522e-06	-2.141480e-09	-2.013180e+01	-1.443589e+02
3.530000e-06	-2.656432e-06	-2.348532e-09	-2.062013e+01	-1.578709e+02
3.540000e-06	-2.718732e-06	-2.555550e-09	-2.110372e+01	-1.714576e+02
3.550000e-06	-2.780236e-06	-2.761681e-09	-2.158114e+01	-1.850696e+02
3.560000e-06	-2.840900e-06	-2.969810e-09	-2.205204e+01	-1.986591e+02
3.570000e-06	-2.900943e-06	-3.180464e-09	-2.251811e+01	-2.121819e+02
3.580000e-06	-2.960387e-06	-3.390893e-09	-2.297953e+01	-2.255989e+02
3.590000e-06	-3.019236e-06	-3.595699e-09	-2.343634e+01	-2.388758e+02
3.600000e-06	-3.077495e-06	-3.793553e-09	-2.388856e+01	-2.519810e+02
3.610000e-06	-3.134999e-06	-3.986381e-09	-2.433493e+01	-2.648841e+02
3.620000e-06	-3.191793e-06	-4.178506e-09	-2.477578e+01	-2.775539e+02
3.630000e-06	-3.248013e-06	-4.367326e-09	-2.521218e+01	-2.899579e+02
3.640000e-06	-3.303553e-06	-4.553354e-09	-2.564331e+01	-3.020629e+02
3.650000e-06	-3.358338e-06	-4.737398e-09	-2.606857e+01	-3.138368e+02
3.660000e-06	-3.412322e-06	-4.915199e-09	-2.648760e+01	-3.252506e+02
3.670000e-06	-3.465247e-06	-5.086615e-09	-2.689843e+01	-3.362808e+02
3.680000e-06	-3.517139e-06	-5.250360e-09	-2.730123e+01	-3.469110e+02
3.690000e-06	-3.568123e-06	-5.407068e-09	-2.769698e+01	-3.571324e+02
3.700000e-06	-3.618331e-06	-5.556400e-09	-2.808672e+01	-3.669426e+02
3.710000e-06	-3.667827e-06	-5.701778e-09	-2.847092e+01	-3.763442e+02
3.720000e-06	-3.716230e-06	-5.842407e-09	-2.884664e+01	-3.853422e+02
3.730000e-06	-3.763410e-06	-5.976202e-09	-2.921287e+01	-3.939428e+02
3.740000e-06	-3.809705e-06	-6.102886e-09	-2.957223e+01	-4.021517e+02
3.750000e-06	-3.855275e-06	-6.225306e-09	-2.992596e+01	-4.099749e+02
3.760000e-06	-3.900106e-06	-6.341075e-09	-3.027395e+01	-4.174196e+02
3.770000e-06	-3.944184e-06	-6.451225e-09	-3.061610e+01	-4.244964e+02
3.780000e-06	-3.987521e-06	-6.555187e-09	-3.095249e+01	-4.312211e+02
3.790000e-06	-4.030165e-06	-6.652325e-09	-3.128351e+01	-4.376155e+02
3.800000e-06	-4.072039e-06	-6.746220e-09	-3.160855e+01	-4.437071e+02
3.810000e-06	-4.113096e-06	-6.838327e-09	-3.192726e+01	-4.495271e+02
3.820000e-06	-4.153354e-06	-6.930210e-09	-3.223974e+01	-4.551068e+02
3.830000e-06	-4.192838e-06	-7.014772e-09	-3.254623e+01	-4.604740e+02
3.840000e-06	-4.231418e-06	-7.091991e-09	-3.284571e+01	-4.656490e+02
3.850000e-06	-4.268861e-06	-7.169047e-09	-3.313635e+01	-4.706424e+02
3.860000e-06	-4.305150e-06	-7.248926e-09	-3.341804e+01	-4.754548e+02
3.870000e-06	-4.340491e-06	-7.322750e-09	-3.369237e+01	-4.800785e+02
3.880000e-06	-4.374991e-06	-7.386740e-09	-3.396017e+01	-4.845014e+02
3.890000e-06	-4.408533e-06	-7.446647e-09	-3.422054e+01	-4.887112e+02
3.900000e-06	-4.441144e-06	-7.510547e-09	-3.447368e+01	-4.927003e+02
3.910000e-06	-4.472918e-06	-7.574162e-09	-3.472031e+01	-4.964688e+02
3.920000e-06	-4.503726e-06	-7.631258e-09	-3.495946e+01	-5.000256e+02
3.930000e-06	-4.533266e-06	-7.683830e-09	-3.518876e+01	-5.033874e+02
3.940000e-06	-4.561520e-06	-7.735255e-09	-3.540807e+01	-5.065748e+02
3.950000e-06	-4.588809e-06	-7.784607e-09	-3.561990e+01	-5.096086e+02
3.960000e-06	-4.615298e-06	-7.827500e-09	-3.582551e+01	-5.125052e+02
3.970000e-06	-4.640790e-06	-7.864915e-09	-3.602339e+01	-5.152736e+02
3.980000e-06	-4.665157e-06	-7.900019e-09	-3.621254e+01	-5.179145e+02
3.990000e-06	-4.688703e-06	-7.937645e-09	-3.639531e+01	-5.204220e+02
4.000000e-06	-4.711367e-06	-7.977214e-09	-3.657124e+01	-5.227874e+02
4.010000e-06	-4.732709e-06	-8.016426e-09	-3.673690e+01	-5.250032e+02
4.020000e-06	-4.752732e-06	-8.050785e-09	-3.689232e+01	-5.270678e+02
4.030000e-06	-4.771813e-06	-8.078819e-09	-3.704044e+01	-5.289879e+02
4.040000e-06	-4.790004e-06	-8.103620e-09	-3.718164e+01	-5.307784e+02
4.050000e-06	-4.807210e-06	-8.128319e-09	-3.731520e+01	-5.324602e+02
4.060000e-06	-4.823492e-06	-8.150714e-09	-3.744159e+01	-5.340548e+02
4.070000e-06	-4.838875e-06	-8.167605e-09	-3.756100e+01	-5.355794e+02
4.080000e-06	-4.853085e-06	-8.182988e-09	-3.767130e+01	-5.370419e+02
4.090000e-06	-4.865783e-06	-8.202766e-09	-3.776987e+01	-5.384383e+02
4.100000e-06	-4.877154e-06	-8.227352e-09	-3.785813e+01	-5.397534e+02
4.110000e-06	-4.887444e-06	-8.248068e-09	-3.793800e+01	-5.409649e+02
4.120000e-06	-4.896709e-06	-8.261634e-09	-3.800992e+01	-5.420498e+02
4.130000e-06	-4.904953e-06	-8.271752e-09	-3.807392e+01	-5.429918e+02
4.140000e-06	-4.912238e-06	-8.282065e-09	-3.813046e+01	-5.437877e+02
4.150000e-06	-4.918444e-06	-8.289285e-09	-3.817864e+01	-5.444503e+02
4.160000e-06	-4.923314e-06	-8.291093e-09	-3.821644e+01	-5.450079e+02
4.170000e-06	-4.927026e-06	-8.292530e-09	-3.824526e+01	-5.454988e+02
4.180000e-06	-4.929744e-06	-8.300447e-09	-3.826635e+01	-5.459626e+02
4.190000e-06	-4.931467e-06	-8.314877e-09	-3.827973e+01	-5.464296e+02
4.200000e-06	-4.932193e-06	-8.325052e-09	-3.828536e+01	-5.469125e+02
