# Temperatura_=_52.68
# Concentracion g/m^3_=_18600.0
# C_Vs_to_Am_M_A/Vsm_=_65563218390.804596
# pendiente_HvsI_1/m_=_3716.3
# ordenada_HvsI_A/m_=_1297.0
# frecuencia_Hz_=_238063.1963310825

Tiempo_(s)	Campo_(V.s)	Magnetizacion_(V.s)	Campo_(kA/m)	Magnetizacion_(A/m)
0.000000e+00	-4.919951e-06	-7.630038e-09	-3.828588e+01	-5.000304e+02
1.000000e-08	-4.919261e-06	-7.620853e-09	-3.828051e+01	-5.001409e+02
2.000000e-08	-4.917598e-06	-7.614366e-09	-3.826756e+01	-5.002109e+02
3.000000e-08	-4.914568e-06	-7.614579e-09	-3.824399e+01	-5.001960e+02
4.000000e-08	-4.910408e-06	-7.615277e-09	-3.821162e+01	-5.000554e+02
5.000000e-08	-4.905431e-06	-7.612754e-09	-3.817289e+01	-4.997645e+02
6.000000e-08	-4.899457e-06	-7.604950e-09	-3.812639e+01	-4.993241e+02
7.000000e-08	-4.892366e-06	-7.590796e-09	-3.807121e+01	-4.987648e+02
8.000000e-08	-4.884257e-06	-7.590828e-09	-3.800811e+01	-4.981446e+02
9.000000e-08	-4.874942e-06	-7.651359e-09	-3.793563e+01	-4.975395e+02
1.000000e-07	-4.863924e-06	-7.693031e-09	-3.784989e+01	-4.970294e+02
1.100000e-07	-4.851374e-06	-7.627119e-09	-3.775223e+01	-4.966811e+02
1.200000e-07	-4.837924e-06	-7.473237e-09	-3.764756e+01	-4.965336e+02
1.300000e-07	-4.823649e-06	-7.506444e-09	-3.753648e+01	-4.965874e+02
1.400000e-07	-4.808083e-06	-7.659487e-09	-3.741535e+01	-4.968015e+02
1.500000e-07	-4.791113e-06	-7.537249e-09	-3.728329e+01	-4.970984e+02
1.600000e-07	-4.773257e-06	-7.465656e-09	-3.714434e+01	-4.973771e+02
1.700000e-07	-4.754424e-06	-7.689614e-09	-3.699779e+01	-4.975301e+02
1.800000e-07	-4.734479e-06	-7.688714e-09	-3.684258e+01	-4.974625e+02
1.900000e-07	-4.713892e-06	-7.491865e-09	-3.668238e+01	-4.971088e+02
2.000000e-07	-4.692533e-06	-7.620959e-09	-3.651616e+01	-4.964433e+02
2.100000e-07	-4.669923e-06	-7.632082e-09	-3.634022e+01	-4.954832e+02
2.200000e-07	-4.646220e-06	-7.405566e-09	-3.615577e+01	-4.942829e+02
2.300000e-07	-4.621700e-06	-7.535099e-09	-3.596496e+01	-4.929224e+02
2.400000e-07	-4.596166e-06	-7.631080e-09	-3.576626e+01	-4.914901e+02
2.500000e-07	-4.569399e-06	-7.466967e-09	-3.555797e+01	-4.900665e+02
2.600000e-07	-4.541467e-06	-7.489769e-09	-3.534061e+01	-4.887092e+02
2.700000e-07	-4.512537e-06	-7.489373e-09	-3.511548e+01	-4.874451e+02
2.800000e-07	-4.482745e-06	-7.411187e-09	-3.488364e+01	-4.862678e+02
2.900000e-07	-4.452074e-06	-7.433110e-09	-3.464497e+01	-4.851436e+02
3.000000e-07	-4.420406e-06	-7.394729e-09	-3.439854e+01	-4.840208e+02
3.100000e-07	-4.387878e-06	-7.370692e-09	-3.414541e+01	-4.828430e+02
3.200000e-07	-4.354451e-06	-7.383589e-09	-3.388529e+01	-4.815611e+02
3.300000e-07	-4.319900e-06	-7.351983e-09	-3.361643e+01	-4.801424e+02
3.400000e-07	-4.284233e-06	-7.334292e-09	-3.333887e+01	-4.785757e+02
3.500000e-07	-4.247568e-06	-7.291982e-09	-3.305355e+01	-4.768700e+02
3.600000e-07	-4.209990e-06	-7.218182e-09	-3.276113e+01	-4.750497e+02
3.700000e-07	-4.171528e-06	-7.223974e-09	-3.246183e+01	-4.731465e+02
3.800000e-07	-4.132199e-06	-7.233694e-09	-3.215578e+01	-4.711912e+02
3.900000e-07	-4.092021e-06	-7.181966e-09	-3.184312e+01	-4.692065e+02
4.000000e-07	-4.051032e-06	-7.139658e-09	-3.152415e+01	-4.672025e+02
4.100000e-07	-4.009025e-06	-7.113707e-09	-3.119727e+01	-4.651769e+02
4.200000e-07	-3.965860e-06	-7.088880e-09	-3.086137e+01	-4.631174e+02
4.300000e-07	-3.921673e-06	-7.048849e-09	-3.051752e+01	-4.610068e+02
4.400000e-07	-3.876638e-06	-7.004904e-09	-3.016706e+01	-4.588286e+02
4.500000e-07	-3.830786e-06	-6.949587e-09	-2.981026e+01	-4.565716e+02
4.600000e-07	-3.784094e-06	-6.925906e-09	-2.944691e+01	-4.542330e+02
4.700000e-07	-3.736562e-06	-6.927819e-09	-2.907703e+01	-4.518179e+02
4.800000e-07	-3.688257e-06	-6.883877e-09	-2.870113e+01	-4.493380e+02
4.900000e-07	-3.639088e-06	-6.820980e-09	-2.831851e+01	-4.468070e+02
5.000000e-07	-3.588770e-06	-6.779798e-09	-2.792695e+01	-4.442372e+02
5.100000e-07	-3.537254e-06	-6.757559e-09	-2.752606e+01	-4.416361e+02
5.200000e-07	-3.484812e-06	-6.720554e-09	-2.711797e+01	-4.390045e+02
5.300000e-07	-3.431574e-06	-6.665635e-09	-2.670368e+01	-4.363368e+02
5.400000e-07	-3.377500e-06	-6.607405e-09	-2.628289e+01	-4.336234e+02
5.500000e-07	-3.322669e-06	-6.570361e-09	-2.585621e+01	-4.308529e+02
5.600000e-07	-3.267201e-06	-6.544923e-09	-2.542457e+01	-4.280157e+02
5.700000e-07	-3.211180e-06	-6.502128e-09	-2.498863e+01	-4.251061e+02
5.800000e-07	-3.154595e-06	-6.440595e-09	-2.454830e+01	-4.221232e+02
5.900000e-07	-3.097290e-06	-6.393602e-09	-2.410237e+01	-4.190703e+02
6.000000e-07	-3.039038e-06	-6.366924e-09	-2.364907e+01	-4.159530e+02
6.100000e-07	-2.979858e-06	-6.323743e-09	-2.318854e+01	-4.127770e+02
6.200000e-07	-2.919983e-06	-6.263014e-09	-2.272261e+01	-4.095455e+02
6.300000e-07	-2.859580e-06	-6.194826e-09	-2.225256e+01	-4.062578e+02
6.400000e-07	-2.798663e-06	-6.145061e-09	-2.177853e+01	-4.029096e+02
6.500000e-07	-2.737202e-06	-6.105691e-09	-2.130025e+01	-3.994933e+02
6.600000e-07	-2.675233e-06	-6.054148e-09	-2.081802e+01	-3.960005e+02
6.700000e-07	-2.612750e-06	-5.990168e-09	-2.033179e+01	-3.924241e+02
6.800000e-07	-2.549638e-06	-5.933928e-09	-1.984067e+01	-3.887601e+02
6.900000e-07	-2.485927e-06	-5.893726e-09	-1.934489e+01	-3.850084e+02
7.000000e-07	-2.421752e-06	-5.841485e-09	-1.884549e+01	-3.811729e+02
7.100000e-07	-2.357127e-06	-5.769409e-09	-1.834259e+01	-3.772600e+02
7.200000e-07	-2.291903e-06	-5.689888e-09	-1.783504e+01	-3.732762e+02
7.300000e-07	-2.225997e-06	-5.625603e-09	-1.732217e+01	-3.692263e+02
7.400000e-07	-2.159499e-06	-5.573315e-09	-1.680470e+01	-3.651120e+02
7.500000e-07	-2.092405e-06	-5.514913e-09	-1.628259e+01	-3.609307e+02
7.600000e-07	-2.024704e-06	-5.446005e-09	-1.575576e+01	-3.566765e+02
7.700000e-07	-1.956596e-06	-5.379044e-09	-1.522576e+01	-3.523414e+02
7.800000e-07	-1.888221e-06	-5.318708e-09	-1.469368e+01	-3.479178e+02
7.900000e-07	-1.819579e-06	-5.251606e-09	-1.415953e+01	-3.433997e+02
8.000000e-07	-1.750653e-06	-5.171239e-09	-1.362316e+01	-3.387845e+02
8.100000e-07	-1.681349e-06	-5.083993e-09	-1.308385e+01	-3.340733e+02
8.200000e-07	-1.611609e-06	-5.008852e-09	-1.254115e+01	-3.292697e+02
8.300000e-07	-1.541462e-06	-4.946473e-09	-1.199529e+01	-3.243788e+02
8.400000e-07	-1.470970e-06	-4.878892e-09	-1.144673e+01	-3.194043e+02
8.500000e-07	-1.400145e-06	-4.795554e-09	-1.089559e+01	-3.143478e+02
8.600000e-07	-1.329039e-06	-4.710951e-09	-1.034226e+01	-3.092068e+02
8.700000e-07	-1.257710e-06	-4.634300e-09	-9.787200e+00	-3.039753e+02
8.800000e-07	-1.186076e-06	-4.556615e-09	-9.229755e+00	-2.986448e+02
8.900000e-07	-1.114196e-06	-4.470189e-09	-8.670405e+00	-2.932054e+02
9.000000e-07	-1.042162e-06	-4.375769e-09	-8.109853e+00	-2.876487e+02
9.100000e-07	-9.699228e-07	-4.287351e-09	-7.547706e+00	-2.819685e+02
9.200000e-07	-8.974663e-07	-4.205998e-09	-6.983867e+00	-2.761622e+02
9.300000e-07	-8.248620e-07	-4.120237e-09	-6.418878e+00	-2.702301e+02
9.400000e-07	-7.521483e-07	-4.021150e-09	-5.853037e+00	-2.641743e+02
9.500000e-07	-6.792713e-07	-3.918227e-09	-5.285926e+00	-2.579969e+02
9.600000e-07	-6.062654e-07	-3.822853e-09	-4.717811e+00	-2.516979e+02
9.700000e-07	-5.331528e-07	-3.731491e-09	-4.148867e+00	-2.452742e+02
9.800000e-07	-4.599340e-07	-3.634471e-09	-3.579096e+00	-2.387183e+02
9.900000e-07	-3.865582e-07	-3.526665e-09	-3.008103e+00	-2.320198e+02
1.000000e-06	-3.129950e-07	-3.417272e-09	-2.435652e+00	-2.251657e+02
1.010000e-06	-2.394008e-07	-3.311593e-09	-1.862960e+00	-2.181430e+02
1.020000e-06	-1.657696e-07	-3.203693e-09	-1.289979e+00	-2.109401e+02
1.030000e-06	-9.207384e-08	-3.086586e-09	-7.164965e-01	-2.035481e+02
1.040000e-06	-1.836094e-08	-2.965681e-09	-1.428804e-01	-1.959607e+02
1.050000e-06	5.534519e-08	-2.846779e-09	4.306830e-01	-1.881739e+02
1.060000e-06	1.290448e-07	-2.729592e-09	1.004196e+00	-1.801842e+02
1.070000e-06	2.027405e-07	-2.606373e-09	1.577678e+00	-1.719872e+02
1.080000e-06	2.763900e-07	-2.471833e-09	2.150801e+00	-1.635760e+02
1.090000e-06	3.499881e-07	-2.333656e-09	2.723524e+00	-1.549412e+02
1.100000e-06	4.235284e-07	-2.197989e-09	3.295796e+00	-1.460712e+02
1.110000e-06	4.969503e-07	-2.061726e-09	3.867148e+00	-1.369543e+02
1.120000e-06	5.701931e-07	-1.917911e-09	4.437106e+00	-1.275807e+02
1.130000e-06	6.432774e-07	-1.768463e-09	5.005830e+00	-1.179448e+02
1.140000e-06	7.162141e-07	-1.616606e-09	5.573406e+00	-1.080467e+02
1.150000e-06	7.890253e-07	-1.463308e-09	6.140005e+00	-9.789257e+01
1.160000e-06	8.616543e-07	-1.303784e-09	6.705187e+00	-8.749257e+01
1.170000e-06	9.340832e-07	-1.136585e-09	7.268811e+00	-7.685851e+01
1.180000e-06	1.006335e-06	-9.695165e-10	7.831057e+00	-6.599983e+01
1.190000e-06	1.078415e-06	-8.027795e-10	8.391970e+00	-5.491995e+01
1.200000e-06	1.150337e-06	-6.328761e-10	8.951645e+00	-4.361336e+01
1.210000e-06	1.221994e-06	-4.554254e-10	9.509263e+00	-3.206448e+01
1.220000e-06	1.293375e-06	-2.729423e-10	1.006473e+01	-2.024855e+01
1.230000e-06	1.364509e-06	-8.799715e-11	1.061828e+01	-8.134595e+00
1.240000e-06	1.435334e-06	1.003963e-10	1.116942e+01	4.310105e+00
1.250000e-06	1.505791e-06	2.951060e-10	1.171771e+01	1.711483e+01
1.260000e-06	1.575890e-06	4.972513e-10	1.226319e+01	3.030048e+01
1.270000e-06	1.645617e-06	7.017878e-10	1.280579e+01	4.387577e+01
1.280000e-06	1.714945e-06	9.080455e-10	1.334529e+01	5.783508e+01
1.290000e-06	1.783938e-06	1.121696e-09	1.388218e+01	7.215805e+01
1.300000e-06	1.852662e-06	1.348690e-09	1.441697e+01	8.681073e+01
1.310000e-06	1.921076e-06	1.583326e-09	1.494935e+01	1.017475e+02
1.320000e-06	1.989184e-06	1.816442e-09	1.547935e+01	1.169134e+02
1.330000e-06	2.056904e-06	2.046624e-09	1.600633e+01	1.322454e+02
1.340000e-06	2.124100e-06	2.278994e-09	1.652924e+01	1.476739e+02
1.350000e-06	2.190635e-06	2.515012e-09	1.704699e+01	1.631226e+02
1.360000e-06	2.256437e-06	2.748421e-09	1.755905e+01	1.785085e+02
1.370000e-06	2.321606e-06	2.975580e-09	1.806618e+01	1.937425e+02
1.380000e-06	2.386284e-06	3.200226e-09	1.856949e+01	2.087306e+02
1.390000e-06	2.450598e-06	3.425261e-09	1.906996e+01	2.233770e+02
1.400000e-06	2.514477e-06	3.645599e-09	1.956705e+01	2.375885e+02
1.410000e-06	2.577816e-06	3.854334e-09	2.005995e+01	2.512802e+02
1.420000e-06	2.640648e-06	4.048451e-09	2.054889e+01	2.643812e+02
1.430000e-06	2.702986e-06	4.232213e-09	2.103399e+01	2.768399e+02
1.440000e-06	2.764809e-06	4.410904e-09	2.151508e+01	2.886272e+02
1.450000e-06	2.826049e-06	4.579490e-09	2.199163e+01	2.997373e+02
1.460000e-06	2.886696e-06	4.734398e-09	2.246358e+01	3.101857e+02
1.470000e-06	2.946867e-06	4.880818e-09	2.293181e+01	3.200045e+02
1.480000e-06	3.006468e-06	5.024743e-09	2.339561e+01	3.292368e+02
1.490000e-06	3.065161e-06	5.164106e-09	2.385234e+01	3.379296e+02
1.500000e-06	3.122811e-06	5.291730e-09	2.430096e+01	3.461287e+02
1.510000e-06	3.179604e-06	5.404395e-09	2.474291e+01	3.538750e+02
1.520000e-06	3.235772e-06	5.510130e-09	2.518000e+01	3.612023e+02
1.530000e-06	3.291386e-06	5.615275e-09	2.561277e+01	3.681389e+02
1.540000e-06	3.346391e-06	5.717256e-09	2.604081e+01	3.747095e+02
1.550000e-06	3.400686e-06	5.811787e-09	2.646332e+01	3.809381e+02
1.560000e-06	3.454161e-06	5.898589e-09	2.687945e+01	3.868508e+02
1.570000e-06	3.506818e-06	5.982876e-09	2.728921e+01	3.924765e+02
1.580000e-06	3.558598e-06	6.066798e-09	2.769216e+01	3.978465e+02
1.590000e-06	3.609324e-06	6.147263e-09	2.808690e+01	4.029922e+02
1.600000e-06	3.658934e-06	6.220657e-09	2.847295e+01	4.079414e+02
1.610000e-06	3.707609e-06	6.290387e-09	2.885172e+01	4.127156e+02
1.620000e-06	3.755489e-06	6.361509e-09	2.922432e+01	4.173274e+02
1.630000e-06	3.802555e-06	6.433635e-09	2.959057e+01	4.217799e+02
1.640000e-06	3.848874e-06	6.499955e-09	2.995101e+01	4.260688e+02
1.650000e-06	3.894444e-06	6.556788e-09	3.030563e+01	4.301853e+02
1.660000e-06	3.939217e-06	6.610979e-09	3.065404e+01	4.341207e+02
1.670000e-06	3.983377e-06	6.667416e-09	3.099768e+01	4.378708e+02
1.680000e-06	4.026795e-06	6.722957e-09	3.133555e+01	4.414384e+02
1.690000e-06	4.068968e-06	6.773684e-09	3.166373e+01	4.448349e+02
1.700000e-06	4.109887e-06	6.820849e-09	3.198215e+01	4.480782e+02
1.710000e-06	4.150003e-06	6.868304e-09	3.229433e+01	4.511897e+02
1.720000e-06	4.189425e-06	6.916271e-09	3.260110e+01	4.541897e+02
1.730000e-06	4.227953e-06	6.961284e-09	3.290091e+01	4.570926e+02
1.740000e-06	4.265544e-06	7.002115e-09	3.319344e+01	4.599044e+02
1.750000e-06	4.302300e-06	7.040796e-09	3.347947e+01	4.626218e+02
1.760000e-06	4.338295e-06	7.079598e-09	3.375957e+01	4.652336e+02
1.770000e-06	4.373252e-06	7.118435e-09	3.403160e+01	4.677250e+02
1.780000e-06	4.406922e-06	7.152322e-09	3.429361e+01	4.700823e+02
1.790000e-06	4.439499e-06	7.180606e-09	3.454711e+01	4.722977e+02
1.800000e-06	4.471183e-06	7.209084e-09	3.479368e+01	4.743728e+02
1.810000e-06	4.502002e-06	7.241165e-09	3.503350e+01	4.763189e+02
1.820000e-06	4.531931e-06	7.274057e-09	3.526640e+01	4.781556e+02
1.830000e-06	4.560942e-06	7.303550e-09	3.549215e+01	4.799062e+02
1.840000e-06	4.589143e-06	7.329894e-09	3.571161e+01	4.815924e+02
1.850000e-06	4.616363e-06	7.355088e-09	3.592343e+01	4.832290e+02
1.860000e-06	4.642171e-06	7.379764e-09	3.612426e+01	4.848205e+02
1.870000e-06	4.666703e-06	7.400964e-09	3.631516e+01	4.863605e+02
1.880000e-06	4.690256e-06	7.418764e-09	3.649845e+01	4.878336e+02
1.890000e-06	4.712859e-06	7.437771e-09	3.667434e+01	4.892206e+02
1.900000e-06	4.734505e-06	7.459764e-09	3.684278e+01	4.905042e+02
1.910000e-06	4.755244e-06	7.482953e-09	3.700417e+01	4.916744e+02
1.920000e-06	4.775091e-06	7.502137e-09	3.715861e+01	4.927333e+02
1.930000e-06	4.793924e-06	7.516455e-09	3.730517e+01	4.936945e+02
1.940000e-06	4.811614e-06	7.528913e-09	3.744282e+01	4.945815e+02
1.950000e-06	4.828189e-06	7.542945e-09	3.757181e+01	4.954216e+02
1.960000e-06	4.843605e-06	7.557989e-09	3.769177e+01	4.962393e+02
1.970000e-06	4.857901e-06	7.571650e-09	3.780302e+01	4.970497e+02
1.980000e-06	4.871181e-06	7.584494e-09	3.790636e+01	4.978539e+02
1.990000e-06	4.883386e-06	7.598945e-09	3.800133e+01	4.986385e+02
2.000000e-06	4.894367e-06	7.614229e-09	3.808679e+01	4.993785e+02
2.010000e-06	4.903926e-06	7.625539e-09	3.816118e+01	5.000434e+02
2.020000e-06	4.912289e-06	7.631444e-09	3.822625e+01	5.006054e+02
2.030000e-06	4.919722e-06	7.634802e-09	3.828410e+01	5.010473e+02
2.040000e-06	4.926128e-06	7.639389e-09	3.833394e+01	5.013672e+02
2.050000e-06	4.931507e-06	7.647068e-09	3.837580e+01	5.015806e+02
2.060000e-06	4.935945e-06	7.655257e-09	3.841034e+01	5.017168e+02
2.070000e-06	4.939338e-06	7.662013e-09	3.843674e+01	5.018116e+02
2.080000e-06	4.941445e-06	7.668266e-09	3.845314e+01	5.018982e+02
2.090000e-06	4.942327e-06	7.673276e-09	3.846000e+01	5.019977e+02
2.100000e-06	4.942220e-06	7.674524e-09	3.845917e+01	5.021126e+02
2.110000e-06	4.941104e-06	7.670082e-09	3.845048e+01	5.022246e+02
2.120000e-06	4.938980e-06	7.661905e-09	3.843395e+01	5.022981e+02
2.130000e-06	4.935979e-06	7.659598e-09	3.841060e+01	5.022890e+02
2.140000e-06	4.932147e-06	7.660385e-09	3.838079e+01	5.021561e+02
2.150000e-06	4.927217e-06	7.659320e-09	3.834242e+01	5.018734e+02
2.160000e-06	4.920936e-06	7.664833e-09	3.829354e+01	5.014405e+02
2.170000e-06	4.913588e-06	7.676702e-09	3.823636e+01	5.008865e+02
2.180000e-06	4.905386e-06	7.646800e-09	3.817254e+01	5.002681e+02
2.190000e-06	4.895990e-06	7.543230e-09	3.809942e+01	4.996609e+02
2.200000e-06	4.884828e-06	7.533693e-09	3.801256e+01	4.991448e+02
2.210000e-06	4.871791e-06	7.654501e-09	3.791111e+01	4.987877e+02
2.220000e-06	4.857771e-06	7.678397e-09	3.780200e+01	4.986303e+02
2.230000e-06	4.843525e-06	7.526148e-09	3.769115e+01	4.986752e+02
2.240000e-06	4.828377e-06	7.527229e-09	3.757327e+01	4.988833e+02
2.250000e-06	4.811694e-06	7.744445e-09	3.744345e+01	4.991789e+02
2.260000e-06	4.794147e-06	7.622685e-09	3.730690e+01	4.994616e+02
2.270000e-06	4.776014e-06	7.509755e-09	3.716579e+01	4.996238e+02
2.280000e-06	4.756757e-06	7.765578e-09	3.701594e+01	4.995697e+02
2.290000e-06	4.736462e-06	7.662492e-09	3.685801e+01	4.992318e+02
2.300000e-06	4.715261e-06	7.434378e-09	3.669303e+01	4.985823e+02
2.310000e-06	4.692667e-06	7.643223e-09	3.651721e+01	4.976364e+02
2.320000e-06	4.668852e-06	7.615485e-09	3.633188e+01	4.964469e+02
2.330000e-06	4.644133e-06	7.384497e-09	3.613953e+01	4.950928e+02
2.340000e-06	4.618192e-06	7.499445e-09	3.593766e+01	4.936626e+02
2.350000e-06	4.591235e-06	7.510680e-09	3.572788e+01	4.922374e+02
2.360000e-06	4.563502e-06	7.426834e-09	3.551208e+01	4.908765e+02
2.370000e-06	4.534598e-06	7.494550e-09	3.528716e+01	4.896080e+02
2.380000e-06	4.504549e-06	7.432944e-09	3.505332e+01	4.884276e+02
2.390000e-06	4.473497e-06	7.390373e-09	3.481168e+01	4.873023e+02
2.400000e-06	4.441378e-06	7.423575e-09	3.456174e+01	4.861814e+02
2.410000e-06	4.408435e-06	7.318589e-09	3.430538e+01	4.850081e+02
2.420000e-06	4.374558e-06	7.342715e-09	3.404176e+01	4.837328e+02
2.430000e-06	4.339620e-06	7.353220e-09	3.376988e+01	4.823220e+02
2.440000e-06	4.304023e-06	7.252967e-09	3.349288e+01	4.807631e+02
2.450000e-06	4.267626e-06	7.336637e-09	3.320964e+01	4.790644e+02
2.460000e-06	4.229964e-06	7.295140e-09	3.291656e+01	4.772496e+02
2.470000e-06	4.191077e-06	7.185562e-09	3.261396e+01	4.753503e+02
2.480000e-06	4.151264e-06	7.205798e-09	3.230414e+01	4.733975e+02
2.490000e-06	4.110647e-06	7.148069e-09	3.198807e+01	4.714144e+02
2.500000e-06	4.069192e-06	7.132004e-09	3.166548e+01	4.694118e+02
2.510000e-06	4.026902e-06	7.120072e-09	3.133638e+01	4.673881e+02
2.520000e-06	3.983859e-06	7.056125e-09	3.100143e+01	4.653312e+02
2.530000e-06	3.940134e-06	7.062786e-09	3.066117e+01	4.632241e+02
2.540000e-06	3.895581e-06	7.024119e-09	3.031448e+01	4.610501e+02
2.550000e-06	3.849963e-06	6.987344e-09	2.995948e+01	4.587977e+02
2.560000e-06	3.803392e-06	6.942849e-09	2.959708e+01	4.564636e+02
2.570000e-06	3.756092e-06	6.873308e-09	2.922901e+01	4.540527e+02
2.580000e-06	3.707866e-06	6.881115e-09	2.885372e+01	4.515761e+02
2.590000e-06	3.658662e-06	6.838119e-09	2.847083e+01	4.490479e+02
2.600000e-06	3.608685e-06	6.796586e-09	2.808192e+01	4.464803e+02
2.610000e-06	3.557900e-06	6.760741e-09	2.768672e+01	4.438812e+02
2.620000e-06	3.506285e-06	6.701990e-09	2.728507e+01	4.412517e+02
2.630000e-06	3.453741e-06	6.696452e-09	2.687619e+01	4.385866e+02
2.640000e-06	3.400144e-06	6.640650e-09	2.645910e+01	4.358763e+02
2.650000e-06	3.345508e-06	6.585685e-09	2.603394e+01	4.331094e+02
2.660000e-06	3.290086e-06	6.542308e-09	2.560266e+01	4.302762e+02
2.670000e-06	3.234107e-06	6.497114e-09	2.516704e+01	4.273708e+02
2.680000e-06	3.177459e-06	6.479640e-09	2.472622e+01	4.243920e+02
2.690000e-06	3.120157e-06	6.416635e-09	2.428031e+01	4.213430e+02
2.700000e-06	3.062178e-06	6.362548e-09	2.382913e+01	4.182293e+02
2.710000e-06	3.003530e-06	6.318514e-09	2.337275e+01	4.150567e+02
2.720000e-06	2.944351e-06	6.274110e-09	2.291223e+01	4.118284e+02
2.730000e-06	2.884698e-06	6.240877e-09	2.244803e+01	4.085442e+02
2.740000e-06	2.824430e-06	6.172816e-09	2.197903e+01	4.051996e+02
2.750000e-06	2.763332e-06	6.115975e-09	2.150359e+01	4.017875e+02
2.760000e-06	2.701380e-06	6.069019e-09	2.102149e+01	3.982992e+02
2.770000e-06	2.638710e-06	6.021222e-09	2.053381e+01	3.947276e+02
2.780000e-06	2.575495e-06	5.969204e-09	2.004188e+01	3.910685e+02
2.790000e-06	2.511835e-06	5.897131e-09	1.954650e+01	3.873216e+02
2.800000e-06	2.447676e-06	5.844565e-09	1.904722e+01	3.834908e+02
2.810000e-06	2.382941e-06	5.793729e-09	1.854348e+01	3.795820e+02
2.820000e-06	2.317640e-06	5.741100e-09	1.803532e+01	3.756021e+02
2.830000e-06	2.251868e-06	5.678020e-09	1.752349e+01	3.715561e+02
2.840000e-06	2.185585e-06	5.604198e-09	1.700769e+01	3.674455e+02
2.850000e-06	2.118783e-06	5.546804e-09	1.648786e+01	3.632682e+02
2.860000e-06	2.051646e-06	5.484612e-09	1.596542e+01	3.590183e+02
2.870000e-06	1.984215e-06	5.421212e-09	1.544069e+01	3.546880e+02
2.880000e-06	1.916427e-06	5.349264e-09	1.491318e+01	3.502695e+02
2.890000e-06	1.848198e-06	5.278799e-09	1.438223e+01	3.457567e+02
2.900000e-06	1.779433e-06	5.218940e-09	1.384712e+01	3.411469e+02
2.910000e-06	1.710093e-06	5.152837e-09	1.330754e+01	3.364409e+02
2.920000e-06	1.640163e-06	5.079287e-09	1.276335e+01	3.316424e+02
2.930000e-06	1.569749e-06	4.997659e-09	1.221541e+01	3.267562e+02
2.940000e-06	1.499001e-06	4.923489e-09	1.166486e+01	3.217864e+02
2.950000e-06	1.427904e-06	4.852296e-09	1.111161e+01	3.167345e+02
2.960000e-06	1.356548e-06	4.776576e-09	1.055633e+01	3.115983e+02
2.970000e-06	1.284989e-06	4.694188e-09	9.999479e+00	3.063721e+02
2.980000e-06	1.213237e-06	4.608866e-09	9.441122e+00	3.010472e+02
2.990000e-06	1.141328e-06	4.531714e-09	8.881538e+00	2.956141e+02
3.000000e-06	1.069224e-06	4.453550e-09	8.320445e+00	2.900639e+02
3.010000e-06	9.969297e-07	4.365370e-09	7.757867e+00	2.843905e+02
3.020000e-06	9.243778e-07	4.272329e-09	7.193286e+00	2.785911e+02
3.030000e-06	8.516132e-07	4.184207e-09	6.627049e+00	2.726657e+02
3.040000e-06	7.787374e-07	4.099188e-09	6.059948e+00	2.666166e+02
3.050000e-06	7.057221e-07	4.007811e-09	5.491760e+00	2.604457e+02
3.060000e-06	6.325082e-07	3.906164e-09	4.922027e+00	2.541534e+02
3.070000e-06	5.591042e-07	3.803970e-09	4.350815e+00	2.477365e+02
3.080000e-06	4.856243e-07	3.708246e-09	3.779011e+00	2.411880e+02
3.090000e-06	4.121052e-07	3.612658e-09	3.206904e+00	2.344974e+02
3.100000e-06	3.385019e-07	3.508993e-09	2.634140e+00	2.276519e+02
3.110000e-06	2.647997e-07	3.397573e-09	2.060608e+00	2.206385e+02
3.120000e-06	1.910267e-07	3.286409e-09	1.486524e+00	2.134454e+02
3.130000e-06	1.172090e-07	3.177986e-09	9.120925e-01	2.060635e+02
3.140000e-06	4.337298e-08	3.064154e-09	3.375181e-01	1.984865e+02
3.150000e-06	-3.045650e-08	2.940817e-09	-2.370052e-01	1.907103e+02
3.160000e-06	-1.042564e-07	2.815359e-09	-8.112986e-01	1.827313e+02
3.170000e-06	-1.780252e-07	2.693374e-09	-1.385349e+00	1.745453e+02
3.180000e-06	-2.517343e-07	2.573172e-09	-1.958936e+00	1.661455e+02
3.190000e-06	-3.253706e-07	2.446144e-09	-2.531956e+00	1.575227e+02
3.200000e-06	-3.989676e-07	2.309545e-09	-3.104670e+00	1.486653e+02
3.210000e-06	-4.725120e-07	2.169976e-09	-3.676975e+00	1.395615e+02
3.220000e-06	-5.459781e-07	2.030244e-09	-4.248670e+00	1.302014e+02
3.230000e-06	-6.192881e-07	1.885383e-09	-4.819151e+00	1.205792e+02
3.240000e-06	-6.924188e-07	1.730538e-09	-5.388237e+00	1.106946e+02
3.250000e-06	-7.653561e-07	1.570919e-09	-5.955817e+00	1.005536e+02
3.260000e-06	-8.380765e-07	1.413537e-09	-6.521710e+00	9.016610e+01
3.270000e-06	-9.106143e-07	1.258160e-09	-7.086182e+00	7.954400e+01
3.280000e-06	-9.829678e-07	1.097379e-09	-7.649219e+00	6.869692e+01
3.290000e-06	-1.055152e-06	9.268417e-10	-8.210940e+00	5.762867e+01
3.300000e-06	-1.127141e-06	7.530523e-10	-8.771139e+00	4.633421e+01
3.310000e-06	-1.198899e-06	5.793405e-10	-9.329548e+00	3.479848e+01
3.320000e-06	-1.270453e-06	4.004797e-10	-9.886362e+00	2.299712e+01
3.330000e-06	-1.341814e-06	2.116397e-10	-1.044167e+01	1.089936e+01
3.340000e-06	-1.412932e-06	1.482269e-11	-1.099510e+01	-1.527537e+00
3.350000e-06	-1.483724e-06	-1.830048e-10	-1.154599e+01	-1.431316e+01
3.360000e-06	-1.554166e-06	-3.803421e-10	-1.209415e+01	-2.747893e+01
3.370000e-06	-1.624165e-06	-5.827810e-10	-1.263886e+01	-4.103423e+01
3.380000e-06	-1.693602e-06	-7.929823e-10	-1.317920e+01	-5.497419e+01
3.390000e-06	-1.762455e-06	-1.011867e-09	-1.371500e+01	-6.927917e+01
3.400000e-06	-1.830772e-06	-1.237825e-09	-1.424663e+01	-8.391584e+01
3.410000e-06	-1.898650e-06	-1.467949e-09	-1.477483e+01	-9.883915e+01
3.420000e-06	-1.966159e-06	-1.702146e-09	-1.530018e+01	-1.139945e+02
3.430000e-06	-2.033391e-06	-1.938358e-09	-1.582336e+01	-1.293193e+02
3.440000e-06	-2.100316e-06	-2.174065e-09	-1.634416e+01	-1.447442e+02
3.450000e-06	-2.166827e-06	-2.407845e-09	-1.686173e+01	-1.601933e+02
3.460000e-06	-2.232900e-06	-2.641530e-09	-1.737589e+01	-1.755839e+02
3.470000e-06	-2.298494e-06	-2.876556e-09	-1.788633e+01	-1.908272e+02
3.480000e-06	-2.363573e-06	-3.109673e-09	-1.839275e+01	-2.058293e+02
3.490000e-06	-2.428102e-06	-3.335377e-09	-1.889490e+01	-2.204945e+02
3.500000e-06	-2.492142e-06	-3.553044e-09	-1.939325e+01	-2.347294e+02
3.510000e-06	-2.555736e-06	-3.765285e-09	-1.988812e+01	-2.484483e+02
3.520000e-06	-2.618880e-06	-3.971843e-09	-2.037949e+01	-2.615797e+02
3.530000e-06	-2.681502e-06	-4.168403e-09	-2.086680e+01	-2.740709e+02
3.540000e-06	-2.743379e-06	-4.348677e-09	-2.134831e+01	-2.858916e+02
3.550000e-06	-2.804440e-06	-4.516030e-09	-2.182348e+01	-2.970349e+02
3.560000e-06	-2.864728e-06	-4.675783e-09	-2.229262e+01	-3.075152e+02
3.570000e-06	-2.924329e-06	-4.829366e-09	-2.275643e+01	-3.173641e+02
3.580000e-06	-2.983344e-06	-4.975115e-09	-2.321566e+01	-3.266240e+02
3.590000e-06	-3.041754e-06	-5.109126e-09	-2.367020e+01	-3.353421e+02
3.600000e-06	-3.099512e-06	-5.234229e-09	-2.411965e+01	-3.435645e+02
3.610000e-06	-3.156563e-06	-5.356708e-09	-2.456362e+01	-3.513320e+02
3.620000e-06	-3.212885e-06	-5.472837e-09	-2.500190e+01	-3.586790e+02
3.630000e-06	-3.268596e-06	-5.579444e-09	-2.543543e+01	-3.656341e+02
3.640000e-06	-3.323742e-06	-5.679415e-09	-2.586456e+01	-3.722219e+02
3.650000e-06	-3.378078e-06	-5.775628e-09	-2.628739e+01	-3.784665e+02
3.660000e-06	-3.431335e-06	-5.867599e-09	-2.670183e+01	-3.843938e+02
3.670000e-06	-3.483532e-06	-5.952226e-09	-2.710801e+01	-3.900326e+02
3.680000e-06	-3.534861e-06	-6.032382e-09	-2.750744e+01	-3.954141e+02
3.690000e-06	-3.585440e-06	-6.112531e-09	-2.790103e+01	-4.005697e+02
3.700000e-06	-3.635253e-06	-6.195199e-09	-2.828866e+01	-4.055277e+02
3.710000e-06	-3.684148e-06	-6.275128e-09	-2.866916e+01	-4.103097e+02
3.720000e-06	-3.731928e-06	-6.347447e-09	-2.904096e+01	-4.149290e+02
3.730000e-06	-3.778621e-06	-6.414866e-09	-2.940432e+01	-4.193890e+02
3.740000e-06	-3.824507e-06	-6.479549e-09	-2.976139e+01	-4.236858e+02
3.750000e-06	-3.869677e-06	-6.543455e-09	-3.011290e+01	-4.278106e+02
3.760000e-06	-3.914020e-06	-6.604432e-09	-3.045796e+01	-4.317547e+02
3.770000e-06	-3.957637e-06	-6.660929e-09	-3.079738e+01	-4.355135e+02
3.780000e-06	-4.000640e-06	-6.716072e-09	-3.113202e+01	-4.390895e+02
3.790000e-06	-4.042884e-06	-6.772451e-09	-3.146075e+01	-4.424936e+02
3.800000e-06	-4.084248e-06	-6.828040e-09	-3.178264e+01	-4.457436e+02
3.810000e-06	-4.124764e-06	-6.877745e-09	-3.209792e+01	-4.488608e+02
3.820000e-06	-4.164456e-06	-6.922435e-09	-3.240680e+01	-4.518653e+02
3.830000e-06	-4.203309e-06	-6.966195e-09	-3.270914e+01	-4.547724e+02
3.840000e-06	-4.241091e-06	-7.011237e-09	-3.300315e+01	-4.575883e+02
3.850000e-06	-4.277600e-06	-7.054649e-09	-3.328725e+01	-4.603100e+02
3.860000e-06	-4.313102e-06	-7.094678e-09	-3.356353e+01	-4.629270e+02
3.870000e-06	-4.347868e-06	-7.132906e-09	-3.383406e+01	-4.654242e+02
3.880000e-06	-4.381784e-06	-7.169603e-09	-3.409799e+01	-4.677880e+02
3.890000e-06	-4.414752e-06	-7.203132e-09	-3.435454e+01	-4.700100e+02
3.900000e-06	-4.446789e-06	-7.233868e-09	-3.460384e+01	-4.720914e+02
3.910000e-06	-4.477935e-06	-7.264499e-09	-3.484621e+01	-4.740430e+02
3.920000e-06	-4.508045e-06	-7.296679e-09	-3.508053e+01	-4.758841e+02
3.930000e-06	-4.536864e-06	-7.327872e-09	-3.530479e+01	-4.776380e+02
3.940000e-06	-4.564595e-06	-7.355489e-09	-3.552058e+01	-4.793264e+02
3.950000e-06	-4.591460e-06	-7.379281e-09	-3.572964e+01	-4.809647e+02
3.960000e-06	-4.617307e-06	-7.400180e-09	-3.593077e+01	-4.825581e+02
3.970000e-06	-4.642079e-06	-7.420571e-09	-3.612355e+01	-4.841004e+02
3.980000e-06	-4.665888e-06	-7.440232e-09	-3.630882e+01	-4.855769e+02
3.990000e-06	-4.688910e-06	-7.460504e-09	-3.648797e+01	-4.869681e+02
4.000000e-06	-4.710910e-06	-7.481016e-09	-3.665917e+01	-4.882566e+02
4.010000e-06	-4.731497e-06	-7.499933e-09	-3.681937e+01	-4.894321e+02
4.020000e-06	-4.750983e-06	-7.516422e-09	-3.697101e+01	-4.904958e+02
4.030000e-06	-4.769572e-06	-7.529986e-09	-3.711567e+01	-4.914609e+02
4.040000e-06	-4.787139e-06	-7.540902e-09	-3.725237e+01	-4.923504e+02
4.050000e-06	-4.803756e-06	-7.550913e-09	-3.738167e+01	-4.931917e+02
4.060000e-06	-4.819489e-06	-7.561345e-09	-3.750411e+01	-4.940096e+02
4.070000e-06	-4.834303e-06	-7.570918e-09	-3.761938e+01	-4.948196e+02
4.080000e-06	-4.847764e-06	-7.582023e-09	-3.772413e+01	-4.956238e+02
4.090000e-06	-4.859736e-06	-7.594540e-09	-3.781730e+01	-4.964095e+02
4.100000e-06	-4.870583e-06	-7.605750e-09	-3.790171e+01	-4.971519e+02
4.110000e-06	-4.880353e-06	-7.614561e-09	-3.797773e+01	-4.978207e+02
4.120000e-06	-4.889024e-06	-7.618446e-09	-3.804521e+01	-4.983879e+02
4.130000e-06	-4.896740e-06	-7.620387e-09	-3.810525e+01	-4.988354e+02
4.140000e-06	-4.903553e-06	-7.623192e-09	-3.815827e+01	-4.991607e+02
4.150000e-06	-4.909123e-06	-7.625736e-09	-3.820162e+01	-4.993783e+02
4.160000e-06	-4.913323e-06	-7.627616e-09	-3.823430e+01	-4.995170e+02
4.170000e-06	-4.916493e-06	-7.628604e-09	-3.825897e+01	-4.996125e+02
4.180000e-06	-4.918733e-06	-7.632256e-09	-3.827640e+01	-4.996984e+02
4.190000e-06	-4.920018e-06	-7.636171e-09	-3.828640e+01	-4.997965e+02
4.200000e-06	-4.920281e-06	-7.635056e-09	-3.828845e+01	-4.999104e+02
