# Temperatura_=_43.96
# Concentracion g/m^3_=_18600.0
# C_Vs_to_Am_M_A/Vsm_=_65563218390.804596
# pendiente_HvsI_1/m_=_3716.3
# ordenada_HvsI_A/m_=_1297.0
# frecuencia_Hz_=_238077.36575372887

Tiempo_(s)	Campo_(V.s)	Magnetizacion_(V.s)	Campo_(kA/m)	Magnetizacion_(A/m)
0.000000e+00	-4.926149e-06	-9.249420e-09	-3.828737e+01	-6.081751e+02
1.000000e-08	-4.925267e-06	-9.252342e-09	-3.828051e+01	-6.085810e+02
2.000000e-08	-4.923245e-06	-9.253338e-09	-3.826480e+01	-6.089264e+02
3.000000e-08	-4.919954e-06	-9.251299e-09	-3.823921e+01	-6.091403e+02
4.000000e-08	-4.915700e-06	-9.251195e-09	-3.820615e+01	-6.091612e+02
5.000000e-08	-4.910539e-06	-9.248425e-09	-3.816604e+01	-6.089552e+02
6.000000e-08	-4.904356e-06	-9.239763e-09	-3.811799e+01	-6.085305e+02
7.000000e-08	-4.897143e-06	-9.230373e-09	-3.806193e+01	-6.079431e+02
8.000000e-08	-4.888824e-06	-9.275617e-09	-3.799727e+01	-6.072912e+02
9.000000e-08	-4.879048e-06	-9.330903e-09	-3.792129e+01	-6.067004e+02
1.000000e-07	-4.867606e-06	-9.293327e-09	-3.783236e+01	-6.062998e+02
1.100000e-07	-4.854980e-06	-9.148563e-09	-3.773422e+01	-6.061961e+02
1.200000e-07	-4.841499e-06	-9.147263e-09	-3.762944e+01	-6.064490e+02
1.300000e-07	-4.826921e-06	-9.364429e-09	-3.751614e+01	-6.070558e+02
1.400000e-07	-4.810902e-06	-9.263596e-09	-3.739163e+01	-6.079469e+02
1.500000e-07	-4.793697e-06	-9.009962e-09	-3.725791e+01	-6.089937e+02
1.600000e-07	-4.775621e-06	-9.356465e-09	-3.711742e+01	-6.100300e+02
1.700000e-07	-4.756420e-06	-9.536997e-09	-3.696819e+01	-6.108793e+02
1.800000e-07	-4.736282e-06	-9.200653e-09	-3.681167e+01	-6.113856e+02
1.900000e-07	-4.715587e-06	-9.386142e-09	-3.665082e+01	-6.114395e+02
2.000000e-07	-4.693874e-06	-9.545001e-09	-3.648206e+01	-6.109957e+02
2.100000e-07	-4.670925e-06	-9.186593e-09	-3.630369e+01	-6.100776e+02
2.200000e-07	-4.647123e-06	-9.278594e-09	-3.611870e+01	-6.087691e+02
2.300000e-07	-4.622370e-06	-9.470690e-09	-3.592631e+01	-6.071951e+02
2.400000e-07	-4.596461e-06	-9.240957e-09	-3.572495e+01	-6.054960e+02
2.500000e-07	-4.569373e-06	-9.266979e-09	-3.551441e+01	-6.038010e+02
2.600000e-07	-4.541179e-06	-9.314460e-09	-3.529528e+01	-6.022053e+02
2.700000e-07	-4.512055e-06	-9.200959e-09	-3.506892e+01	-6.007571e+02
2.800000e-07	-4.482035e-06	-9.242303e-09	-3.483559e+01	-5.994542e+02
2.900000e-07	-4.451040e-06	-9.197527e-09	-3.459469e+01	-5.982526e+02
3.000000e-07	-4.419180e-06	-9.128108e-09	-3.434706e+01	-5.970811e+02
3.100000e-07	-4.386564e-06	-9.181367e-09	-3.409356e+01	-5.958616e+02
3.200000e-07	-4.352970e-06	-9.118775e-09	-3.383246e+01	-5.945266e+02
3.300000e-07	-4.318202e-06	-9.090316e-09	-3.356224e+01	-5.930332e+02
3.400000e-07	-4.282304e-06	-9.137760e-09	-3.328323e+01	-5.913686e+02
3.500000e-07	-4.245412e-06	-9.014589e-09	-3.299649e+01	-5.895482e+02
3.600000e-07	-4.207597e-06	-8.985738e-09	-3.270258e+01	-5.876067e+02
3.700000e-07	-4.168885e-06	-9.043467e-09	-3.240170e+01	-5.855856e+02
3.800000e-07	-4.129269e-06	-8.968613e-09	-3.209380e+01	-5.835205e+02
3.900000e-07	-4.088901e-06	-8.904621e-09	-3.178005e+01	-5.814311e+02
4.000000e-07	-4.047702e-06	-8.902681e-09	-3.145984e+01	-5.793169e+02
4.100000e-07	-4.005320e-06	-8.864434e-09	-3.113043e+01	-5.771589e+02
4.200000e-07	-3.961798e-06	-8.823801e-09	-3.079217e+01	-5.749259e+02
4.300000e-07	-3.917372e-06	-8.806914e-09	-3.044688e+01	-5.725844e+02
4.400000e-07	-3.872115e-06	-8.740428e-09	-3.009513e+01	-5.701084e+02
4.500000e-07	-3.826051e-06	-8.688245e-09	-2.973711e+01	-5.674866e+02
4.600000e-07	-3.779169e-06	-8.686074e-09	-2.937272e+01	-5.647251e+02
4.700000e-07	-3.731454e-06	-8.642594e-09	-2.900187e+01	-5.618463e+02
4.800000e-07	-3.682869e-06	-8.562322e-09	-2.862426e+01	-5.588825e+02
4.900000e-07	-3.633284e-06	-8.518515e-09	-2.823887e+01	-5.558673e+02
5.000000e-07	-3.582559e-06	-8.487419e-09	-2.784462e+01	-5.528277e+02
5.100000e-07	-3.530841e-06	-8.450062e-09	-2.744266e+01	-5.497775e+02
5.200000e-07	-3.478238e-06	-8.399695e-09	-2.703381e+01	-5.467152e+02
5.300000e-07	-3.424787e-06	-8.330053e-09	-2.661838e+01	-5.436251e+02
5.400000e-07	-3.370613e-06	-8.285200e-09	-2.619732e+01	-5.404830e+02
5.500000e-07	-3.315684e-06	-8.249085e-09	-2.577039e+01	-5.372627e+02
5.600000e-07	-3.260077e-06	-8.199511e-09	-2.533820e+01	-5.339438e+02
5.700000e-07	-3.203871e-06	-8.130504e-09	-2.490136e+01	-5.305161e+02
5.800000e-07	-3.146921e-06	-8.066012e-09	-2.445873e+01	-5.269822e+02
5.900000e-07	-3.089220e-06	-8.025207e-09	-2.401025e+01	-5.233553e+02
6.000000e-07	-3.030798e-06	-7.981772e-09	-2.355618e+01	-5.196551e+02
6.100000e-07	-2.971574e-06	-7.919594e-09	-2.309588e+01	-5.159015e+02
6.200000e-07	-2.911656e-06	-7.843416e-09	-2.263018e+01	-5.121086e+02
6.300000e-07	-2.851123e-06	-7.785586e-09	-2.215970e+01	-5.082811e+02
6.400000e-07	-2.790024e-06	-7.741764e-09	-2.168482e+01	-5.044123e+02
6.500000e-07	-2.728409e-06	-7.684621e-09	-2.120593e+01	-5.004866e+02
6.600000e-07	-2.666238e-06	-7.607666e-09	-2.072272e+01	-4.964833e+02
6.700000e-07	-2.603459e-06	-7.535150e-09	-2.023479e+01	-4.923823e+02
6.800000e-07	-2.540143e-06	-7.478742e-09	-1.974268e+01	-4.881692e+02
6.900000e-07	-2.476330e-06	-7.422958e-09	-1.924671e+01	-4.838383e+02
7.000000e-07	-2.411983e-06	-7.352839e-09	-1.874659e+01	-4.793937e+02
7.100000e-07	-2.347109e-06	-7.272523e-09	-1.824237e+01	-4.748470e+02
7.200000e-07	-2.281659e-06	-7.201497e-09	-1.773368e+01	-4.702134e+02
7.300000e-07	-2.215510e-06	-7.139144e-09	-1.721954e+01	-4.655068e+02
7.400000e-07	-2.148687e-06	-7.071643e-09	-1.670017e+01	-4.607353e+02
7.500000e-07	-2.081300e-06	-6.986002e-09	-1.617643e+01	-4.558989e+02
7.600000e-07	-2.013490e-06	-6.901031e-09	-1.564939e+01	-4.509889e+02
7.700000e-07	-1.945295e-06	-6.829297e-09	-1.511936e+01	-4.459907e+02
7.800000e-07	-1.876734e-06	-6.759733e-09	-1.458649e+01	-4.408875e+02
7.900000e-07	-1.807899e-06	-6.678178e-09	-1.405148e+01	-4.356650e+02
8.000000e-07	-1.738773e-06	-6.584954e-09	-1.351421e+01	-4.303151e+02
8.100000e-07	-1.669325e-06	-6.496742e-09	-1.297444e+01	-4.248383e+02
8.200000e-07	-1.599480e-06	-6.415794e-09	-1.243159e+01	-4.192428e+02
8.300000e-07	-1.529209e-06	-6.333341e-09	-1.188543e+01	-4.135425e+02
8.400000e-07	-1.458539e-06	-6.236513e-09	-1.133616e+01	-4.077526e+02
8.500000e-07	-1.387495e-06	-6.134572e-09	-1.078399e+01	-4.018852e+02
8.600000e-07	-1.316162e-06	-6.041984e-09	-1.022957e+01	-3.959456e+02
8.700000e-07	-1.244658e-06	-5.958930e-09	-9.673819e+00	-3.899302e+02
8.800000e-07	-1.172957e-06	-5.870859e-09	-9.116543e+00	-3.838275e+02
8.900000e-07	-1.100983e-06	-5.767217e-09	-8.557142e+00	-3.776199e+02
9.000000e-07	-1.028832e-06	-5.661787e-09	-7.996365e+00	-3.712879e+02
9.100000e-07	-9.565544e-07	-5.565622e-09	-7.434601e+00	-3.648141e+02
9.200000e-07	-8.840574e-07	-5.470653e-09	-6.871134e+00	-3.581866e+02
9.300000e-07	-8.113619e-07	-5.358849e-09	-6.306125e+00	-3.514005e+02
9.400000e-07	-7.385018e-07	-5.238535e-09	-5.739837e+00	-3.444578e+02
9.500000e-07	-6.654764e-07	-5.128361e-09	-5.172263e+00	-3.373648e+02
9.600000e-07	-5.923931e-07	-5.028743e-09	-4.604240e+00	-3.301292e+02
9.700000e-07	-5.191962e-07	-4.923572e-09	-4.035334e+00	-3.227563e+02
9.800000e-07	-4.457804e-07	-4.803963e-09	-3.464726e+00	-3.152471e+02
9.900000e-07	-3.722448e-07	-4.679003e-09	-2.893188e+00	-3.075964e+02
1.000000e-06	-2.986352e-07	-4.557007e-09	-2.321074e+00	-2.997942e+02
1.010000e-06	-2.249408e-07	-4.434259e-09	-1.748301e+00	-2.918276e+02
1.020000e-06	-1.511654e-07	-4.303566e-09	-1.174898e+00	-2.836839e+02
1.030000e-06	-7.728427e-08	-4.168829e-09	-6.006743e-01	-2.753527e+02
1.040000e-06	-3.347505e-09	-4.037638e-09	-2.601772e-02	-2.668281e+02
1.050000e-06	7.058718e-08	-3.914685e-09	5.486227e-01	-2.581085e+02
1.060000e-06	1.445273e-07	-3.786171e-09	1.123305e+00	-2.491954e+02
1.070000e-06	2.184450e-07	-3.641932e-09	1.697814e+00	-2.400904e+02
1.080000e-06	2.922646e-07	-3.490328e-09	2.271560e+00	-2.307932e+02
1.090000e-06	3.659443e-07	-3.339818e-09	2.844218e+00	-2.212989e+02
1.100000e-06	4.395348e-07	-3.191454e-09	3.416184e+00	-2.115980e+02
1.110000e-06	5.130347e-07	-3.038020e-09	3.987445e+00	-2.016770e+02
1.120000e-06	5.864159e-07	-2.878114e-09	4.557784e+00	-1.915214e+02
1.130000e-06	6.596069e-07	-2.717502e-09	5.126644e+00	-1.811190e+02
1.140000e-06	7.325877e-07	-2.557536e-09	5.693870e+00	-1.704631e+02
1.150000e-06	8.054475e-07	-2.394177e-09	6.260156e+00	-1.595550e+02
1.160000e-06	8.781265e-07	-2.223004e-09	6.825038e+00	-1.484037e+02
1.170000e-06	9.505920e-07	-2.045794e-09	7.388259e+00	-1.370243e+02
1.180000e-06	1.022858e-06	-1.869819e-09	7.949928e+00	-1.254341e+02
1.190000e-06	1.094898e-06	-1.692544e-09	8.509844e+00	-1.136481e+02
1.200000e-06	1.166746e-06	-1.508392e-09	9.068264e+00	-1.016746e+02
1.210000e-06	1.238369e-06	-1.318927e-09	9.624940e+00	-8.951217e+01
1.220000e-06	1.309765e-06	-1.129894e-09	1.017985e+01	-7.714911e+01
1.230000e-06	1.380913e-06	-9.427061e-10	1.073283e+01	-6.456533e+01
1.240000e-06	1.451743e-06	-7.531298e-10	1.128334e+01	-5.173618e+01
1.250000e-06	1.522262e-06	-5.533688e-10	1.183144e+01	-3.863755e+01
1.260000e-06	1.592388e-06	-3.449155e-10	1.237647e+01	-2.525068e+01
1.270000e-06	1.662095e-06	-1.348513e-10	1.291825e+01	-1.156567e+01
1.280000e-06	1.731434e-06	7.727011e-11	1.345718e+01	2.417486e+00
1.290000e-06	1.800475e-06	2.954833e-10	1.399378e+01	1.669030e+01
1.300000e-06	1.869226e-06	5.212851e-10	1.452814e+01	3.123935e+01
1.310000e-06	1.937682e-06	7.487122e-10	1.506019e+01	4.605092e+01
1.320000e-06	2.005822e-06	9.745318e-10	1.558979e+01	6.111521e+01
1.330000e-06	2.073518e-06	1.203068e-09	1.611594e+01	7.642900e+01
1.340000e-06	2.140654e-06	1.440000e-09	1.663774e+01	9.199552e+01
1.350000e-06	2.207138e-06	1.685726e-09	1.715447e+01	1.078216e+02
1.360000e-06	2.272969e-06	1.933880e-09	1.766613e+01	1.239121e+02
1.370000e-06	2.338183e-06	2.181987e-09	1.817299e+01	1.402635e+02
1.380000e-06	2.402883e-06	2.436031e-09	1.867586e+01	1.568575e+02
1.390000e-06	2.467202e-06	2.695286e-09	1.917576e+01	1.736566e+02
1.400000e-06	2.531064e-06	2.954900e-09	1.967211e+01	1.906022e+02
1.410000e-06	2.594387e-06	3.211210e-09	2.016428e+01	2.076173e+02
1.420000e-06	2.657178e-06	3.465267e-09	2.065231e+01	2.246109e+02
1.430000e-06	2.719427e-06	3.721283e-09	2.113612e+01	2.414856e+02
1.440000e-06	2.781101e-06	3.978252e-09	2.161547e+01	2.581455e+02
1.450000e-06	2.842266e-06	4.228572e-09	2.209086e+01	2.745034e+02
1.460000e-06	2.902958e-06	4.468749e-09	2.256258e+01	2.904853e+02
1.470000e-06	2.963121e-06	4.703693e-09	2.303018e+01	3.060325e+02
1.480000e-06	3.022571e-06	4.934744e-09	2.349224e+01	3.211014e+02
1.490000e-06	3.081116e-06	5.157322e-09	2.394727e+01	3.356604e+02
1.500000e-06	3.138739e-06	5.368257e-09	2.439513e+01	3.496864e+02
1.510000e-06	3.195597e-06	5.567223e-09	2.483705e+01	3.631614e+02
1.520000e-06	3.251821e-06	5.758921e-09	2.527404e+01	3.760707e+02
1.530000e-06	3.307333e-06	5.946561e-09	2.570549e+01	3.884028e+02
1.540000e-06	3.362133e-06	6.126519e-09	2.613141e+01	4.001502e+02
1.550000e-06	3.416205e-06	6.295066e-09	2.655167e+01	4.113121e+02
1.560000e-06	3.469547e-06	6.452269e-09	2.696626e+01	4.218962e+02
1.570000e-06	3.522098e-06	6.601903e-09	2.737470e+01	4.319202e+02
1.580000e-06	3.573634e-06	6.747167e-09	2.777525e+01	4.414105e+02
1.590000e-06	3.623974e-06	6.884731e-09	2.816651e+01	4.504007e+02
1.600000e-06	3.673259e-06	7.012217e-09	2.854956e+01	4.589272e+02
1.610000e-06	3.721795e-06	7.134263e-09	2.892680e+01	4.670254e+02
1.620000e-06	3.769626e-06	7.255692e-09	2.929856e+01	4.747260e+02
1.630000e-06	3.816654e-06	7.374131e-09	2.966407e+01	4.820535e+02
1.640000e-06	3.862883e-06	7.477911e-09	3.002337e+01	4.890255e+02
1.650000e-06	3.908317e-06	7.568056e-09	3.037650e+01	4.956556e+02
1.660000e-06	3.953050e-06	7.657337e-09	3.072417e+01	5.019562e+02
1.670000e-06	3.997080e-06	7.748810e-09	3.106639e+01	5.079424e+02
1.680000e-06	4.040148e-06	7.837032e-09	3.140113e+01	5.136342e+02
1.690000e-06	4.082034e-06	7.916537e-09	3.172668e+01	5.190578e+02
1.700000e-06	4.122912e-06	7.991485e-09	3.204439e+01	5.242431e+02
1.710000e-06	4.163044e-06	8.068136e-09	3.235631e+01	5.292209e+02
1.720000e-06	4.202355e-06	8.145714e-09	3.266184e+01	5.340178e+02
1.730000e-06	4.240701e-06	8.218902e-09	3.295988e+01	5.386518e+02
1.740000e-06	4.278127e-06	8.286116e-09	3.325077e+01	5.431296e+02
1.750000e-06	4.314760e-06	8.348319e-09	3.353548e+01	5.474462e+02
1.760000e-06	4.350551e-06	8.408955e-09	3.381366e+01	5.515876e+02
1.770000e-06	4.385303e-06	8.467769e-09	3.408377e+01	5.555355e+02
1.780000e-06	4.418895e-06	8.519132e-09	3.434485e+01	5.592741e+02
1.790000e-06	4.451438e-06	8.566986e-09	3.459778e+01	5.627950e+02
1.800000e-06	4.483004e-06	8.617216e-09	3.484313e+01	5.661016e+02
1.810000e-06	4.513583e-06	8.670198e-09	3.508079e+01	5.692100e+02
1.820000e-06	4.543275e-06	8.722169e-09	3.531156e+01	5.721459e+02
1.830000e-06	4.572166e-06	8.766864e-09	3.553612e+01	5.749396e+02
1.840000e-06	4.600195e-06	8.803964e-09	3.575397e+01	5.776190e+02
1.850000e-06	4.627055e-06	8.841146e-09	3.596273e+01	5.802032e+02
1.860000e-06	4.652612e-06	8.879636e-09	3.616136e+01	5.826986e+02
1.870000e-06	4.677071e-06	8.914128e-09	3.635146e+01	5.850980e+02
1.880000e-06	4.700502e-06	8.944349e-09	3.653358e+01	5.873836e+02
1.890000e-06	4.722930e-06	8.976464e-09	3.670790e+01	5.895333e+02
1.900000e-06	4.744426e-06	9.012551e-09	3.687497e+01	5.915281e+02
1.910000e-06	4.765072e-06	9.047001e-09	3.703543e+01	5.933593e+02
1.920000e-06	4.784768e-06	9.075707e-09	3.718851e+01	5.950325e+02
1.930000e-06	4.803277e-06	9.099510e-09	3.733237e+01	5.965684e+02
1.940000e-06	4.820781e-06	9.121546e-09	3.746842e+01	5.979986e+02
1.950000e-06	4.837215e-06	9.142333e-09	3.759614e+01	5.993582e+02
1.960000e-06	4.852445e-06	9.162704e-09	3.771452e+01	6.006768e+02
1.970000e-06	4.866621e-06	9.180628e-09	3.782470e+01	6.019708e+02
1.980000e-06	4.879725e-06	9.198288e-09	3.792655e+01	6.032376e+02
1.990000e-06	4.891682e-06	9.220183e-09	3.801948e+01	6.044567e+02
2.000000e-06	4.902277e-06	9.243701e-09	3.810183e+01	6.055938e+02
2.010000e-06	4.911657e-06	9.262797e-09	3.817473e+01	6.066103e+02
2.020000e-06	4.920034e-06	9.274004e-09	3.823984e+01	6.074747e+02
2.030000e-06	4.927278e-06	9.280876e-09	3.829614e+01	6.081721e+02
2.040000e-06	4.933389e-06	9.289024e-09	3.834364e+01	6.087105e+02
2.050000e-06	4.938603e-06	9.298570e-09	3.838416e+01	6.091213e+02
2.060000e-06	4.942938e-06	9.307298e-09	3.841786e+01	6.094526e+02
2.070000e-06	4.946004e-06	9.316643e-09	3.844168e+01	6.097584e+02
2.080000e-06	4.947713e-06	9.328129e-09	3.845497e+01	6.100841e+02
2.090000e-06	4.948360e-06	9.337769e-09	3.846000e+01	6.104536e+02
2.100000e-06	4.948015e-06	9.342214e-09	3.845731e+01	6.108609e+02
2.110000e-06	4.946655e-06	9.339916e-09	3.844675e+01	6.112688e+02
2.120000e-06	4.944319e-06	9.337177e-09	3.842859e+01	6.116161e+02
2.130000e-06	4.941156e-06	9.340830e-09	3.840401e+01	6.118321e+02
2.140000e-06	4.937082e-06	9.343479e-09	3.837234e+01	6.118550e+02
2.150000e-06	4.931735e-06	9.343923e-09	3.833079e+01	6.116509e+02
2.160000e-06	4.925178e-06	9.354906e-09	3.827982e+01	6.112283e+02
2.170000e-06	4.917756e-06	9.352032e-09	3.822213e+01	6.106428e+02
2.180000e-06	4.909398e-06	9.252077e-09	3.815717e+01	6.099929e+02
2.190000e-06	4.899634e-06	9.233997e-09	3.808128e+01	6.094041e+02
2.200000e-06	4.887949e-06	9.340229e-09	3.799047e+01	6.090055e+02
2.210000e-06	4.874561e-06	9.419915e-09	3.788641e+01	6.089037e+02
2.220000e-06	4.860661e-06	9.207769e-09	3.777838e+01	6.091586e+02
2.230000e-06	4.846300e-06	9.080976e-09	3.766676e+01	6.097675e+02
2.240000e-06	4.830574e-06	9.521841e-09	3.754454e+01	6.106605e+02
2.250000e-06	4.813701e-06	9.458383e-09	3.741339e+01	6.117094e+02
2.260000e-06	4.796275e-06	9.119818e-09	3.727795e+01	6.127477e+02
2.270000e-06	4.777870e-06	9.473005e-09	3.713490e+01	6.135990e+02
2.280000e-06	4.758270e-06	9.507748e-09	3.698257e+01	6.141072e+02
2.290000e-06	4.737774e-06	9.114745e-09	3.682326e+01	6.141631e+02
2.300000e-06	4.716028e-06	9.316995e-09	3.665425e+01	6.137213e+02
2.310000e-06	4.692980e-06	9.435678e-09	3.647511e+01	6.128052e+02
2.320000e-06	4.669084e-06	9.092729e-09	3.628939e+01	6.114987e+02
2.330000e-06	4.644113e-06	9.191899e-09	3.609530e+01	6.099267e+02
2.340000e-06	4.617916e-06	9.293986e-09	3.589169e+01	6.082296e+02
2.350000e-06	4.590873e-06	9.107067e-09	3.568151e+01	6.065366e+02
2.360000e-06	4.562776e-06	9.220928e-09	3.546313e+01	6.049429e+02
2.370000e-06	4.533482e-06	9.171631e-09	3.523545e+01	6.034967e+02
2.380000e-06	4.503195e-06	9.049394e-09	3.500006e+01	6.021958e+02
2.390000e-06	4.471810e-06	9.206731e-09	3.475612e+01	6.009962e+02
2.400000e-06	4.439525e-06	9.033307e-09	3.450519e+01	5.998267e+02
2.410000e-06	4.406431e-06	9.005979e-09	3.424798e+01	5.986092e+02
2.420000e-06	4.372282e-06	9.151261e-09	3.398256e+01	5.972762e+02
2.430000e-06	4.337347e-06	8.921113e-09	3.371104e+01	5.957847e+02
2.440000e-06	4.301671e-06	9.007556e-09	3.343375e+01	5.941221e+02
2.450000e-06	4.264810e-06	9.095685e-09	3.314726e+01	5.923037e+02
2.460000e-06	4.226705e-06	8.867781e-09	3.285110e+01	5.903642e+02
2.470000e-06	4.187652e-06	8.929597e-09	3.254757e+01	5.883452e+02
2.480000e-06	4.147721e-06	8.918807e-09	3.223721e+01	5.862820e+02
2.490000e-06	4.106899e-06	8.820228e-09	3.191993e+01	5.841946e+02
2.500000e-06	4.065213e-06	8.854230e-09	3.159594e+01	5.820824e+02
2.510000e-06	4.022708e-06	8.765503e-09	3.126557e+01	5.799264e+02
2.520000e-06	3.979501e-06	8.760100e-09	3.092976e+01	5.776954e+02
2.530000e-06	3.935554e-06	8.743082e-09	3.058819e+01	5.753559e+02
2.540000e-06	3.890680e-06	8.694320e-09	3.023942e+01	5.728819e+02
2.550000e-06	3.844845e-06	8.681385e-09	2.988318e+01	5.702620e+02
2.560000e-06	3.798199e-06	8.578180e-09	2.952063e+01	5.675026e+02
2.570000e-06	3.750611e-06	8.581350e-09	2.915076e+01	5.646258e+02
2.580000e-06	3.702082e-06	8.540371e-09	2.877359e+01	5.616639e+02
2.590000e-06	3.652721e-06	8.467771e-09	2.838994e+01	5.586507e+02
2.600000e-06	3.602516e-06	8.445649e-09	2.799973e+01	5.556131e+02
2.610000e-06	3.551534e-06	8.354725e-09	2.760349e+01	5.525649e+02
2.620000e-06	3.499629e-06	8.353566e-09	2.720007e+01	5.495046e+02
2.630000e-06	3.446630e-06	8.317888e-09	2.678814e+01	5.464165e+02
2.640000e-06	3.392619e-06	8.243440e-09	2.636836e+01	5.432764e+02
2.650000e-06	3.337797e-06	8.214846e-09	2.594227e+01	5.400581e+02
2.660000e-06	3.282264e-06	8.136539e-09	2.551065e+01	5.367412e+02
2.670000e-06	3.226025e-06	8.111547e-09	2.507354e+01	5.333155e+02
2.680000e-06	3.169165e-06	8.058682e-09	2.463161e+01	5.297836e+02
2.690000e-06	3.111679e-06	7.980664e-09	2.418481e+01	5.261587e+02
2.700000e-06	3.053516e-06	7.940548e-09	2.373275e+01	5.224605e+02
2.710000e-06	2.994773e-06	7.878701e-09	2.327619e+01	5.187088e+02
2.720000e-06	2.935519e-06	7.849283e-09	2.281565e+01	5.149180e+02
2.730000e-06	2.875694e-06	7.782138e-09	2.235067e+01	5.110924e+02
2.740000e-06	2.815137e-06	7.712662e-09	2.188001e+01	5.072256e+02
2.750000e-06	2.753739e-06	7.659849e-09	2.140281e+01	5.033019e+02
2.760000e-06	2.691613e-06	7.587699e-09	2.091995e+01	4.993006e+02
2.770000e-06	2.628849e-06	7.536594e-09	2.043213e+01	4.952016e+02
2.780000e-06	2.565492e-06	7.456473e-09	1.993970e+01	4.909905e+02
2.790000e-06	2.501600e-06	7.392376e-09	1.944311e+01	4.866616e+02
2.800000e-06	2.437219e-06	7.334826e-09	1.894273e+01	4.822190e+02
2.810000e-06	2.372358e-06	7.272494e-09	1.843861e+01	4.776743e+02
2.820000e-06	2.306922e-06	7.214149e-09	1.793002e+01	4.730427e+02
2.830000e-06	2.240959e-06	7.129731e-09	1.741734e+01	4.683381e+02
2.840000e-06	2.174525e-06	7.059700e-09	1.690100e+01	4.635686e+02
2.850000e-06	2.107660e-06	6.987210e-09	1.638131e+01	4.587341e+02
2.860000e-06	2.040464e-06	6.911996e-09	1.585904e+01	4.538261e+02
2.870000e-06	1.972914e-06	6.832545e-09	1.533402e+01	4.488299e+02
2.880000e-06	1.904985e-06	6.749364e-09	1.480606e+01	4.437287e+02
2.890000e-06	1.836569e-06	6.679665e-09	1.427431e+01	4.385082e+02
2.900000e-06	1.767574e-06	6.603141e-09	1.373806e+01	4.331604e+02
2.910000e-06	1.698030e-06	6.523640e-09	1.319755e+01	4.276855e+02
2.920000e-06	1.627941e-06	6.435954e-09	1.265280e+01	4.220920e+02
2.930000e-06	1.557388e-06	6.349908e-09	1.210444e+01	4.163937e+02
2.940000e-06	1.486491e-06	6.269682e-09	1.155341e+01	4.106058e+02
2.950000e-06	1.415288e-06	6.183464e-09	1.100001e+01	4.047404e+02
2.960000e-06	1.343865e-06	6.094642e-09	1.044489e+01	3.988028e+02
2.970000e-06	1.272211e-06	5.997520e-09	9.887969e+00	3.927894e+02
2.980000e-06	1.200288e-06	5.904460e-09	9.328966e+00	3.866887e+02
2.990000e-06	1.128187e-06	5.816735e-09	8.768579e+00	3.804831e+02
3.000000e-06	1.055954e-06	5.721715e-09	8.207161e+00	3.741531e+02
3.010000e-06	9.835728e-07	5.622690e-09	7.644594e+00	3.676813e+02
3.020000e-06	9.109636e-07	5.526077e-09	7.080256e+00	3.610558e+02
3.030000e-06	8.381236e-07	5.430990e-09	6.514124e+00	3.542717e+02
3.040000e-06	7.651007e-07	5.329949e-09	5.946570e+00	3.473310e+02
3.050000e-06	6.918966e-07	5.220399e-09	5.377608e+00	3.402399e+02
3.060000e-06	6.185168e-07	5.105018e-09	4.807281e+00	3.330063e+02
3.070000e-06	5.450219e-07	4.990727e-09	4.236058e+00	3.256355e+02
3.080000e-06	4.714569e-07	4.879589e-09	3.664291e+00	3.181282e+02
3.090000e-06	3.977970e-07	4.766350e-09	3.091786e+00	3.104795e+02
3.100000e-06	3.240934e-07	4.649055e-09	2.518942e+00	3.026793e+02
3.110000e-06	2.503145e-07	4.528808e-09	1.945512e+00	2.947147e+02
3.120000e-06	1.764415e-07	4.408369e-09	1.371351e+00	2.865730e+02
3.130000e-06	1.025442e-07	4.286201e-09	7.970013e-01	2.782438e+02
3.140000e-06	2.861975e-08	4.156129e-09	2.224404e-01	2.697212e+02
3.150000e-06	-4.529298e-08	4.019872e-09	-3.520293e-01	2.610036e+02
3.160000e-06	-1.192133e-07	3.884365e-09	-9.265582e-01	2.520924e+02
3.170000e-06	-1.931361e-07	3.751137e-09	-1.501106e+00	2.429895e+02
3.180000e-06	-2.669952e-07	3.614796e-09	-2.075159e+00	2.336942e+02
3.190000e-06	-3.407533e-07	3.470259e-09	-2.648427e+00	2.242020e+02
3.200000e-06	-4.144631e-07	3.320028e-09	-3.221320e+00	2.145030e+02
3.210000e-06	-4.881231e-07	3.169230e-09	-3.793825e+00	2.045840e+02
3.220000e-06	-5.615939e-07	3.016741e-09	-4.364860e+00	1.944304e+02
3.230000e-06	-6.348721e-07	2.859224e-09	-4.934398e+00	1.840300e+02
3.240000e-06	-7.080504e-07	2.696339e-09	-5.503160e+00	1.733761e+02
3.250000e-06	-7.810799e-07	2.531358e-09	-6.070765e+00	1.624700e+02
3.260000e-06	-8.539465e-07	2.365951e-09	-6.637104e+00	1.513207e+02
3.270000e-06	-9.266358e-07	2.195489e-09	-7.202065e+00	1.399433e+02
3.280000e-06	-9.990969e-07	2.015597e-09	-7.765253e+00	1.283551e+02
3.290000e-06	-1.071322e-06	1.829756e-09	-8.326605e+00	1.165711e+02
3.300000e-06	-1.143335e-06	1.644326e-09	-8.886309e+00	1.045996e+02
3.310000e-06	-1.215109e-06	1.461618e-09	-9.444160e+00	9.243913e+01
3.320000e-06	-1.286609e-06	1.275367e-09	-9.999878e+00	8.007808e+01
3.330000e-06	-1.357936e-06	1.082763e-09	-1.055424e+01	6.749629e+01
3.340000e-06	-1.429022e-06	8.850078e-10	-1.110675e+01	5.466913e+01
3.350000e-06	-1.499815e-06	6.863210e-10	-1.165697e+01	4.157249e+01
3.360000e-06	-1.570248e-06	4.842455e-10	-1.220440e+01	2.818762e+01
3.370000e-06	-1.640206e-06	2.746757e-10	-1.274812e+01	1.450460e+01
3.380000e-06	-1.709679e-06	5.909863e-11	-1.328809e+01	5.234370e-01
3.390000e-06	-1.778638e-06	-1.614065e-10	-1.382405e+01	-1.374738e+01
3.400000e-06	-1.847070e-06	-3.851156e-10	-1.435593e+01	-2.829444e+01
3.410000e-06	-1.914991e-06	-6.128920e-10	-1.488383e+01	-4.310401e+01
3.420000e-06	-1.982524e-06	-8.423328e-10	-1.540872e+01	-5.816631e+01
3.430000e-06	-2.049735e-06	-1.071829e-09	-1.593110e+01	-7.347810e+01
3.440000e-06	-2.116578e-06	-1.302888e-09	-1.645062e+01	-8.904264e+01
3.450000e-06	-2.183036e-06	-1.540838e-09	-1.696715e+01	-1.048667e+02
3.460000e-06	-2.249041e-06	-1.787061e-09	-1.748015e+01	-1.209552e+02
3.470000e-06	-2.314588e-06	-2.041931e-09	-1.798961e+01	-1.373046e+02
3.480000e-06	-2.379624e-06	-2.301072e-09	-1.849508e+01	-1.538967e+02
3.490000e-06	-2.444079e-06	-2.561020e-09	-1.899604e+01	-1.706937e+02
3.500000e-06	-2.508046e-06	-2.820091e-09	-1.949321e+01	-1.876374e+02
3.510000e-06	-2.571529e-06	-3.077853e-09	-1.998662e+01	-2.046505e+02
3.520000e-06	-2.634569e-06	-3.335822e-09	-2.047659e+01	-2.216420e+02
3.530000e-06	-2.697058e-06	-3.590867e-09	-2.096226e+01	-2.385147e+02
3.540000e-06	-2.758765e-06	-3.844447e-09	-2.144187e+01	-2.551727e+02
3.550000e-06	-2.819689e-06	-4.094697e-09	-2.191539e+01	-2.715286e+02
3.560000e-06	-2.879837e-06	-4.342215e-09	-2.238288e+01	-2.875085e+02
3.570000e-06	-2.939316e-06	-4.586248e-09	-2.284516e+01	-3.030537e+02
3.580000e-06	-2.998249e-06	-4.822204e-09	-2.330321e+01	-3.181207e+02
3.590000e-06	-3.056619e-06	-5.046611e-09	-2.375687e+01	-3.326777e+02
3.600000e-06	-3.114314e-06	-5.261281e-09	-2.420530e+01	-3.467016e+02
3.610000e-06	-3.171290e-06	-5.465741e-09	-2.464812e+01	-3.601746e+02
3.620000e-06	-3.227568e-06	-5.661595e-09	-2.508554e+01	-3.730819e+02
3.630000e-06	-3.283200e-06	-5.850022e-09	-2.551792e+01	-3.854120e+02
3.640000e-06	-3.338184e-06	-6.031063e-09	-2.594527e+01	-3.971574e+02
3.650000e-06	-3.392360e-06	-6.206403e-09	-2.636634e+01	-4.083173e+02
3.660000e-06	-3.445491e-06	-6.372569e-09	-2.677929e+01	-4.188995e+02
3.670000e-06	-3.497543e-06	-6.528438e-09	-2.718385e+01	-4.289214e+02
3.680000e-06	-3.548778e-06	-6.672167e-09	-2.758207e+01	-4.384098e+02
3.690000e-06	-3.599244e-06	-6.809541e-09	-2.797430e+01	-4.473980e+02
3.700000e-06	-3.648892e-06	-6.942363e-09	-2.836018e+01	-4.559225e+02
3.710000e-06	-3.697649e-06	-7.068066e-09	-2.873913e+01	-4.640187e+02
3.720000e-06	-3.745317e-06	-7.185175e-09	-2.910962e+01	-4.717173e+02
3.730000e-06	-3.791944e-06	-7.295819e-09	-2.947202e+01	-4.790428e+02
3.740000e-06	-3.837700e-06	-7.404542e-09	-2.982764e+01	-4.860128e+02
3.750000e-06	-3.882683e-06	-7.510026e-09	-3.017727e+01	-4.926409e+02
3.760000e-06	-3.926915e-06	-7.607731e-09	-3.052105e+01	-4.989395e+02
3.770000e-06	-3.970466e-06	-7.696607e-09	-3.085954e+01	-5.049237e+02
3.780000e-06	-4.013367e-06	-7.781468e-09	-3.119298e+01	-5.106136e+02
3.790000e-06	-4.055487e-06	-7.866483e-09	-3.152034e+01	-5.160351e+02
3.800000e-06	-4.096797e-06	-7.951274e-09	-3.184142e+01	-5.212185e+02
3.810000e-06	-4.137265e-06	-8.030805e-09	-3.215594e+01	-5.261943e+02
3.820000e-06	-4.176885e-06	-8.104143e-09	-3.246388e+01	-5.309892e+02
3.830000e-06	-4.215674e-06	-8.174805e-09	-3.276537e+01	-5.356212e+02
3.840000e-06	-4.253375e-06	-8.246077e-09	-3.305838e+01	-5.400970e+02
3.850000e-06	-4.289879e-06	-8.314944e-09	-3.334210e+01	-5.444116e+02
3.860000e-06	-4.325451e-06	-8.374872e-09	-3.361858e+01	-5.485510e+02
3.870000e-06	-4.360160e-06	-8.428709e-09	-3.388835e+01	-5.524969e+02
3.880000e-06	-4.393897e-06	-8.482455e-09	-3.415056e+01	-5.562335e+02
3.890000e-06	-4.426657e-06	-8.538654e-09	-3.440518e+01	-5.597524e+02
3.900000e-06	-4.458529e-06	-8.593973e-09	-3.465290e+01	-5.630571e+02
3.910000e-06	-4.489511e-06	-8.643636e-09	-3.489370e+01	-5.661635e+02
3.920000e-06	-4.519340e-06	-8.689137e-09	-3.512554e+01	-5.690974e+02
3.930000e-06	-4.547959e-06	-8.734176e-09	-3.534797e+01	-5.718891e+02
3.940000e-06	-4.575590e-06	-8.779280e-09	-3.556272e+01	-5.745664e+02
3.950000e-06	-4.602282e-06	-8.818993e-09	-3.577019e+01	-5.771486e+02
3.960000e-06	-4.627930e-06	-8.850471e-09	-3.596953e+01	-5.796420e+02
3.970000e-06	-4.652550e-06	-8.878807e-09	-3.616088e+01	-5.820395e+02
3.980000e-06	-4.676332e-06	-8.912267e-09	-3.634572e+01	-5.843231e+02
3.990000e-06	-4.699210e-06	-8.949690e-09	-3.652353e+01	-5.864708e+02
4.000000e-06	-4.720889e-06	-8.983718e-09	-3.669203e+01	-5.884636e+02
4.010000e-06	-4.741303e-06	-9.011459e-09	-3.685069e+01	-5.902928e+02
4.020000e-06	-4.760669e-06	-9.034649e-09	-3.700121e+01	-5.919640e+02
4.030000e-06	-4.779095e-06	-9.057277e-09	-3.714442e+01	-5.934979e+02
4.040000e-06	-4.796555e-06	-9.078022e-09	-3.728013e+01	-5.949261e+02
4.050000e-06	-4.813061e-06	-9.094233e-09	-3.740841e+01	-5.962837e+02
4.060000e-06	-4.828671e-06	-9.108442e-09	-3.752974e+01	-5.976004e+02
4.070000e-06	-4.843190e-06	-9.126156e-09	-3.764259e+01	-5.988923e+02
4.080000e-06	-4.856278e-06	-9.148140e-09	-3.774431e+01	-6.001572e+02
4.090000e-06	-4.868089e-06	-9.167732e-09	-3.783611e+01	-6.013743e+02
4.100000e-06	-4.878762e-06	-9.181581e-09	-3.791906e+01	-6.025093e+02
4.110000e-06	-4.888291e-06	-9.194713e-09	-3.799312e+01	-6.035239e+02
4.120000e-06	-4.896714e-06	-9.208675e-09	-3.805859e+01	-6.043863e+02
4.130000e-06	-4.904259e-06	-9.218480e-09	-3.811723e+01	-6.050817e+02
4.140000e-06	-4.910852e-06	-9.222714e-09	-3.816847e+01	-6.056181e+02
4.150000e-06	-4.916117e-06	-9.224503e-09	-3.820939e+01	-6.060269e+02
4.160000e-06	-4.920179e-06	-9.228303e-09	-3.824096e+01	-6.063562e+02
4.170000e-06	-4.923237e-06	-9.234786e-09	-3.826473e+01	-6.066600e+02
4.180000e-06	-4.925342e-06	-9.242104e-09	-3.828110e+01	-6.069837e+02
4.190000e-06	-4.926462e-06	-9.247962e-09	-3.828980e+01	-6.073512e+02
4.200000e-06	-4.926557e-06	-9.249572e-09	-3.829054e+01	-6.077565e+02
