# Temperatura_=_39.98
# Concentracion g/m^3_=_18600.0
# C_Vs_to_Am_M_A/Vsm_=_65563218390.804596
# pendiente_HvsI_1/m_=_3716.3
# ordenada_HvsI_A/m_=_1297.0
# frecuencia_Hz_=_238081.8247183891

Tiempo_(s)	Campo_(V.s)	Magnetizacion_(V.s)	Campo_(kA/m)	Magnetizacion_(A/m)
0.000000e+00	-4.939120e-06	-9.042483e-09	-3.828838e+01	-5.947132e+02
1.000000e-08	-4.938658e-06	-9.040313e-09	-3.828480e+01	-5.950584e+02
2.000000e-08	-4.937243e-06	-9.036768e-09	-3.827383e+01	-5.953756e+02
3.000000e-08	-4.934547e-06	-9.036889e-09	-3.825293e+01	-5.956128e+02
4.000000e-08	-4.930628e-06	-9.042515e-09	-3.822255e+01	-5.957146e+02
5.000000e-08	-4.925811e-06	-9.045461e-09	-3.818521e+01	-5.956379e+02
6.000000e-08	-4.920095e-06	-9.042535e-09	-3.814089e+01	-5.953650e+02
7.000000e-08	-4.913323e-06	-9.030890e-09	-3.808840e+01	-5.949140e+02
8.000000e-08	-4.905568e-06	-9.029915e-09	-3.802828e+01	-5.943399e+02
9.000000e-08	-4.896710e-06	-9.072515e-09	-3.795961e+01	-5.937286e+02
1.000000e-07	-4.886169e-06	-9.085649e-09	-3.787790e+01	-5.931825e+02
1.100000e-07	-4.873927e-06	-9.040874e-09	-3.778300e+01	-5.928006e+02
1.200000e-07	-4.860710e-06	-8.957499e-09	-3.768054e+01	-5.926586e+02
1.300000e-07	-4.846757e-06	-9.018551e-09	-3.757238e+01	-5.927907e+02
1.400000e-07	-4.831521e-06	-9.103830e-09	-3.745427e+01	-5.931797e+02
1.500000e-07	-4.814758e-06	-8.890535e-09	-3.732432e+01	-5.937561e+02
1.600000e-07	-4.797089e-06	-8.993372e-09	-3.718735e+01	-5.944080e+02
1.700000e-07	-4.778577e-06	-9.221709e-09	-3.704384e+01	-5.949988e+02
1.800000e-07	-4.758926e-06	-9.107068e-09	-3.689150e+01	-5.953909e+02
1.900000e-07	-4.738487e-06	-9.141174e-09	-3.673306e+01	-5.954691e+02
2.000000e-07	-4.717345e-06	-9.209531e-09	-3.656917e+01	-5.951605e+02
2.100000e-07	-4.695004e-06	-9.088001e-09	-3.639598e+01	-5.944455e+02
2.200000e-07	-4.671501e-06	-9.050201e-09	-3.621378e+01	-5.933593e+02
2.300000e-07	-4.647153e-06	-9.101494e-09	-3.602503e+01	-5.919829e+02
2.400000e-07	-4.621829e-06	-9.068297e-09	-3.582872e+01	-5.904262e+02
2.500000e-07	-4.595327e-06	-9.060797e-09	-3.562327e+01	-5.888061e+02
2.600000e-07	-4.567564e-06	-9.043946e-09	-3.540805e+01	-5.872255e+02
2.700000e-07	-4.538713e-06	-8.996135e-09	-3.518440e+01	-5.857563e+02
2.800000e-07	-4.508982e-06	-9.003617e-09	-3.495392e+01	-5.844291e+02
2.900000e-07	-4.478381e-06	-8.985522e-09	-3.471670e+01	-5.832330e+02
3.000000e-07	-4.446826e-06	-8.893259e-09	-3.447209e+01	-5.821225e+02
3.100000e-07	-4.414399e-06	-8.929309e-09	-3.422071e+01	-5.810307e+02
3.200000e-07	-4.381132e-06	-8.935553e-09	-3.396282e+01	-5.798859e+02
3.300000e-07	-4.346795e-06	-8.867010e-09	-3.369664e+01	-5.786255e+02
3.400000e-07	-4.311271e-06	-8.912641e-09	-3.342125e+01	-5.772078e+02
3.500000e-07	-4.274723e-06	-8.850459e-09	-3.313794e+01	-5.756168e+02
3.600000e-07	-4.237251e-06	-8.770576e-09	-3.284745e+01	-5.738602e+02
3.700000e-07	-4.198882e-06	-8.790813e-09	-3.255001e+01	-5.719639e+02
3.800000e-07	-4.159631e-06	-8.776668e-09	-3.224573e+01	-5.699615e+02
3.900000e-07	-4.119535e-06	-8.716379e-09	-3.193490e+01	-5.678846e+02
4.000000e-07	-4.078648e-06	-8.700892e-09	-3.161794e+01	-5.657552e+02
4.100000e-07	-4.036803e-06	-8.671344e-09	-3.129356e+01	-5.635812e+02
4.200000e-07	-3.993795e-06	-8.619318e-09	-3.096016e+01	-5.613568e+02
4.300000e-07	-3.949696e-06	-8.590268e-09	-3.061830e+01	-5.590661e+02
4.400000e-07	-3.904717e-06	-8.545637e-09	-3.026962e+01	-5.566900e+02
4.500000e-07	-3.858919e-06	-8.493349e-09	-2.991459e+01	-5.542124e+02
4.600000e-07	-3.812278e-06	-8.461967e-09	-2.955303e+01	-5.516251e+02
4.700000e-07	-3.764826e-06	-8.446699e-09	-2.918518e+01	-5.489311e+02
4.800000e-07	-3.716576e-06	-8.394329e-09	-2.881114e+01	-5.461430e+02
4.900000e-07	-3.667483e-06	-8.343963e-09	-2.843057e+01	-5.432799e+02
5.000000e-07	-3.617339e-06	-8.284810e-09	-2.804185e+01	-5.403622e+02
5.100000e-07	-3.565950e-06	-8.244678e-09	-2.764348e+01	-5.374064e+02
5.200000e-07	-3.513579e-06	-8.210677e-09	-2.723749e+01	-5.344211e+02
5.300000e-07	-3.460378e-06	-8.147373e-09	-2.682507e+01	-5.314057e+02
5.400000e-07	-3.406308e-06	-8.102485e-09	-2.640592e+01	-5.283506e+02
5.500000e-07	-3.351528e-06	-8.060960e-09	-2.598126e+01	-5.252408e+02
5.600000e-07	-3.296112e-06	-8.015842e-09	-2.555168e+01	-5.220603e+02
5.700000e-07	-3.240070e-06	-7.963355e-09	-2.511724e+01	-5.187958e+02
5.800000e-07	-3.183432e-06	-7.909270e-09	-2.467817e+01	-5.154397e+02
5.900000e-07	-3.126032e-06	-7.848018e-09	-2.423320e+01	-5.119919e+02
6.000000e-07	-3.067756e-06	-7.797528e-09	-2.378144e+01	-5.084580e+02
6.100000e-07	-3.008615e-06	-7.750502e-09	-2.332298e+01	-5.048471e+02
6.200000e-07	-2.948757e-06	-7.689116e-09	-2.285896e+01	-5.011687e+02
6.300000e-07	-2.888303e-06	-7.625086e-09	-2.239031e+01	-4.974291e+02
6.400000e-07	-2.827305e-06	-7.567077e-09	-2.191745e+01	-4.936295e+02
6.500000e-07	-2.765771e-06	-7.517847e-09	-2.144044e+01	-4.897660e+02
6.600000e-07	-2.703662e-06	-7.456965e-09	-2.095896e+01	-4.858307e+02
6.700000e-07	-2.641018e-06	-7.390132e-09	-2.047334e+01	-4.818143e+02
6.800000e-07	-2.577778e-06	-7.321460e-09	-1.998310e+01	-4.777089e+02
6.900000e-07	-2.513914e-06	-7.261869e-09	-1.948803e+01	-4.735104e+02
7.000000e-07	-2.449590e-06	-7.199403e-09	-1.898938e+01	-4.692199e+02
7.100000e-07	-2.384912e-06	-7.127721e-09	-1.848800e+01	-4.648427e+02
7.200000e-07	-2.319733e-06	-7.056096e-09	-1.798272e+01	-4.603870e+02
7.300000e-07	-2.253901e-06	-6.985432e-09	-1.747238e+01	-4.558609e+02
7.400000e-07	-2.187367e-06	-6.918433e-09	-1.695661e+01	-4.512696e+02
7.500000e-07	-2.120170e-06	-6.845477e-09	-1.643570e+01	-4.466133e+02
7.600000e-07	-2.052397e-06	-6.770404e-09	-1.591031e+01	-4.418867e+02
7.700000e-07	-1.984199e-06	-6.692577e-09	-1.538164e+01	-4.370797e+02
7.800000e-07	-1.915733e-06	-6.619581e-09	-1.485089e+01	-4.321797e+02
7.900000e-07	-1.847003e-06	-6.545882e-09	-1.431809e+01	-4.271749e+02
8.000000e-07	-1.777886e-06	-6.465310e-09	-1.378229e+01	-4.220568e+02
8.100000e-07	-1.708350e-06	-6.378962e-09	-1.324324e+01	-4.168224e+02
8.200000e-07	-1.638420e-06	-6.292814e-09	-1.270114e+01	-4.114747e+02
8.300000e-07	-1.568164e-06	-6.212747e-09	-1.215651e+01	-4.060213e+02
8.400000e-07	-1.497586e-06	-6.127389e-09	-1.160939e+01	-4.004727e+02
8.500000e-07	-1.426617e-06	-6.037834e-09	-1.105923e+01	-3.948382e+02
8.600000e-07	-1.355293e-06	-5.947481e-09	-1.050632e+01	-3.891237e+02
8.700000e-07	-1.283721e-06	-5.858208e-09	-9.951488e+00	-3.833292e+02
8.800000e-07	-1.211869e-06	-5.766994e-09	-9.394485e+00	-3.774486e+02
8.900000e-07	-1.139749e-06	-5.673625e-09	-8.835405e+00	-3.714704e+02
9.000000e-07	-1.067462e-06	-5.579130e-09	-8.275036e+00	-3.653801e+02
9.100000e-07	-9.950657e-07	-5.482774e-09	-7.713814e+00	-3.591633e+02
9.200000e-07	-9.225459e-07	-5.384381e-09	-7.151636e+00	-3.528085e+02
9.300000e-07	-8.498689e-07	-5.281592e-09	-6.588239e+00	-3.463088e+02
9.400000e-07	-7.770044e-07	-5.174271e-09	-6.023389e+00	-3.396628e+02
9.500000e-07	-7.039075e-07	-5.064116e-09	-5.456737e+00	-3.328736e+02
9.600000e-07	-6.306906e-07	-4.956010e-09	-4.889155e+00	-3.259465e+02
9.700000e-07	-5.573373e-07	-4.849027e-09	-4.320515e+00	-3.188870e+02
9.800000e-07	-4.837708e-07	-4.743331e-09	-3.750223e+00	-3.116978e+02
9.900000e-07	-4.100054e-07	-4.635309e-09	-3.178388e+00	-3.043776e+02
1.000000e-06	-3.361383e-07	-4.522062e-09	-2.605766e+00	-2.969205e+02
1.010000e-06	-2.622997e-07	-4.402164e-09	-2.033365e+00	-2.893168e+02
1.020000e-06	-1.883935e-07	-4.274396e-09	-1.460439e+00	-2.815549e+02
1.030000e-06	-1.143340e-07	-4.146914e-09	-8.863247e-01	-2.736232e+02
1.040000e-06	-4.024516e-08	-4.019439e-09	-3.119831e-01	-2.655121e+02
1.050000e-06	3.387513e-08	-3.893355e-09	2.626022e-01	-2.572148e+02
1.060000e-06	1.081099e-07	-3.765168e-09	8.380751e-01	-2.487271e+02
1.070000e-06	1.824286e-07	-3.635722e-09	1.414198e+00	-2.400469e+02
1.080000e-06	2.567008e-07	-3.502734e-09	1.989961e+00	-2.311721e+02
1.090000e-06	3.308466e-07	-3.361623e-09	2.564745e+00	-2.220994e+02
1.100000e-06	4.048087e-07	-3.215416e-09	3.138104e+00	-2.128234e+02
1.110000e-06	4.785672e-07	-3.063784e-09	3.709884e+00	-2.033361e+02
1.120000e-06	5.521725e-07	-2.911190e-09	4.280477e+00	-1.936288e+02
1.130000e-06	6.256127e-07	-2.757771e-09	4.849790e+00	-1.836937e+02
1.140000e-06	6.988184e-07	-2.601364e-09	5.417286e+00	-1.735262e+02
1.150000e-06	7.718192e-07	-2.442505e-09	5.983193e+00	-1.631264e+02
1.160000e-06	8.446562e-07	-2.286160e-09	6.547830e+00	-1.525003e+02
1.170000e-06	9.173483e-07	-2.126247e-09	7.111344e+00	-1.416587e+02
1.180000e-06	9.898501e-07	-1.958705e-09	7.673383e+00	-1.306153e+02
1.190000e-06	1.062148e-06	-1.783607e-09	8.233841e+00	-1.193835e+02
1.200000e-06	1.134337e-06	-1.602679e-09	8.793455e+00	-1.079729e+02
1.210000e-06	1.206310e-06	-1.420705e-09	9.351394e+00	-9.638685e+01
1.220000e-06	1.278018e-06	-1.238620e-09	9.907279e+00	-8.462054e+01
1.230000e-06	1.349452e-06	-1.056589e-09	1.046104e+01	-7.266151e+01
1.240000e-06	1.420660e-06	-8.735328e-10	1.101305e+01	-6.049157e+01
1.250000e-06	1.491590e-06	-6.879857e-10	1.156290e+01	-4.809016e+01
1.260000e-06	1.562113e-06	-4.996037e-10	1.210960e+01	-3.543814e+01
1.270000e-06	1.632308e-06	-3.055850e-10	1.265376e+01	-2.252116e+01
1.280000e-06	1.702161e-06	-1.026703e-10	1.319527e+01	-9.331766e+00
1.290000e-06	1.771593e-06	1.097380e-10	1.373350e+01	4.130226e+00
1.300000e-06	1.840648e-06	3.261865e-10	1.426882e+01	1.785918e+01
1.310000e-06	1.909363e-06	5.403173e-10	1.480150e+01	3.184639e+01
1.320000e-06	1.977742e-06	7.530828e-10	1.533159e+01	4.608335e+01
1.330000e-06	2.045831e-06	9.669639e-10	1.585942e+01	6.056447e+01
1.340000e-06	2.113564e-06	1.185952e-09	1.638449e+01	7.528845e+01
1.350000e-06	2.180688e-06	1.414478e-09	1.690483e+01	9.025774e+01
1.360000e-06	2.247017e-06	1.650628e-09	1.741902e+01	1.054759e+02
1.370000e-06	2.312659e-06	1.890489e-09	1.792789e+01	1.209434e+02
1.380000e-06	2.377741e-06	2.134612e-09	1.843241e+01	1.366531e+02
1.390000e-06	2.442343e-06	2.380548e-09	1.893320e+01	1.525857e+02
1.400000e-06	2.506566e-06	2.626164e-09	1.943107e+01	1.687068e+02
1.410000e-06	2.570309e-06	2.872077e-09	1.992520e+01	1.849660e+02
1.420000e-06	2.633478e-06	3.121116e-09	2.041489e+01	2.012988e+02
1.430000e-06	2.696110e-06	3.369126e-09	2.090042e+01	2.176298e+02
1.440000e-06	2.758199e-06	3.617144e-09	2.138174e+01	2.338777e+02
1.450000e-06	2.819742e-06	3.862783e-09	2.185882e+01	2.499610e+02
1.460000e-06	2.880737e-06	4.101282e-09	2.233166e+01	2.658019e+02
1.470000e-06	2.941222e-06	4.335144e-09	2.280055e+01	2.813309e+02
1.480000e-06	3.001211e-06	4.566149e-09	2.326558e+01	2.964875e+02
1.490000e-06	3.060543e-06	4.792250e-09	2.372553e+01	3.112212e+02
1.500000e-06	3.118796e-06	5.009516e-09	2.417711e+01	3.254908e+02
1.510000e-06	3.175964e-06	5.218215e-09	2.462028e+01	3.392626e+02
1.520000e-06	3.232490e-06	5.418477e-09	2.505847e+01	3.525103e+02
1.530000e-06	3.288492e-06	5.610947e-09	2.549261e+01	3.652139e+02
1.540000e-06	3.343828e-06	5.794064e-09	2.592157e+01	3.773605e+02
1.550000e-06	3.398435e-06	5.967001e-09	2.634489e+01	3.889448e+02
1.560000e-06	3.452346e-06	6.129347e-09	2.676281e+01	3.999698e+02
1.570000e-06	3.505435e-06	6.283960e-09	2.717436e+01	4.104470e+02
1.580000e-06	3.557632e-06	6.436373e-09	2.757900e+01	4.203955e+02
1.590000e-06	3.608817e-06	6.585860e-09	2.797579e+01	4.298403e+02
1.600000e-06	3.658848e-06	6.728280e-09	2.836363e+01	4.388093e+02
1.610000e-06	3.707889e-06	6.860882e-09	2.874379e+01	4.473306e+02
1.620000e-06	3.756150e-06	6.984226e-09	2.911792e+01	4.554296e+02
1.630000e-06	3.803640e-06	7.099885e-09	2.948607e+01	4.631278e+02
1.640000e-06	3.850398e-06	7.206990e-09	2.984854e+01	4.704429e+02
1.650000e-06	3.896378e-06	7.305161e-09	3.020498e+01	4.773895e+02
1.660000e-06	3.941529e-06	7.400162e-09	3.055499e+01	4.839821e+02
1.670000e-06	3.985981e-06	7.496748e-09	3.089958e+01	4.902377e+02
1.680000e-06	4.029724e-06	7.591960e-09	3.123868e+01	4.961774e+02
1.690000e-06	4.072379e-06	7.679240e-09	3.156935e+01	5.018275e+02
1.700000e-06	4.113780e-06	7.760036e-09	3.189029e+01	5.072182e+02
1.710000e-06	4.154284e-06	7.837650e-09	3.220428e+01	5.123808e+02
1.720000e-06	4.194042e-06	7.914212e-09	3.251248e+01	5.173439e+02
1.730000e-06	4.232954e-06	7.987014e-09	3.281413e+01	5.221291e+02
1.740000e-06	4.270925e-06	8.054207e-09	3.310849e+01	5.267486e+02
1.750000e-06	4.307986e-06	8.119383e-09	3.339579e+01	5.312036e+02
1.760000e-06	4.344316e-06	8.183259e-09	3.367742e+01	5.354860e+02
1.770000e-06	4.379749e-06	8.244772e-09	3.395210e+01	5.395814e+02
1.780000e-06	4.413886e-06	8.301466e-09	3.421673e+01	5.434747e+02
1.790000e-06	4.446817e-06	8.354705e-09	3.447202e+01	5.471551e+02
1.800000e-06	4.478849e-06	8.406601e-09	3.472033e+01	5.506202e+02
1.810000e-06	4.510054e-06	8.455796e-09	3.496223e+01	5.538784e+02
1.820000e-06	4.540378e-06	8.502810e-09	3.519730e+01	5.569481e+02
1.830000e-06	4.569716e-06	8.548302e-09	3.542474e+01	5.598545e+02
1.840000e-06	4.598172e-06	8.590309e-09	3.564533e+01	5.626243e+02
1.850000e-06	4.625714e-06	8.629949e-09	3.585884e+01	5.652803e+02
1.860000e-06	4.651977e-06	8.666798e-09	3.606243e+01	5.678362e+02
1.870000e-06	4.676981e-06	8.703956e-09	3.625626e+01	5.702949e+02
1.880000e-06	4.700951e-06	8.740516e-09	3.644208e+01	5.726486e+02
1.890000e-06	4.723927e-06	8.774478e-09	3.662019e+01	5.748821e+02
1.900000e-06	4.745896e-06	8.806037e-09	3.679049e+01	5.769792e+02
1.910000e-06	4.766904e-06	8.837095e-09	3.695335e+01	5.789276e+02
1.920000e-06	4.787090e-06	8.868093e-09	3.710983e+01	5.807248e+02
1.930000e-06	4.806353e-06	8.893760e-09	3.725916e+01	5.823800e+02
1.940000e-06	4.824492e-06	8.914367e-09	3.739978e+01	5.839132e+02
1.950000e-06	4.841546e-06	8.934015e-09	3.753198e+01	5.853511e+02
1.960000e-06	4.857497e-06	8.955042e-09	3.765563e+01	5.867206e+02
1.970000e-06	4.872318e-06	8.976069e-09	3.777052e+01	5.880418e+02
1.980000e-06	4.886041e-06	8.997994e-09	3.787691e+01	5.893225e+02
1.990000e-06	4.898636e-06	9.021788e-09	3.797454e+01	5.905555e+02
2.000000e-06	4.909970e-06	9.045848e-09	3.806241e+01	5.917203e+02
2.010000e-06	4.919918e-06	9.065839e-09	3.813952e+01	5.927880e+02
2.020000e-06	4.928653e-06	9.079820e-09	3.820724e+01	5.937296e+02
2.030000e-06	4.936419e-06	9.088277e-09	3.826744e+01	5.945247e+02
2.040000e-06	4.943203e-06	9.092854e-09	3.832003e+01	5.951681e+02
2.050000e-06	4.948878e-06	9.098192e-09	3.836402e+01	5.956735e+02
2.060000e-06	4.953570e-06	9.108216e-09	3.840039e+01	5.960718e+02
2.070000e-06	4.957305e-06	9.122387e-09	3.842935e+01	5.964046e+02
2.080000e-06	4.959846e-06	9.137032e-09	3.844905e+01	5.967140e+02
2.090000e-06	4.961108e-06	9.146266e-09	3.845883e+01	5.970320e+02
2.100000e-06	4.961259e-06	9.150756e-09	3.846000e+01	5.973706e+02
2.110000e-06	4.960432e-06	9.153266e-09	3.845359e+01	5.977175e+02
2.120000e-06	4.958605e-06	9.151162e-09	3.843943e+01	5.980363e+02
2.130000e-06	4.955842e-06	9.151468e-09	3.841801e+01	5.982751e+02
2.140000e-06	4.952252e-06	9.152191e-09	3.839018e+01	5.983787e+02
2.150000e-06	4.947589e-06	9.149852e-09	3.835404e+01	5.983035e+02
2.160000e-06	4.941541e-06	9.152486e-09	3.830714e+01	5.980323e+02
2.170000e-06	4.934399e-06	9.165491e-09	3.825178e+01	5.975830e+02
2.180000e-06	4.926485e-06	9.125760e-09	3.819043e+01	5.970105e+02
2.190000e-06	4.917524e-06	9.086658e-09	3.812097e+01	5.964009e+02
2.200000e-06	4.906858e-06	9.075222e-09	3.803828e+01	5.958564e+02
2.210000e-06	4.894185e-06	9.183793e-09	3.794004e+01	5.954762e+02
2.220000e-06	4.880264e-06	9.120734e-09	3.783213e+01	5.953359e+02
2.230000e-06	4.865997e-06	8.953741e-09	3.772152e+01	5.954696e+02
2.240000e-06	4.851004e-06	9.157272e-09	3.760530e+01	5.958603e+02
2.250000e-06	4.834601e-06	9.213705e-09	3.747814e+01	5.964384e+02
2.260000e-06	4.817255e-06	9.051340e-09	3.734367e+01	5.970919e+02
2.270000e-06	4.799350e-06	9.071002e-09	3.720487e+01	5.976844e+02
2.280000e-06	4.780365e-06	9.168529e-09	3.705770e+01	5.980781e+02
2.290000e-06	4.760247e-06	9.079695e-09	3.690175e+01	5.981580e+02
2.300000e-06	4.739098e-06	8.973972e-09	3.673780e+01	5.978510e+02
2.310000e-06	4.716589e-06	9.093145e-09	3.656331e+01	5.971376e+02
2.320000e-06	4.692931e-06	9.044872e-09	3.637991e+01	5.960531e+02
2.330000e-06	4.668458e-06	8.936366e-09	3.619019e+01	5.946784e+02
2.340000e-06	4.642789e-06	8.998402e-09	3.599120e+01	5.931233e+02
2.350000e-06	4.615977e-06	8.906602e-09	3.578336e+01	5.915049e+02
2.360000e-06	4.588428e-06	8.933021e-09	3.556980e+01	5.899260e+02
2.370000e-06	4.559791e-06	8.957774e-09	3.534779e+01	5.884584e+02
2.380000e-06	4.529840e-06	8.820222e-09	3.511561e+01	5.871328e+02
2.390000e-06	4.498847e-06	8.927703e-09	3.487535e+01	5.859384e+02
2.400000e-06	4.466869e-06	8.884114e-09	3.462746e+01	5.848295e+02
2.410000e-06	4.434023e-06	8.740809e-09	3.437284e+01	5.837394e+02
2.420000e-06	4.400314e-06	8.841175e-09	3.411152e+01	5.825962e+02
2.430000e-06	4.365660e-06	8.779020e-09	3.384288e+01	5.813375e+02
2.440000e-06	4.330277e-06	8.717248e-09	3.356859e+01	5.799215e+02
2.450000e-06	4.293914e-06	8.800714e-09	3.328670e+01	5.783321e+02
2.460000e-06	4.256257e-06	8.715829e-09	3.299478e+01	5.765772e+02
2.470000e-06	4.217451e-06	8.682670e-09	3.269395e+01	5.746825e+02
2.480000e-06	4.177732e-06	8.687248e-09	3.238605e+01	5.726817e+02
2.490000e-06	4.137252e-06	8.603643e-09	3.207225e+01	5.706065e+02
2.500000e-06	4.095940e-06	8.597638e-09	3.175199e+01	5.684788e+02
2.510000e-06	4.053714e-06	8.560917e-09	3.142465e+01	5.663065e+02
2.520000e-06	4.010694e-06	8.528274e-09	3.109116e+01	5.640837e+02
2.530000e-06	3.966987e-06	8.500211e-09	3.075234e+01	5.617947e+02
2.540000e-06	3.922543e-06	8.458994e-09	3.040781e+01	5.594203e+02
2.550000e-06	3.877105e-06	8.442973e-09	3.005557e+01	5.569442e+02
2.560000e-06	3.830681e-06	8.372443e-09	2.969569e+01	5.543587e+02
2.570000e-06	3.783584e-06	8.337276e-09	2.933059e+01	5.516663e+02
2.580000e-06	3.735590e-06	8.304671e-09	2.895854e+01	5.488798e+02
2.590000e-06	3.686554e-06	8.260142e-09	2.857841e+01	5.460183e+02
2.600000e-06	3.636731e-06	8.230903e-09	2.819217e+01	5.431023e+02
2.610000e-06	3.586039e-06	8.155478e-09	2.779921e+01	5.401482e+02
2.620000e-06	3.534460e-06	8.120934e-09	2.739936e+01	5.371646e+02
2.630000e-06	3.481971e-06	8.097448e-09	2.699246e+01	5.341508e+02
2.640000e-06	3.428368e-06	8.034987e-09	2.657693e+01	5.310973e+02
2.650000e-06	3.373752e-06	8.002236e-09	2.615355e+01	5.279893e+02
2.660000e-06	3.318388e-06	7.939670e-09	2.572436e+01	5.248104e+02
2.670000e-06	3.262377e-06	7.889325e-09	2.529016e+01	5.215475e+02
2.680000e-06	3.205734e-06	7.853468e-09	2.485106e+01	5.181931e+02
2.690000e-06	3.148418e-06	7.791122e-09	2.440674e+01	5.147469e+02
2.700000e-06	3.090441e-06	7.744141e-09	2.395730e+01	5.112146e+02
2.710000e-06	3.031820e-06	7.681904e-09	2.350286e+01	5.076055e+02
2.720000e-06	2.972616e-06	7.642066e-09	2.304391e+01	5.039287e+02
2.730000e-06	2.912933e-06	7.592671e-09	2.258125e+01	5.001907e+02
2.740000e-06	2.852663e-06	7.527313e-09	2.211403e+01	4.963928e+02
2.750000e-06	2.791498e-06	7.469494e-09	2.163988e+01	4.925309e+02
2.760000e-06	2.729395e-06	7.403050e-09	2.115845e+01	4.885973e+02
2.770000e-06	2.666628e-06	7.351973e-09	2.067188e+01	4.845826e+02
2.780000e-06	2.603329e-06	7.285697e-09	2.018118e+01	4.804788e+02
2.790000e-06	2.539495e-06	7.224143e-09	1.968633e+01	4.762820e+02
2.800000e-06	2.475153e-06	7.164879e-09	1.918754e+01	4.719931e+02
2.810000e-06	2.410323e-06	7.100936e-09	1.868498e+01	4.676176e+02
2.820000e-06	2.344964e-06	7.043113e-09	1.817831e+01	4.631635e+02
2.830000e-06	2.279081e-06	6.972416e-09	1.766758e+01	4.586391e+02
2.840000e-06	2.212696e-06	6.901700e-09	1.715296e+01	4.540494e+02
2.850000e-06	2.145854e-06	6.828587e-09	1.663480e+01	4.493948e+02
2.860000e-06	2.078670e-06	6.758548e-09	1.611398e+01	4.446698e+02
2.870000e-06	2.011145e-06	6.688655e-09	1.559053e+01	4.398645e+02
2.880000e-06	1.943280e-06	6.613127e-09	1.506444e+01	4.349662e+02
2.890000e-06	1.874948e-06	6.539442e-09	1.453472e+01	4.299631e+02
2.900000e-06	1.805933e-06	6.466586e-09	1.399971e+01	4.248466e+02
2.910000e-06	1.736319e-06	6.392137e-09	1.346006e+01	4.196139e+02
2.920000e-06	1.666167e-06	6.309201e-09	1.291624e+01	4.142677e+02
2.930000e-06	1.595531e-06	6.224097e-09	1.236866e+01	4.088161e+02
2.940000e-06	1.524532e-06	6.145668e-09	1.181827e+01	4.032691e+02
2.950000e-06	1.453297e-06	6.063812e-09	1.126605e+01	3.976363e+02
2.960000e-06	1.381858e-06	5.978295e-09	1.071225e+01	3.919234e+02
2.970000e-06	1.310236e-06	5.890180e-09	1.015704e+01	3.861306e+02
2.980000e-06	1.238413e-06	5.801906e-09	9.600257e+00	3.802516e+02
2.990000e-06	1.166383e-06	5.714854e-09	9.041875e+00	3.742750e+02
3.000000e-06	1.094101e-06	5.623000e-09	8.481541e+00	3.681864e+02
3.010000e-06	1.021556e-06	5.529562e-09	7.919172e+00	3.619713e+02
3.020000e-06	9.487678e-07	5.434083e-09	7.354910e+00	3.556181e+02
3.030000e-06	8.757484e-07	5.339281e-09	6.788858e+00	3.491201e+02
3.040000e-06	8.026225e-07	5.242880e-09	6.221982e+00	3.424758e+02
3.050000e-06	7.293703e-07	5.139751e-09	5.654126e+00	3.356882e+02
3.060000e-06	6.559700e-07	5.029179e-09	5.085122e+00	3.287628e+02
3.070000e-06	5.824484e-07	4.919119e-09	4.515178e+00	3.217049e+02
3.080000e-06	5.088498e-07	4.814293e-09	3.944637e+00	3.145174e+02
3.090000e-06	4.351372e-07	4.707510e-09	3.373212e+00	3.071988e+02
3.100000e-06	3.612940e-07	4.595899e-09	2.800774e+00	2.997434e+02
3.110000e-06	2.873818e-07	4.479615e-09	2.227802e+00	2.921413e+02
3.120000e-06	2.134660e-07	4.361832e-09	1.654803e+00	2.843811e+02
3.130000e-06	1.395584e-07	4.242718e-09	1.081866e+00	2.764511e+02
3.140000e-06	6.555379e-08	4.117135e-09	5.081773e-01	2.683416e+02
3.150000e-06	-8.519754e-09	3.986512e-09	-6.604569e-02	2.600459e+02
3.160000e-06	-8.257458e-08	3.857971e-09	-6.401235e-01	2.515599e+02
3.170000e-06	-1.565719e-07	3.732762e-09	-1.213756e+00	2.428813e+02
3.180000e-06	-2.304948e-07	3.604727e-09	-1.786810e+00	2.340082e+02
3.190000e-06	-3.044160e-07	3.468644e-09	-2.359853e+00	2.249372e+02
3.200000e-06	-3.783473e-07	3.327051e-09	-2.932973e+00	2.156628e+02
3.210000e-06	-4.521861e-07	3.183440e-09	-3.505376e+00	2.061771e+02
3.220000e-06	-5.258480e-07	3.035114e-09	-4.076408e+00	1.964715e+02
3.230000e-06	-5.993717e-07	2.881095e-09	-4.646368e+00	1.865381e+02
3.240000e-06	-6.728019e-07	2.724861e-09	-5.215604e+00	1.763722e+02
3.250000e-06	-7.461084e-07	2.568130e-09	-5.783881e+00	1.659741e+02
3.260000e-06	-8.192700e-07	2.409888e-09	-6.351034e+00	1.553496e+02
3.270000e-06	-8.922355e-07	2.247644e-09	-6.916668e+00	1.445097e+02
3.280000e-06	-9.649292e-07	2.079520e-09	-7.480194e+00	1.334679e+02
3.290000e-06	-1.037427e-06	1.906432e-09	-8.042204e+00	1.222378e+02
3.300000e-06	-1.109750e-06	1.731821e-09	-8.602852e+00	1.108289e+02
3.310000e-06	-1.181759e-06	1.558381e-09	-9.161074e+00	9.924447e+01
3.320000e-06	-1.253500e-06	1.382208e-09	-9.717214e+00	8.747981e+01
3.330000e-06	-1.325036e-06	1.201511e-09	-1.027176e+01	7.552243e+01
3.340000e-06	-1.396375e-06	1.015208e-09	-1.082479e+01	6.335415e+01
3.350000e-06	-1.467524e-06	8.231518e-10	-1.137634e+01	5.095439e+01
3.360000e-06	-1.538433e-06	6.301187e-10	-1.192604e+01	3.830403e+01
3.370000e-06	-1.609044e-06	4.327556e-10	-1.247341e+01	2.538870e+01
3.380000e-06	-1.679156e-06	2.318371e-10	-1.301693e+01	1.220096e+01
3.390000e-06	-1.748652e-06	2.855972e-11	-1.355566e+01	-1.259376e+00
3.400000e-06	-1.817570e-06	-1.795255e-10	-1.408992e+01	-1.498668e+01
3.410000e-06	-1.885937e-06	-3.926683e-10	-1.461991e+01	-2.897223e+01
3.420000e-06	-1.953773e-06	-6.102600e-10	-1.514578e+01	-4.320754e+01
3.430000e-06	-2.021273e-06	-8.316449e-10	-1.566904e+01	-5.768700e+01
3.440000e-06	-2.088513e-06	-1.056715e-09	-1.619029e+01	-7.240933e+01
3.450000e-06	-2.155351e-06	-1.284554e-09	-1.670842e+01	-8.737696e+01
3.460000e-06	-2.221713e-06	-1.514544e-09	-1.722286e+01	-1.025934e+02
3.470000e-06	-2.287571e-06	-1.747701e-09	-1.773340e+01	-1.180593e+02
3.480000e-06	-2.353055e-06	-1.987682e-09	-1.824104e+01	-1.337674e+02
3.490000e-06	-2.418045e-06	-2.232938e-09	-1.874484e+01	-1.496983e+02
3.500000e-06	-2.482443e-06	-2.478593e-09	-1.924406e+01	-1.658177e+02
3.510000e-06	-2.546324e-06	-2.723876e-09	-1.973927e+01	-1.820753e+02
3.520000e-06	-2.609736e-06	-2.973090e-09	-2.023084e+01	-1.984065e+02
3.530000e-06	-2.672724e-06	-3.224100e-09	-2.071913e+01	-2.147358e+02
3.540000e-06	-2.735163e-06	-3.472960e-09	-2.120316e+01	-2.309821e+02
3.550000e-06	-2.796800e-06	-3.715727e-09	-2.168098e+01	-2.470636e+02
3.560000e-06	-2.857519e-06	-3.955200e-09	-2.215168e+01	-2.629030e+02
3.570000e-06	-2.917483e-06	-4.195558e-09	-2.261652e+01	-2.784303e+02
3.580000e-06	-2.976895e-06	-4.431028e-09	-2.307709e+01	-2.935852e+02
3.590000e-06	-3.035757e-06	-4.656628e-09	-2.353339e+01	-3.083173e+02
3.600000e-06	-3.093948e-06	-4.875007e-09	-2.398449e+01	-3.225852e+02
3.610000e-06	-3.151459e-06	-5.088799e-09	-2.443032e+01	-3.363553e+02
3.620000e-06	-3.208309e-06	-5.296875e-09	-2.487102e+01	-3.496014e+02
3.630000e-06	-3.264436e-06	-5.494082e-09	-2.530612e+01	-3.623033e+02
3.640000e-06	-3.319885e-06	-5.677635e-09	-2.573596e+01	-3.744483e+02
3.650000e-06	-3.374715e-06	-5.852930e-09	-2.616101e+01	-3.860309e+02
3.660000e-06	-3.428629e-06	-6.022234e-09	-2.657896e+01	-3.970543e+02
3.670000e-06	-3.481419e-06	-6.184381e-09	-2.698818e+01	-4.075298e+02
3.680000e-06	-3.533248e-06	-6.336993e-09	-2.738997e+01	-4.174767e+02
3.690000e-06	-3.584233e-06	-6.483487e-09	-2.778521e+01	-4.269198e+02
3.700000e-06	-3.634338e-06	-6.624844e-09	-2.817362e+01	-4.358872e+02
3.710000e-06	-3.683570e-06	-6.759306e-09	-2.855528e+01	-4.444068e+02
3.720000e-06	-3.731837e-06	-6.883301e-09	-2.892944e+01	-4.525041e+02
3.730000e-06	-3.778987e-06	-6.997106e-09	-2.929495e+01	-4.602007e+02
3.740000e-06	-3.825160e-06	-7.106615e-09	-2.965289e+01	-4.675141e+02
3.750000e-06	-3.870637e-06	-7.215064e-09	-3.000543e+01	-4.744591e+02
3.760000e-06	-3.915419e-06	-7.319095e-09	-3.035258e+01	-4.810500e+02
3.770000e-06	-3.959442e-06	-7.416489e-09	-3.069385e+01	-4.873039e+02
3.780000e-06	-4.002794e-06	-7.507918e-09	-3.102992e+01	-4.932420e+02
3.790000e-06	-4.045407e-06	-7.597808e-09	-3.136026e+01	-4.988904e+02
3.800000e-06	-4.087210e-06	-7.684693e-09	-3.168432e+01	-5.042795e+02
3.810000e-06	-4.128228e-06	-7.766973e-09	-3.200229e+01	-5.094405e+02
3.820000e-06	-4.168356e-06	-7.843326e-09	-3.231337e+01	-5.144019e+02
3.830000e-06	-4.207652e-06	-7.914017e-09	-3.261799e+01	-5.191855e+02
3.840000e-06	-4.246117e-06	-7.984382e-09	-3.291618e+01	-5.238033e+02
3.850000e-06	-4.283334e-06	-8.055248e-09	-3.320469e+01	-5.282567e+02
3.860000e-06	-4.319317e-06	-8.123910e-09	-3.348363e+01	-5.325374e+02
3.870000e-06	-4.354491e-06	-8.186595e-09	-3.375630e+01	-5.366311e+02
3.880000e-06	-4.388836e-06	-8.246560e-09	-3.402255e+01	-5.405228e+02
3.890000e-06	-4.422185e-06	-8.304106e-09	-3.428107e+01	-5.442015e+02
3.900000e-06	-4.454566e-06	-8.358090e-09	-3.453209e+01	-5.476649e+02
3.910000e-06	-4.486116e-06	-8.407926e-09	-3.477666e+01	-5.509215e+02
3.920000e-06	-4.516719e-06	-8.455829e-09	-3.501390e+01	-5.539895e+02
3.930000e-06	-4.546032e-06	-8.503584e-09	-3.524114e+01	-5.568943e+02
3.940000e-06	-4.574126e-06	-8.549821e-09	-3.545893e+01	-5.596625e+02
3.950000e-06	-4.601314e-06	-8.591625e-09	-3.566969e+01	-5.623168e+02
3.960000e-06	-4.627645e-06	-8.629361e-09	-3.587381e+01	-5.648711e+02
3.970000e-06	-4.652875e-06	-8.665415e-09	-3.606939e+01	-5.673281e+02
3.980000e-06	-4.677021e-06	-8.698873e-09	-3.625657e+01	-5.696801e+02
3.990000e-06	-4.700335e-06	-8.731261e-09	-3.643730e+01	-5.719120e+02
4.000000e-06	-4.722677e-06	-8.760438e-09	-3.661050e+01	-5.740074e+02
4.010000e-06	-4.743684e-06	-8.789184e-09	-3.677335e+01	-5.759542e+02
4.020000e-06	-4.763488e-06	-8.819830e-09	-3.692687e+01	-5.777497e+02
4.030000e-06	-4.782406e-06	-8.847000e-09	-3.707352e+01	-5.794033e+02
4.040000e-06	-4.800426e-06	-8.868022e-09	-3.721322e+01	-5.809348e+02
4.050000e-06	-4.817460e-06	-8.884901e-09	-3.734527e+01	-5.823710e+02
4.060000e-06	-4.833506e-06	-8.903304e-09	-3.746966e+01	-5.837389e+02
4.070000e-06	-4.848650e-06	-8.920775e-09	-3.758705e+01	-5.850584e+02
4.080000e-06	-4.862621e-06	-8.936999e-09	-3.769535e+01	-5.863375e+02
4.090000e-06	-4.875112e-06	-8.954653e-09	-3.779218e+01	-5.875689e+02
4.100000e-06	-4.886260e-06	-8.973448e-09	-3.787861e+01	-5.887320e+02
4.110000e-06	-4.896320e-06	-8.989867e-09	-3.795659e+01	-5.897980e+02
4.120000e-06	-4.905371e-06	-8.999761e-09	-3.802676e+01	-5.907380e+02
4.130000e-06	-4.913451e-06	-9.006704e-09	-3.808939e+01	-5.915314e+02
4.140000e-06	-4.920616e-06	-9.013662e-09	-3.814494e+01	-5.921731e+02
4.150000e-06	-4.926600e-06	-9.020485e-09	-3.819132e+01	-5.926769e+02
4.160000e-06	-4.931176e-06	-9.026047e-09	-3.822680e+01	-5.930736e+02
4.170000e-06	-4.934642e-06	-9.031020e-09	-3.825366e+01	-5.934047e+02
4.180000e-06	-4.937181e-06	-9.036431e-09	-3.827335e+01	-5.937124e+02
4.190000e-06	-4.938737e-06	-9.043227e-09	-3.828541e+01	-5.940287e+02
4.200000e-06	-4.939221e-06	-9.045819e-09	-3.828917e+01	-5.943658e+02
