# Temperatura_=_31.57
# Concentracion g/m^3_=_18600.0
# C_Vs_to_Am_M_A/Vsm_=_65563218390.804596
# pendiente_HvsI_1/m_=_3716.3
# ordenada_HvsI_A/m_=_1297.0
# frecuencia_Hz_=_238084.79290057145

Tiempo_(s)	Campo_(V.s)	Magnetizacion_(V.s)	Campo_(kA/m)	Magnetizacion_(A/m)
0.000000e+00	-4.935735e-06	-8.925148e-09	-3.828319e+01	-5.861628e+02
1.000000e-08	-4.935230e-06	-8.925720e-09	-3.827926e+01	-5.864268e+02
2.000000e-08	-4.933794e-06	-8.927450e-09	-3.826813e+01	-5.866100e+02
3.000000e-08	-4.930926e-06	-8.929798e-09	-3.824588e+01	-5.867114e+02
4.000000e-08	-4.926825e-06	-8.933263e-09	-3.821407e+01	-5.867351e+02
5.000000e-08	-4.921963e-06	-8.933460e-09	-3.817636e+01	-5.866893e+02
6.000000e-08	-4.916170e-06	-8.923375e-09	-3.813143e+01	-5.865842e+02
7.000000e-08	-4.909259e-06	-8.899015e-09	-3.807783e+01	-5.864282e+02
8.000000e-08	-4.901363e-06	-8.880784e-09	-3.801659e+01	-5.862245e+02
9.000000e-08	-4.892458e-06	-8.967898e-09	-3.794752e+01	-5.859678e+02
1.000000e-07	-4.881821e-06	-9.042356e-09	-3.786501e+01	-5.856430e+02
1.100000e-07	-4.869383e-06	-8.965515e-09	-3.776854e+01	-5.852259e+02
1.200000e-07	-4.855970e-06	-8.715832e-09	-3.766450e+01	-5.846866e+02
1.300000e-07	-4.841936e-06	-8.762314e-09	-3.755565e+01	-5.839947e+02
1.400000e-07	-4.826692e-06	-9.096309e-09	-3.743741e+01	-5.831255e+02
1.500000e-07	-4.809765e-06	-8.880639e-09	-3.730612e+01	-5.820658e+02
1.600000e-07	-4.791914e-06	-8.633251e-09	-3.716767e+01	-5.808185e+02
1.700000e-07	-4.773247e-06	-8.965001e-09	-3.702287e+01	-5.794034e+02
1.800000e-07	-4.753342e-06	-8.939155e-09	-3.686849e+01	-5.778560e+02
1.900000e-07	-4.732779e-06	-8.588314e-09	-3.670899e+01	-5.762227e+02
2.000000e-07	-4.711687e-06	-8.850120e-09	-3.654540e+01	-5.745537e+02
2.100000e-07	-4.689300e-06	-8.897608e-09	-3.637176e+01	-5.728953e+02
2.200000e-07	-4.665656e-06	-8.515328e-09	-3.618836e+01	-5.712822e+02
2.300000e-07	-4.641230e-06	-8.723972e-09	-3.599891e+01	-5.697332e+02
2.400000e-07	-4.615870e-06	-8.855583e-09	-3.580221e+01	-5.682486e+02
2.500000e-07	-4.589268e-06	-8.593948e-09	-3.559587e+01	-5.668119e+02
2.600000e-07	-4.561429e-06	-8.671970e-09	-3.537994e+01	-5.653941e+02
2.700000e-07	-4.532610e-06	-8.673816e-09	-3.515642e+01	-5.639606e+02
2.800000e-07	-4.502948e-06	-8.550971e-09	-3.492634e+01	-5.624778e+02
2.900000e-07	-4.472372e-06	-8.616272e-09	-3.468919e+01	-5.609199e+02
3.000000e-07	-4.440778e-06	-8.537009e-09	-3.444414e+01	-5.592728e+02
3.100000e-07	-4.408364e-06	-8.497674e-09	-3.419273e+01	-5.575353e+02
3.200000e-07	-4.375173e-06	-8.545237e-09	-3.393528e+01	-5.557175e+02
3.300000e-07	-4.340771e-06	-8.461156e-09	-3.366845e+01	-5.538370e+02
3.400000e-07	-4.305119e-06	-8.457099e-09	-3.339192e+01	-5.519132e+02
3.500000e-07	-4.268574e-06	-8.458366e-09	-3.310846e+01	-5.499628e+02
3.600000e-07	-4.231109e-06	-8.333549e-09	-3.281787e+01	-5.479948e+02
3.700000e-07	-4.192720e-06	-8.334202e-09	-3.252012e+01	-5.460095e+02
3.800000e-07	-4.153414e-06	-8.378495e-09	-3.221525e+01	-5.439980e+02
3.900000e-07	-4.113263e-06	-8.302141e-09	-3.190382e+01	-5.419451e+02
4.000000e-07	-4.072421e-06	-8.250228e-09	-3.158704e+01	-5.398332e+02
4.100000e-07	-4.030560e-06	-8.233692e-09	-3.126235e+01	-5.376458e+02
4.200000e-07	-3.987351e-06	-8.199539e-09	-3.092720e+01	-5.353716e+02
4.300000e-07	-3.943074e-06	-8.163197e-09	-3.058378e+01	-5.330062e+02
4.400000e-07	-3.898051e-06	-8.138442e-09	-3.023457e+01	-5.305520e+02
4.500000e-07	-3.852230e-06	-8.064093e-09	-2.987917e+01	-5.280174e+02
4.600000e-07	-3.805522e-06	-8.019989e-09	-2.951688e+01	-5.254133e+02
4.700000e-07	-3.757925e-06	-8.036106e-09	-2.914771e+01	-5.227506e+02
4.800000e-07	-3.709675e-06	-7.986697e-09	-2.877346e+01	-5.200371e+02
4.900000e-07	-3.660637e-06	-7.913347e-09	-2.839311e+01	-5.172760e+02
5.000000e-07	-3.610278e-06	-7.862975e-09	-2.800250e+01	-5.144657e+02
5.100000e-07	-3.558630e-06	-7.834078e-09	-2.760191e+01	-5.116011e+02
5.200000e-07	-3.506173e-06	-7.802876e-09	-2.719503e+01	-5.086750e+02
5.300000e-07	-3.452950e-06	-7.743690e-09	-2.678222e+01	-5.056811e+02
5.400000e-07	-3.398891e-06	-7.671224e-09	-2.636292e+01	-5.026155e+02
5.500000e-07	-3.344073e-06	-7.630670e-09	-2.593773e+01	-4.994782e+02
5.600000e-07	-3.288527e-06	-7.603452e-09	-2.550690e+01	-4.962725e+02
5.700000e-07	-3.232428e-06	-7.559949e-09	-2.507178e+01	-4.930040e+02
5.800000e-07	-3.175842e-06	-7.493767e-09	-2.463288e+01	-4.896792e+02
5.900000e-07	-3.118456e-06	-7.429164e-09	-2.418777e+01	-4.863028e+02
6.000000e-07	-3.060126e-06	-7.392539e-09	-2.373534e+01	-4.828767e+02
6.100000e-07	-3.000880e-06	-7.353076e-09	-2.327581e+01	-4.793985e+02
6.200000e-07	-2.940884e-06	-7.295322e-09	-2.281046e+01	-4.758629e+02
6.300000e-07	-2.880425e-06	-7.215435e-09	-2.234153e+01	-4.722618e+02
6.400000e-07	-2.819435e-06	-7.156581e-09	-2.186847e+01	-4.685869e+02
6.500000e-07	-2.757803e-06	-7.116078e-09	-2.139042e+01	-4.648311e+02
6.600000e-07	-2.695604e-06	-7.063309e-09	-2.090799e+01	-4.609905e+02
6.700000e-07	-2.632931e-06	-6.993908e-09	-2.042188e+01	-4.570643e+02
6.800000e-07	-2.569728e-06	-6.924203e-09	-1.993166e+01	-4.530554e+02
6.900000e-07	-2.505912e-06	-6.874754e-09	-1.943668e+01	-4.489683e+02
7.000000e-07	-2.441598e-06	-6.823803e-09	-1.893784e+01	-4.448079e+02
7.100000e-07	-2.376953e-06	-6.752960e-09	-1.843643e+01	-4.405777e+02
7.200000e-07	-2.311793e-06	-6.663997e-09	-1.793103e+01	-4.362784e+02
7.300000e-07	-2.245806e-06	-6.588054e-09	-1.741921e+01	-4.319073e+02
7.400000e-07	-2.179069e-06	-6.532363e-09	-1.690157e+01	-4.274586e+02
7.500000e-07	-2.111732e-06	-6.476096e-09	-1.637929e+01	-4.229251e+02
7.600000e-07	-2.043883e-06	-6.402819e-09	-1.585303e+01	-4.182991e+02
7.700000e-07	-1.975697e-06	-6.322846e-09	-1.532416e+01	-4.135748e+02
7.800000e-07	-1.907251e-06	-6.254982e-09	-1.479327e+01	-4.087490e+02
7.900000e-07	-1.838554e-06	-6.188048e-09	-1.426043e+01	-4.038222e+02
8.000000e-07	-1.769486e-06	-6.107009e-09	-1.372472e+01	-3.987976e+02
8.100000e-07	-1.699908e-06	-6.010252e-09	-1.318505e+01	-3.936809e+02
8.200000e-07	-1.629910e-06	-5.920068e-09	-1.264212e+01	-3.884779e+02
8.300000e-07	-1.559576e-06	-5.847312e-09	-1.209659e+01	-3.831936e+02
8.400000e-07	-1.488932e-06	-5.778884e-09	-1.154865e+01	-3.778305e+02
8.500000e-07	-1.417976e-06	-5.693366e-09	-1.099829e+01	-3.723883e+02
8.600000e-07	-1.346702e-06	-5.596743e-09	-1.044547e+01	-3.668637e+02
8.700000e-07	-1.275162e-06	-5.508809e-09	-9.890575e+00	-3.612511e+02
8.800000e-07	-1.203395e-06	-5.429846e-09	-9.333927e+00	-3.555440e+02
8.900000e-07	-1.131300e-06	-5.346309e-09	-8.774735e+00	-3.497356e+02
9.000000e-07	-1.058968e-06	-5.247627e-09	-8.213706e+00	-3.438203e+02
9.100000e-07	-9.865446e-07	-5.147392e-09	-7.651965e+00	-3.377936e+02
9.200000e-07	-9.139970e-07	-5.057102e-09	-7.089261e+00	-3.316523e+02
9.300000e-07	-8.413220e-07	-4.970525e-09	-6.525570e+00	-3.253940e+02
9.400000e-07	-7.684938e-07	-4.868725e-09	-5.960691e+00	-3.190164e+02
9.500000e-07	-6.955045e-07	-4.757351e-09	-5.394562e+00	-3.125166e+02
9.600000e-07	-6.223468e-07	-4.654764e-09	-4.827127e+00	-3.058911e+02
9.700000e-07	-5.490218e-07	-4.562661e-09	-4.258394e+00	-2.991359e+02
9.800000e-07	-4.755713e-07	-4.465813e-09	-3.688688e+00	-2.922469e+02
9.900000e-07	-4.019563e-07	-4.350922e-09	-3.117705e+00	-2.852205e+02
1.000000e-06	-3.282046e-07	-4.231085e-09	-2.545663e+00	-2.780544e+02
1.010000e-06	-2.543856e-07	-4.116019e-09	-1.973099e+00	-2.707476e+02
1.020000e-06	-1.804760e-07	-4.004419e-09	-1.399831e+00	-2.633000e+02
1.030000e-06	-1.064831e-07	-3.886787e-09	-8.259177e-01	-2.557118e+02
1.040000e-06	-3.235263e-08	-3.763727e-09	-2.509376e-01	-2.479819e+02
1.050000e-06	4.179465e-08	-3.644386e-09	3.241731e-01	-2.401069e+02
1.060000e-06	1.157879e-07	-3.529994e-09	8.980893e-01	-2.320800e+02
1.070000e-06	1.897559e-07	-3.412123e-09	1.471809e+00	-2.238909e+02
1.080000e-06	2.637217e-07	-3.277593e-09	2.045513e+00	-2.155262e+02
1.090000e-06	3.376513e-07	-3.135753e-09	2.618935e+00	-2.069709e+02
1.100000e-06	4.115099e-07	-2.999357e-09	3.191806e+00	-1.982105e+02
1.110000e-06	4.852239e-07	-2.866489e-09	3.763556e+00	-1.892333e+02
1.120000e-06	5.587886e-07	-2.727812e-09	4.334149e+00	-1.800322e+02
1.130000e-06	6.321617e-07	-2.581818e-09	4.903254e+00	-1.706063e+02
1.140000e-06	7.053293e-07	-2.435313e-09	5.470766e+00	-1.609604e+02
1.150000e-06	7.782791e-07	-2.288866e-09	6.036589e+00	-1.511045e+02
1.160000e-06	8.511214e-07	-2.135266e-09	6.601578e+00	-1.410518e+02
1.170000e-06	9.238191e-07	-1.972213e-09	7.165445e+00	-1.308158e+02
1.180000e-06	9.962859e-07	-1.809529e-09	7.727521e+00	-1.204082e+02
1.190000e-06	1.068590e-06	-1.652098e-09	8.288339e+00	-1.098368e+02
1.200000e-06	1.140676e-06	-1.490843e-09	8.847459e+00	-9.910410e+01
1.210000e-06	1.212545e-06	-1.321076e-09	9.404897e+00	-8.820780e+01
1.220000e-06	1.284163e-06	-1.150294e-09	9.960393e+00	-7.714159e+01
1.230000e-06	1.355450e-06	-9.826053e-10	1.051332e+01	-6.589702e+01
1.240000e-06	1.426526e-06	-8.124341e-10	1.106460e+01	-5.446545e+01
1.250000e-06	1.497405e-06	-6.332454e-10	1.161436e+01	-4.283979e+01
1.260000e-06	1.567914e-06	-4.453586e-10	1.216125e+01	-3.101553e+01
1.270000e-06	1.638001e-06	-2.582899e-10	1.270487e+01	-1.899082e+01
1.280000e-06	1.707702e-06	-7.373859e-11	1.324550e+01	-6.765789e+00
1.290000e-06	1.776991e-06	1.139650e-10	1.378293e+01	5.658910e+00
1.300000e-06	1.845923e-06	3.090511e-10	1.431759e+01	1.828359e+01
1.310000e-06	1.914578e-06	5.070538e-10	1.485010e+01	3.111085e+01
1.320000e-06	1.982951e-06	7.045317e-10	1.538042e+01	4.414611e+01
1.330000e-06	2.050955e-06	9.036830e-10	1.590788e+01	5.739733e+01
1.340000e-06	2.118532e-06	1.108534e-09	1.643203e+01	7.087369e+01
1.350000e-06	2.185457e-06	1.319772e-09	1.695112e+01	8.458357e+01
1.360000e-06	2.251663e-06	1.530607e-09	1.746464e+01	9.853213e+01
1.370000e-06	2.317306e-06	1.743157e-09	1.797379e+01	1.127190e+02
1.380000e-06	2.382381e-06	1.961922e-09	1.847853e+01	1.271363e+02
1.390000e-06	2.446997e-06	2.189276e-09	1.897971e+01	1.417674e+02
1.400000e-06	2.511132e-06	2.418614e-09	1.947717e+01	1.565867e+02
1.410000e-06	2.574789e-06	2.647876e-09	1.997091e+01	1.715597e+02
1.420000e-06	2.637907e-06	2.876142e-09	2.046048e+01	1.866443e+02
1.430000e-06	2.700435e-06	3.105816e-09	2.094547e+01	2.017922e+02
1.440000e-06	2.762435e-06	3.340024e-09	2.142636e+01	2.169498e+02
1.450000e-06	2.823895e-06	3.572442e-09	2.190306e+01	2.320605e+02
1.460000e-06	2.884842e-06	3.798062e-09	2.237579e+01	2.470652e+02
1.470000e-06	2.945304e-06	4.020512e-09	2.284475e+01	2.619048e+02
1.480000e-06	3.005218e-06	4.244613e-09	2.330946e+01	2.765208e+02
1.490000e-06	3.064334e-06	4.467609e-09	2.376799e+01	2.908574e+02
1.500000e-06	3.122466e-06	4.682989e-09	2.421888e+01	3.048631e+02
1.510000e-06	3.179668e-06	4.887891e-09	2.466255e+01	3.184925e+02
1.520000e-06	3.236138e-06	5.085802e-09	2.510055e+01	3.317077e+02
1.530000e-06	3.292043e-06	5.278264e-09	2.553417e+01	3.444797e+02
1.540000e-06	3.347269e-06	5.464444e-09	2.596252e+01	3.567882e+02
1.550000e-06	3.401702e-06	5.640672e-09	2.638472e+01	3.686216e+02
1.560000e-06	3.455429e-06	5.807685e-09	2.680145e+01	3.799757e+02
1.570000e-06	3.508424e-06	5.969538e-09	2.721249e+01	3.908518e+02
1.580000e-06	3.560562e-06	6.130688e-09	2.761689e+01	4.012548e+02
1.590000e-06	3.611731e-06	6.286394e-09	2.801377e+01	4.111915e+02
1.600000e-06	3.661753e-06	6.430853e-09	2.840176e+01	4.206694e+02
1.610000e-06	3.710713e-06	6.566397e-09	2.878151e+01	4.296962e+02
1.620000e-06	3.758876e-06	6.697024e-09	2.915508e+01	4.382804e+02
1.630000e-06	3.806324e-06	6.824180e-09	2.952310e+01	4.464324e+02
1.640000e-06	3.853029e-06	6.940432e-09	2.988536e+01	4.541655e+02
1.650000e-06	3.898853e-06	7.043400e-09	3.024078e+01	4.614977e+02
1.660000e-06	3.943860e-06	7.144077e-09	3.058988e+01	4.684518e+02
1.670000e-06	3.988219e-06	7.248152e-09	3.093394e+01	4.750548e+02
1.680000e-06	4.031806e-06	7.347457e-09	3.127202e+01	4.813368e+02
1.690000e-06	4.074283e-06	7.435360e-09	3.160148e+01	4.873287e+02
1.700000e-06	4.115606e-06	7.516670e-09	3.192199e+01	4.930593e+02
1.710000e-06	4.156023e-06	7.599453e-09	3.223548e+01	4.985530e+02
1.720000e-06	4.195653e-06	7.683686e-09	3.254287e+01	5.038281e+02
1.730000e-06	4.234438e-06	7.761430e-09	3.284370e+01	5.088957e+02
1.740000e-06	4.272372e-06	7.831515e-09	3.313792e+01	5.137609e+02
1.750000e-06	4.309464e-06	7.899370e-09	3.342562e+01	5.184238e+02
1.760000e-06	4.345715e-06	7.968911e-09	3.370680e+01	5.228823e+02
1.770000e-06	4.381021e-06	8.036623e-09	3.398064e+01	5.271345e+02
1.780000e-06	4.415017e-06	8.096820e-09	3.424432e+01	5.311808e+02
1.790000e-06	4.447816e-06	8.149599e-09	3.449873e+01	5.350253e+02
1.800000e-06	4.479779e-06	8.201630e-09	3.474664e+01	5.386760e+02
1.810000e-06	4.510895e-06	8.257025e-09	3.498799e+01	5.421436e+02
1.820000e-06	4.541088e-06	8.309453e-09	3.522217e+01	5.454404e+02
1.830000e-06	4.570392e-06	8.357833e-09	3.544947e+01	5.485779e+02
1.840000e-06	4.598856e-06	8.403008e-09	3.567024e+01	5.515660e+02
1.850000e-06	4.626370e-06	8.445985e-09	3.588365e+01	5.544112e+02
1.860000e-06	4.652500e-06	8.486345e-09	3.608632e+01	5.571173e+02
1.870000e-06	4.677313e-06	8.523182e-09	3.627878e+01	5.596858e+02
1.880000e-06	4.701194e-06	8.556978e-09	3.646401e+01	5.621178e+02
1.890000e-06	4.724089e-06	8.589894e-09	3.664159e+01	5.644148e+02
1.900000e-06	4.745972e-06	8.624480e-09	3.681132e+01	5.665807e+02
1.910000e-06	4.766891e-06	8.659249e-09	3.697358e+01	5.686212e+02
1.920000e-06	4.787005e-06	8.693168e-09	3.712959e+01	5.705444e+02
1.930000e-06	4.806088e-06	8.721883e-09	3.727760e+01	5.723588e+02
1.940000e-06	4.823950e-06	8.747233e-09	3.741614e+01	5.740721e+02
1.950000e-06	4.840780e-06	8.770410e-09	3.754669e+01	5.756898e+02
1.960000e-06	4.856438e-06	8.792367e-09	3.766813e+01	5.772139e+02
1.970000e-06	4.870943e-06	8.813395e-09	3.778064e+01	5.786432e+02
1.980000e-06	4.884459e-06	8.834205e-09	3.788547e+01	5.799742e+02
1.990000e-06	4.896954e-06	8.857135e-09	3.798238e+01	5.812022e+02
2.000000e-06	4.908270e-06	8.880885e-09	3.807015e+01	5.823241e+02
2.010000e-06	4.918180e-06	8.901737e-09	3.814702e+01	5.833395e+02
2.020000e-06	4.926915e-06	8.916153e-09	3.821477e+01	5.842518e+02
2.030000e-06	4.934646e-06	8.927010e-09	3.827474e+01	5.850686e+02
2.040000e-06	4.941244e-06	8.936175e-09	3.832591e+01	5.857998e+02
2.050000e-06	4.946756e-06	8.945808e-09	3.836867e+01	5.864562e+02
2.060000e-06	4.951357e-06	8.957460e-09	3.840435e+01	5.870472e+02
2.070000e-06	4.955026e-06	8.970004e-09	3.843281e+01	5.875783e+02
2.080000e-06	4.957423e-06	8.983258e-09	3.845141e+01	5.880505e+02
2.090000e-06	4.958473e-06	8.997282e-09	3.845955e+01	5.884604e+02
2.100000e-06	4.958531e-06	9.007143e-09	3.846000e+01	5.888015e+02
2.110000e-06	4.957660e-06	9.011799e-09	3.845324e+01	5.890670e+02
2.120000e-06	4.955716e-06	9.007131e-09	3.843817e+01	5.892516e+02
2.130000e-06	4.952764e-06	9.006121e-09	3.841527e+01	5.893545e+02
2.140000e-06	4.949093e-06	9.010368e-09	3.838679e+01	5.893797e+02
2.150000e-06	4.944473e-06	9.010531e-09	3.835096e+01	5.893353e+02
2.160000e-06	4.938349e-06	9.015966e-09	3.830346e+01	5.892316e+02
2.170000e-06	4.931129e-06	9.048181e-09	3.824746e+01	5.890770e+02
2.180000e-06	4.923160e-06	9.022388e-09	3.818565e+01	5.888748e+02
2.190000e-06	4.914090e-06	8.882674e-09	3.811530e+01	5.886196e+02
2.200000e-06	4.903305e-06	8.865568e-09	3.803165e+01	5.882963e+02
2.210000e-06	4.890351e-06	9.091428e-09	3.793117e+01	5.878806e+02
2.220000e-06	4.876126e-06	9.178272e-09	3.782084e+01	5.873427e+02
2.230000e-06	4.861882e-06	8.855365e-09	3.771035e+01	5.866522e+02
2.240000e-06	4.846903e-06	8.810076e-09	3.759418e+01	5.857845e+02
2.250000e-06	4.830276e-06	9.160063e-09	3.746521e+01	5.847263e+02
2.260000e-06	4.812835e-06	8.868268e-09	3.732994e+01	5.834804e+02
2.270000e-06	4.794936e-06	8.610792e-09	3.719110e+01	5.820667e+02
2.280000e-06	4.775803e-06	9.072128e-09	3.704270e+01	5.805208e+02
2.290000e-06	4.755535e-06	8.943715e-09	3.688550e+01	5.788889e+02
2.300000e-06	4.734403e-06	8.525789e-09	3.672159e+01	5.772214e+02
2.310000e-06	4.711833e-06	8.888619e-09	3.654653e+01	5.755644e+02
2.320000e-06	4.688125e-06	8.870902e-09	3.636264e+01	5.739528e+02
2.330000e-06	4.663667e-06	8.474090e-09	3.617293e+01	5.724052e+02
2.340000e-06	4.637803e-06	8.694107e-09	3.597233e+01	5.709221e+02
2.350000e-06	4.610817e-06	8.674400e-09	3.576302e+01	5.694868e+02
2.360000e-06	4.583252e-06	8.531336e-09	3.554921e+01	5.680705e+02
2.370000e-06	4.554529e-06	8.718097e-09	3.532643e+01	5.666383e+02
2.380000e-06	4.524460e-06	8.575235e-09	3.509320e+01	5.651570e+02
2.390000e-06	4.493377e-06	8.518919e-09	3.485211e+01	5.636006e+02
2.400000e-06	4.461304e-06	8.641984e-09	3.460335e+01	5.619549e+02
2.410000e-06	4.428481e-06	8.404949e-09	3.434875e+01	5.602189e+02
2.420000e-06	4.394811e-06	8.465109e-09	3.408760e+01	5.584025e+02
2.430000e-06	4.360038e-06	8.526606e-09	3.381789e+01	5.565234e+02
2.440000e-06	4.324574e-06	8.294878e-09	3.354282e+01	5.546011e+02
2.450000e-06	4.288205e-06	8.457503e-09	3.326073e+01	5.526521e+02
2.460000e-06	4.250517e-06	8.435809e-09	3.296841e+01	5.506856e+02
2.470000e-06	4.211712e-06	8.250776e-09	3.266743e+01	5.487017e+02
2.480000e-06	4.171987e-06	8.321133e-09	3.235930e+01	5.466917e+02
2.490000e-06	4.131469e-06	8.243551e-09	3.204503e+01	5.446403e+02
2.500000e-06	4.090059e-06	8.221038e-09	3.172384e+01	5.425298e+02
2.510000e-06	4.047728e-06	8.219084e-09	3.139551e+01	5.403438e+02
2.520000e-06	4.004684e-06	8.126922e-09	3.106165e+01	5.380711e+02
2.530000e-06	3.960927e-06	8.145377e-09	3.072225e+01	5.357071e+02
2.540000e-06	3.916306e-06	8.095173e-09	3.037616e+01	5.332544e+02
2.550000e-06	3.870598e-06	8.076150e-09	3.002164e+01	5.307212e+02
2.560000e-06	3.824018e-06	8.024656e-09	2.966034e+01	5.281186e+02
2.570000e-06	3.776794e-06	7.921972e-09	2.929405e+01	5.254573e+02
2.580000e-06	3.728531e-06	7.946968e-09	2.891971e+01	5.227452e+02
2.590000e-06	3.679318e-06	7.885862e-09	2.853800e+01	5.199856e+02
2.600000e-06	3.629352e-06	7.851334e-09	2.815045e+01	5.171768e+02
2.610000e-06	3.578563e-06	7.810499e-09	2.775651e+01	5.143135e+02
2.620000e-06	3.526974e-06	7.732615e-09	2.735637e+01	5.113889e+02
2.630000e-06	3.474350e-06	7.754940e-09	2.694820e+01	5.083964e+02
2.640000e-06	3.420590e-06	7.677886e-09	2.653122e+01	5.053324e+02
2.650000e-06	3.365844e-06	7.618630e-09	2.610659e+01	5.021965e+02
2.660000e-06	3.310415e-06	7.568546e-09	2.567667e+01	4.989922e+02
2.670000e-06	3.254449e-06	7.502997e-09	2.524258e+01	4.957252e+02
2.680000e-06	3.197805e-06	7.502948e-09	2.480323e+01	4.924018e+02
2.690000e-06	3.140442e-06	7.436344e-09	2.435830e+01	4.890269e+02
2.700000e-06	3.082365e-06	7.379085e-09	2.390784e+01	4.856021e+02
2.710000e-06	3.023703e-06	7.319186e-09	2.345284e+01	4.821255e+02
2.720000e-06	2.964537e-06	7.269344e-09	2.299392e+01	4.785913e+02
2.730000e-06	2.904854e-06	7.243548e-09	2.253100e+01	4.749916e+02
2.740000e-06	2.844484e-06	7.161562e-09	2.206275e+01	4.713182e+02
2.750000e-06	2.783210e-06	7.106311e-09	2.158750e+01	4.675638e+02
2.760000e-06	2.721027e-06	7.049987e-09	2.110518e+01	4.637246e+02
2.770000e-06	2.658140e-06	6.999254e-09	2.061741e+01	4.597999e+02
2.780000e-06	2.594793e-06	6.947199e-09	2.012607e+01	4.557924e+02
2.790000e-06	2.531003e-06	6.860158e-09	1.963129e+01	4.517068e+02
2.800000e-06	2.466712e-06	6.801164e-09	1.913263e+01	4.475479e+02
2.810000e-06	2.401901e-06	6.741951e-09	1.862993e+01	4.433191e+02
2.820000e-06	2.336549e-06	6.694825e-09	1.812305e+01	4.390213e+02
2.830000e-06	2.270682e-06	6.631407e-09	1.761215e+01	4.346515e+02
2.840000e-06	2.204307e-06	6.548670e-09	1.709733e+01	4.302043e+02
2.850000e-06	2.137402e-06	6.486239e-09	1.657839e+01	4.256722e+02
2.860000e-06	2.070144e-06	6.417746e-09	1.605672e+01	4.210477e+02
2.870000e-06	2.002625e-06	6.352988e-09	1.553302e+01	4.163248e+02
2.880000e-06	1.934805e-06	6.268378e-09	1.500698e+01	4.115005e+02
2.890000e-06	1.866471e-06	6.187243e-09	1.447697e+01	4.065751e+02
2.900000e-06	1.797418e-06	6.125104e-09	1.394137e+01	4.015520e+02
2.910000e-06	1.727724e-06	6.059140e-09	1.340079e+01	3.964367e+02
2.920000e-06	1.657446e-06	5.986583e-09	1.285570e+01	3.912352e+02
2.930000e-06	1.586762e-06	5.895560e-09	1.230745e+01	3.859523e+02
2.940000e-06	1.515721e-06	5.815129e-09	1.175643e+01	3.805907e+02
2.950000e-06	1.444397e-06	5.736954e-09	1.120321e+01	3.751499e+02
2.960000e-06	1.372982e-06	5.653132e-09	1.064930e+01	3.696268e+02
2.970000e-06	1.301387e-06	5.560656e-09	1.009398e+01	3.640156e+02
2.980000e-06	1.229555e-06	5.462923e-09	9.536837e+00	3.583099e+02
2.990000e-06	1.157514e-06	5.382273e-09	8.978058e+00	3.525030e+02
3.000000e-06	1.085228e-06	5.308303e-09	8.417383e+00	3.465891e+02
3.010000e-06	1.012689e-06	5.225132e-09	7.854751e+00	3.405639e+02
3.020000e-06	9.399527e-07	5.124922e-09	7.290583e+00	3.344240e+02
3.030000e-06	8.670095e-07	5.025697e-09	6.724811e+00	3.281672e+02
3.040000e-06	7.938620e-07	4.933801e-09	6.157455e+00	3.217910e+02
3.050000e-06	7.205818e-07	4.835673e-09	5.589069e+00	3.152926e+02
3.060000e-06	6.472097e-07	4.724095e-09	5.019971e+00	3.086686e+02
3.070000e-06	5.736990e-07	4.610526e-09	4.449799e+00	3.019149e+02
3.080000e-06	5.000386e-07	4.511206e-09	3.878464e+00	2.950273e+02
3.090000e-06	4.263338e-07	4.417420e-09	3.306785e+00	2.880024e+02
3.100000e-06	3.525696e-07	4.313781e-09	2.734646e+00	2.808377e+02
3.110000e-06	2.786826e-07	4.197366e-09	2.161554e+00	2.735324e+02
3.120000e-06	2.047679e-07	4.079793e-09	1.588247e+00	2.660862e+02
3.130000e-06	1.308716e-07	3.968649e-09	1.015083e+00	2.584994e+02
3.140000e-06	5.690645e-08	3.853009e-09	4.413851e-01	2.507710e+02
3.150000e-06	-1.711876e-08	3.726645e-09	-1.327788e-01	2.428974e+02
3.160000e-06	-9.110896e-08	3.599191e-09	-7.066711e-01	2.348720e+02
3.170000e-06	-1.650174e-07	3.477955e-09	-1.279929e+00	2.266844e+02
3.180000e-06	-2.389295e-07	3.358587e-09	-1.853216e+00	2.183211e+02
3.190000e-06	-3.128110e-07	3.231174e-09	-2.426265e+00	2.097672e+02
3.200000e-06	-3.865984e-07	3.094303e-09	-2.998584e+00	2.010082e+02
3.210000e-06	-4.603813e-07	2.957944e-09	-3.570869e+00	1.920325e+02
3.220000e-06	-5.340536e-07	2.822047e-09	-4.142295e+00	1.828329e+02
3.230000e-06	-6.075467e-07	2.678605e-09	-4.712332e+00	1.734084e+02
3.240000e-06	-6.808911e-07	2.524765e-09	-5.281215e+00	1.637639e+02
3.250000e-06	-7.541273e-07	2.368303e-09	-5.849260e+00	1.539095e+02
3.260000e-06	-8.271962e-07	2.216281e-09	-6.416006e+00	1.438582e+02
3.270000e-06	-9.000064e-07	2.067682e-09	-6.980746e+00	1.336237e+02
3.280000e-06	-9.726388e-07	1.914175e-09	-7.544107e+00	1.232176e+02
3.290000e-06	-1.045091e-06	1.752711e-09	-8.106070e+00	1.126476e+02
3.300000e-06	-1.117307e-06	1.588189e-09	-8.666200e+00	1.019163e+02
3.310000e-06	-1.189243e-06	1.422271e-09	-9.224160e+00	9.102145e+01
3.320000e-06	-1.260966e-06	1.254713e-09	-9.780464e+00	7.995669e+01
3.330000e-06	-1.332496e-06	1.081012e-09	-1.033527e+01	6.871357e+01
3.340000e-06	-1.403773e-06	9.026580e-10	-1.088812e+01	5.728344e+01
3.350000e-06	-1.474842e-06	7.276549e-10	-1.143936e+01	4.565923e+01
3.360000e-06	-1.545679e-06	5.554298e-10	-1.198880e+01	3.383641e+01
3.370000e-06	-1.616098e-06	3.770720e-10	-1.253499e+01	2.181315e+01
3.380000e-06	-1.685950e-06	1.907275e-10	-1.307678e+01	9.589562e+00
3.390000e-06	-1.755247e-06	-1.215406e-12	-1.361428e+01	-2.833691e+00
3.400000e-06	-1.824022e-06	-1.952007e-10	-1.414771e+01	-1.545693e+01
3.410000e-06	-1.892306e-06	-3.893739e-10	-1.467735e+01	-2.828274e+01
3.420000e-06	-1.960123e-06	-5.882986e-10	-1.520336e+01	-4.131656e+01
3.430000e-06	-2.027537e-06	-7.927807e-10	-1.572624e+01	-5.456633e+01
3.440000e-06	-2.094613e-06	-9.989635e-10	-1.624651e+01	-6.804125e+01
3.450000e-06	-2.161339e-06	-1.204600e-09	-1.676406e+01	-8.174967e+01
3.460000e-06	-2.227660e-06	-1.414226e-09	-1.727847e+01	-9.569680e+01
3.470000e-06	-2.293450e-06	-1.631373e-09	-1.778876e+01	-1.098822e+02
3.480000e-06	-2.358746e-06	-1.855161e-09	-1.829521e+01	-1.242981e+02
3.490000e-06	-2.423583e-06	-2.080726e-09	-1.879811e+01	-1.389277e+02
3.500000e-06	-2.487862e-06	-2.304129e-09	-1.929667e+01	-1.537455e+02
3.510000e-06	-2.551665e-06	-2.527622e-09	-1.979155e+01	-1.687171e+02
3.520000e-06	-2.614980e-06	-2.757892e-09	-2.028265e+01	-1.838003e+02
3.530000e-06	-2.677772e-06	-2.993758e-09	-2.076968e+01	-1.989467e+02
3.540000e-06	-2.739985e-06	-3.226154e-09	-2.125222e+01	-2.141029e+02
3.550000e-06	-2.801437e-06	-3.452604e-09	-2.172886e+01	-2.292121e+02
3.560000e-06	-2.862089e-06	-3.677080e-09	-2.219930e+01	-2.442154e+02
3.570000e-06	-2.921994e-06	-3.905760e-09	-2.266395e+01	-2.590536e+02
3.580000e-06	-2.981268e-06	-4.135953e-09	-2.312370e+01	-2.736681e+02
3.590000e-06	-3.039962e-06	-4.356934e-09	-2.357894e+01	-2.880033e+02
3.600000e-06	-3.098031e-06	-4.568344e-09	-2.402935e+01	-3.020075e+02
3.610000e-06	-3.155409e-06	-4.777377e-09	-2.447439e+01	-3.156355e+02
3.620000e-06	-3.212075e-06	-4.986155e-09	-2.491391e+01	-3.288493e+02
3.630000e-06	-3.268044e-06	-5.186769e-09	-2.534802e+01	-3.416198e+02
3.640000e-06	-3.323369e-06	-5.373684e-09	-2.577715e+01	-3.539268e+02
3.650000e-06	-3.377990e-06	-5.552214e-09	-2.620080e+01	-3.657588e+02
3.660000e-06	-3.431678e-06	-5.727479e-09	-2.661722e+01	-3.771115e+02
3.670000e-06	-3.484267e-06	-5.899615e-09	-2.702512e+01	-3.879861e+02
3.680000e-06	-3.535870e-06	-6.064160e-09	-2.742537e+01	-3.983877e+02
3.690000e-06	-3.586677e-06	-6.218691e-09	-2.781945e+01	-4.083230e+02
3.700000e-06	-3.636738e-06	-6.364254e-09	-2.820774e+01	-4.177994e+02
3.710000e-06	-3.685909e-06	-6.506216e-09	-2.858913e+01	-4.268248e+02
3.720000e-06	-3.734001e-06	-6.639519e-09	-2.896214e+01	-4.354075e+02
3.730000e-06	-3.781022e-06	-6.761326e-09	-2.932685e+01	-4.435580e+02
3.740000e-06	-3.827095e-06	-6.875638e-09	-2.968421e+01	-4.512897e+02
3.750000e-06	-3.872450e-06	-6.988748e-09	-3.003600e+01	-4.586205e+02
3.760000e-06	-3.917064e-06	-7.101503e-09	-3.038203e+01	-4.655731e+02
3.770000e-06	-3.960932e-06	-7.208352e-09	-3.072229e+01	-4.721746e+02
3.780000e-06	-4.004170e-06	-7.306330e-09	-3.105766e+01	-4.784552e+02
3.790000e-06	-4.046714e-06	-7.396685e-09	-3.138765e+01	-4.844457e+02
3.800000e-06	-4.088439e-06	-7.484863e-09	-3.171128e+01	-4.901748e+02
3.810000e-06	-4.129253e-06	-7.570361e-09	-3.202785e+01	-4.956671e+02
3.820000e-06	-4.169272e-06	-7.650940e-09	-3.233825e+01	-5.009407e+02
3.830000e-06	-4.208552e-06	-7.726535e-09	-3.264292e+01	-5.060069e+02
3.840000e-06	-4.246836e-06	-7.803630e-09	-3.293986e+01	-5.108706e+02
3.850000e-06	-4.283839e-06	-7.882977e-09	-3.322687e+01	-5.155321e+02
3.860000e-06	-4.319726e-06	-7.957502e-09	-3.350522e+01	-5.199891e+02
3.870000e-06	-4.354812e-06	-8.020541e-09	-3.377736e+01	-5.242399e+02
3.880000e-06	-4.389027e-06	-8.076184e-09	-3.404274e+01	-5.282847e+02
3.890000e-06	-4.422290e-06	-8.132072e-09	-3.430074e+01	-5.321278e+02
3.900000e-06	-4.454642e-06	-8.190596e-09	-3.455167e+01	-5.357771e+02
3.910000e-06	-4.486132e-06	-8.248135e-09	-3.479592e+01	-5.392432e+02
3.920000e-06	-4.516638e-06	-8.301237e-09	-3.503253e+01	-5.425385e+02
3.930000e-06	-4.545848e-06	-8.352192e-09	-3.525909e+01	-5.456747e+02
3.940000e-06	-4.573816e-06	-8.399710e-09	-3.547602e+01	-5.486613e+02
3.950000e-06	-4.600873e-06	-8.441426e-09	-3.568589e+01	-5.515050e+02
3.960000e-06	-4.626971e-06	-8.474318e-09	-3.588831e+01	-5.542097e+02
3.970000e-06	-4.652045e-06	-8.506664e-09	-3.608279e+01	-5.567768e+02
3.980000e-06	-4.676137e-06	-8.545083e-09	-3.626966e+01	-5.592073e+02
3.990000e-06	-4.699414e-06	-8.586738e-09	-3.645020e+01	-5.615029e+02
4.000000e-06	-4.721756e-06	-8.625995e-09	-3.662349e+01	-5.636673e+02
4.010000e-06	-4.742680e-06	-8.659580e-09	-3.678579e+01	-5.657064e+02
4.020000e-06	-4.762416e-06	-8.688907e-09	-3.693887e+01	-5.676281e+02
4.030000e-06	-4.781331e-06	-8.713386e-09	-3.708557e+01	-5.694411e+02
4.040000e-06	-4.799263e-06	-8.733506e-09	-3.722466e+01	-5.711529e+02
4.050000e-06	-4.816161e-06	-8.752040e-09	-3.735573e+01	-5.727691e+02
4.060000e-06	-4.832142e-06	-8.773013e-09	-3.747969e+01	-5.742918e+02
4.070000e-06	-4.847183e-06	-8.795298e-09	-3.759635e+01	-5.757197e+02
4.080000e-06	-4.860884e-06	-8.816393e-09	-3.770262e+01	-5.770492e+02
4.090000e-06	-4.873105e-06	-8.835027e-09	-3.779741e+01	-5.782758e+02
4.100000e-06	-4.884132e-06	-8.851551e-09	-3.788293e+01	-5.793963e+02
4.110000e-06	-4.894028e-06	-8.864669e-09	-3.795969e+01	-5.804102e+02
4.120000e-06	-4.902915e-06	-8.874067e-09	-3.802862e+01	-5.813211e+02
4.130000e-06	-4.910847e-06	-8.882520e-09	-3.809015e+01	-5.821364e+02
4.140000e-06	-4.917914e-06	-8.892081e-09	-3.814496e+01	-5.828661e+02
4.150000e-06	-4.923847e-06	-8.901514e-09	-3.819098e+01	-5.835212e+02
4.160000e-06	-4.928311e-06	-8.908136e-09	-3.822560e+01	-5.841107e+02
4.170000e-06	-4.931683e-06	-8.915126e-09	-3.825176e+01	-5.846403e+02
4.180000e-06	-4.934156e-06	-8.920781e-09	-3.827094e+01	-5.851111e+02
4.190000e-06	-4.935578e-06	-8.924098e-09	-3.828197e+01	-5.855195e+02
4.200000e-06	-4.935924e-06	-8.924818e-09	-3.828465e+01	-5.858592e+02
