# Temperatura_=_26.14
# Concentracion g/m^3_=_18600.0
# C_Vs_to_Am_M_A/Vsm_=_65563218390.804596
# pendiente_HvsI_1/m_=_3716.3
# ordenada_HvsI_A/m_=_1297.0
# frecuencia_Hz_=_238084.3895888405

Tiempo_(s)	Campo_(V.s)	Magnetizacion_(V.s)	Campo_(kA/m)	Magnetizacion_(A/m)
0.000000e+00	-4.926594e-06	-8.518825e-09	-3.828429e+01	-5.598561e+02
1.000000e-08	-4.926104e-06	-8.521612e-09	-3.828047e+01	-5.602574e+02
2.000000e-08	-4.924613e-06	-8.525260e-09	-3.826889e+01	-5.606084e+02
3.000000e-08	-4.921729e-06	-8.527295e-09	-3.824648e+01	-5.608743e+02
4.000000e-08	-4.917644e-06	-8.528344e-09	-3.821473e+01	-5.610212e+02
5.000000e-08	-4.912828e-06	-8.529799e-09	-3.817731e+01	-5.610251e+02
6.000000e-08	-4.907148e-06	-8.525119e-09	-3.813317e+01	-5.608808e+02
7.000000e-08	-4.900350e-06	-8.508547e-09	-3.808034e+01	-5.606063e+02
8.000000e-08	-4.892424e-06	-8.496758e-09	-3.801875e+01	-5.602424e+02
9.000000e-08	-4.883375e-06	-8.564226e-09	-3.794843e+01	-5.598472e+02
1.000000e-07	-4.872737e-06	-8.635455e-09	-3.786577e+01	-5.594863e+02
1.100000e-07	-4.860470e-06	-8.595432e-09	-3.777044e+01	-5.592201e+02
1.200000e-07	-4.847178e-06	-8.404425e-09	-3.766714e+01	-5.590909e+02
1.300000e-07	-4.833084e-06	-8.410591e-09	-3.755762e+01	-5.591138e+02
1.400000e-07	-4.817747e-06	-8.622137e-09	-3.743844e+01	-5.592713e+02
1.500000e-07	-4.800871e-06	-8.496712e-09	-3.730730e+01	-5.595146e+02
1.600000e-07	-4.783070e-06	-8.383991e-09	-3.716897e+01	-5.597713e+02
1.700000e-07	-4.764399e-06	-8.687914e-09	-3.702388e+01	-5.599574e+02
1.800000e-07	-4.744557e-06	-8.734664e-09	-3.686968e+01	-5.599915e+02
1.900000e-07	-4.723981e-06	-8.451834e-09	-3.670979e+01	-5.598092e+02
2.000000e-07	-4.702799e-06	-8.622328e-09	-3.654519e+01	-5.593729e+02
2.100000e-07	-4.680394e-06	-8.700880e-09	-3.637108e+01	-5.586782e+02
2.200000e-07	-4.656737e-06	-8.381033e-09	-3.618724e+01	-5.577517e+02
2.300000e-07	-4.632315e-06	-8.509040e-09	-3.599746e+01	-5.566450e+02
2.400000e-07	-4.606963e-06	-8.661236e-09	-3.580045e+01	-5.554230e+02
2.500000e-07	-4.580379e-06	-8.453783e-09	-3.559386e+01	-5.541512e+02
2.600000e-07	-4.552654e-06	-8.476335e-09	-3.537842e+01	-5.528838e+02
2.700000e-07	-4.523844e-06	-8.496167e-09	-3.515454e+01	-5.516544e+02
2.800000e-07	-4.494053e-06	-8.413580e-09	-3.492304e+01	-5.504725e+02
2.900000e-07	-4.463386e-06	-8.443507e-09	-3.468472e+01	-5.493242e+02
3.000000e-07	-4.431755e-06	-8.395508e-09	-3.443892e+01	-5.481784e+02
3.100000e-07	-4.399325e-06	-8.371169e-09	-3.418690e+01	-5.469951e+02
3.200000e-07	-4.366124e-06	-8.386556e-09	-3.392890e+01	-5.457347e+02
3.300000e-07	-4.331836e-06	-8.338295e-09	-3.366245e+01	-5.443666e+02
3.400000e-07	-4.296321e-06	-8.345896e-09	-3.338647e+01	-5.428737e+02
3.500000e-07	-4.259773e-06	-8.327967e-09	-3.310245e+01	-5.412538e+02
3.600000e-07	-4.222348e-06	-8.225655e-09	-3.281163e+01	-5.395176e+02
3.700000e-07	-4.184010e-06	-8.244140e-09	-3.251371e+01	-5.376832e+02
3.800000e-07	-4.144791e-06	-8.273109e-09	-3.220894e+01	-5.357704e+02
3.900000e-07	-4.104721e-06	-8.199552e-09	-3.189756e+01	-5.337943e+02
4.000000e-07	-4.063929e-06	-8.153583e-09	-3.158056e+01	-5.317622e+02
4.100000e-07	-4.022195e-06	-8.129240e-09	-3.125625e+01	-5.296718e+02
4.200000e-07	-3.979203e-06	-8.096595e-09	-3.092216e+01	-5.275134e+02
4.300000e-07	-3.935111e-06	-8.067201e-09	-3.057953e+01	-5.252729e+02
4.400000e-07	-3.890203e-06	-8.034370e-09	-3.023055e+01	-5.229369e+02
4.500000e-07	-3.844506e-06	-7.960085e-09	-2.987544e+01	-5.204968e+02
4.600000e-07	-3.797903e-06	-7.926862e-09	-2.951329e+01	-5.179517e+02
4.700000e-07	-3.750380e-06	-7.933330e-09	-2.914399e+01	-5.153094e+02
4.800000e-07	-3.702081e-06	-7.880366e-09	-2.876866e+01	-5.125846e+02
4.900000e-07	-3.653083e-06	-7.804406e-09	-2.838790e+01	-5.097958e+02
5.000000e-07	-3.602936e-06	-7.755124e-09	-2.799821e+01	-5.069612e+02
5.100000e-07	-3.551518e-06	-7.732961e-09	-2.759865e+01	-5.040947e+02
5.200000e-07	-3.499248e-06	-7.700696e-09	-2.719246e+01	-5.012033e+02
5.300000e-07	-3.446109e-06	-7.644740e-09	-2.677952e+01	-4.982858e+02
5.400000e-07	-3.392093e-06	-7.578842e-09	-2.635977e+01	-4.953341e+02
5.500000e-07	-3.337359e-06	-7.541154e-09	-2.593443e+01	-4.923353e+02
5.600000e-07	-3.281912e-06	-7.510060e-09	-2.550355e+01	-4.892753e+02
5.700000e-07	-3.225875e-06	-7.464968e-09	-2.506810e+01	-4.861417e+02
5.800000e-07	-3.169412e-06	-7.398974e-09	-2.462933e+01	-4.829268e+02
5.900000e-07	-3.112287e-06	-7.334450e-09	-2.418541e+01	-4.796282e+02
6.000000e-07	-3.054217e-06	-7.298363e-09	-2.373415e+01	-4.762487e+02
6.100000e-07	-2.995171e-06	-7.258635e-09	-2.327530e+01	-4.727946e+02
6.200000e-07	-2.935336e-06	-7.198607e-09	-2.281033e+01	-4.692733e+02
6.300000e-07	-2.874969e-06	-7.121221e-09	-2.234122e+01	-4.656910e+02
6.400000e-07	-2.814060e-06	-7.069821e-09	-2.186790e+01	-4.620507e+02
6.500000e-07	-2.752531e-06	-7.033664e-09	-2.138976e+01	-4.583519e+02
6.600000e-07	-2.690483e-06	-6.979501e-09	-2.090759e+01	-4.545903e+02
6.700000e-07	-2.627911e-06	-6.903012e-09	-2.042135e+01	-4.507594e+02
6.800000e-07	-2.564711e-06	-6.833599e-09	-1.993023e+01	-4.468526e+02
6.900000e-07	-2.500958e-06	-6.787409e-09	-1.943480e+01	-4.428644e+02
7.000000e-07	-2.436733e-06	-6.737248e-09	-1.893572e+01	-4.387918e+02
7.100000e-07	-2.372169e-06	-6.669619e-09	-1.843399e+01	-4.346350e+02
7.200000e-07	-2.307161e-06	-6.587300e-09	-1.792881e+01	-4.303966e+02
7.300000e-07	-2.241395e-06	-6.515436e-09	-1.741775e+01	-4.260807e+02
7.400000e-07	-2.174950e-06	-6.458122e-09	-1.690141e+01	-4.216912e+02
7.500000e-07	-2.107910e-06	-6.399723e-09	-1.638045e+01	-4.172305e+02
7.600000e-07	-2.040230e-06	-6.325003e-09	-1.585451e+01	-4.126990e+02
7.700000e-07	-1.972146e-06	-6.244899e-09	-1.532543e+01	-4.080942e+02
7.800000e-07	-1.903788e-06	-6.178437e-09	-1.479423e+01	-4.034119e+02
7.900000e-07	-1.835130e-06	-6.114588e-09	-1.426069e+01	-3.986468e+02
8.000000e-07	-1.766125e-06	-6.035260e-09	-1.372446e+01	-3.937939e+02
8.100000e-07	-1.696743e-06	-5.942801e-09	-1.318530e+01	-3.888495e+02
8.200000e-07	-1.626952e-06	-5.861199e-09	-1.264295e+01	-3.838117e+02
8.300000e-07	-1.556773e-06	-5.796870e-09	-1.209760e+01	-3.786808e+02
8.400000e-07	-1.486287e-06	-5.730526e-09	-1.154985e+01	-3.734584e+02
8.500000e-07	-1.415458e-06	-5.642840e-09	-1.099945e+01	-3.681468e+02
8.600000e-07	-1.344306e-06	-5.545068e-09	-1.044652e+01	-3.627477e+02
8.700000e-07	-1.272810e-06	-5.458473e-09	-9.890938e+00	-3.572620e+02
8.800000e-07	-1.201011e-06	-5.381046e-09	-9.332987e+00	-3.516887e+02
8.900000e-07	-1.129007e-06	-5.298016e-09	-8.773453e+00	-3.460252e+02
9.000000e-07	-1.056867e-06	-5.202120e-09	-8.212852e+00	-3.402679e+02
9.100000e-07	-9.845836e-07	-5.107846e-09	-7.651144e+00	-3.344125e+02
9.200000e-07	-9.121547e-07	-5.022529e-09	-7.088302e+00	-3.284547e+02
9.300000e-07	-8.396007e-07	-4.938011e-09	-6.524490e+00	-3.223907e+02
9.400000e-07	-7.669237e-07	-4.835044e-09	-5.959720e+00	-3.162172e+02
9.500000e-07	-6.941300e-07	-4.722669e-09	-5.394045e+00	-3.099313e+02
9.600000e-07	-6.211780e-07	-4.622636e-09	-4.827139e+00	-3.035304e+02
9.700000e-07	-5.480968e-07	-4.534825e-09	-4.259229e+00	-2.970111e+02
9.800000e-07	-4.748847e-07	-4.444057e-09	-3.690303e+00	-2.903700e+02
9.900000e-07	-4.014705e-07	-4.336743e-09	-3.119805e+00	-2.836029e+02
1.000000e-06	-3.278757e-07	-4.224474e-09	-2.547904e+00	-2.767055e+02
1.010000e-06	-2.541597e-07	-4.116411e-09	-1.975060e+00	-2.696737e+02
1.020000e-06	-1.802711e-07	-4.008379e-09	-1.400877e+00	-2.625041e+02
1.030000e-06	-1.063941e-07	-3.891445e-09	-8.267828e-01	-2.551940e+02
1.040000e-06	-3.262432e-08	-3.768165e-09	-2.535218e-01	-2.477414e+02
1.050000e-06	4.122724e-08	-3.648752e-09	3.203746e-01	-2.401444e+02
1.060000e-06	1.151282e-07	-3.536074e-09	8.946548e-01	-2.324002e+02
1.070000e-06	1.889389e-07	-3.421650e-09	1.468234e+00	-2.245048e+02
1.080000e-06	2.626647e-07	-3.295374e-09	2.041153e+00	-2.164521e+02
1.090000e-06	3.363839e-07	-3.160423e-09	2.614020e+00	-2.082340e+02
1.100000e-06	4.100883e-07	-3.029114e-09	3.186773e+00	-1.998411e+02
1.110000e-06	4.835824e-07	-2.902554e-09	3.757892e+00	-1.912639e+02
1.120000e-06	5.568782e-07	-2.769209e-09	4.327469e+00	-1.824942e+02
1.130000e-06	6.301016e-07	-2.628041e-09	4.896484e+00	-1.735272e+02
1.140000e-06	7.031443e-07	-2.483395e-09	5.464095e+00	-1.643621e+02
1.150000e-06	7.759387e-07	-2.341781e-09	6.029776e+00	-1.550033e+02
1.160000e-06	8.485532e-07	-2.201648e-09	6.594059e+00	-1.454596e+02
1.170000e-06	9.210658e-07	-2.052841e-09	7.157550e+00	-1.357428e+02
1.180000e-06	9.934309e-07	-1.896670e-09	7.719896e+00	-1.258657e+02
1.190000e-06	1.065641e-06	-1.740992e-09	8.281037e+00	-1.158398e+02
1.200000e-06	1.137689e-06	-1.587245e-09	8.840920e+00	-1.056731e+02
1.210000e-06	1.209540e-06	-1.427525e-09	9.399266e+00	-9.536914e+01
1.220000e-06	1.281158e-06	-1.261746e-09	9.955806e+00	-8.492618e+01
1.230000e-06	1.352418e-06	-1.095705e-09	1.050956e+01	-7.433838e+01
1.240000e-06	1.423357e-06	-9.338559e-10	1.106082e+01	-6.359729e+01
1.250000e-06	1.494011e-06	-7.734496e-10	1.160988e+01	-5.269396e+01
1.260000e-06	1.564343e-06	-6.042731e-10	1.215642e+01	-4.162089e+01
1.270000e-06	1.634388e-06	-4.274348e-10	1.270073e+01	-3.037340e+01
1.280000e-06	1.704065e-06	-2.494891e-10	1.324219e+01	-1.895006e+01
1.290000e-06	1.773296e-06	-7.175601e-11	1.378018e+01	-7.351987e+00
1.300000e-06	1.842130e-06	1.096462e-10	1.431509e+01	4.418660e+00
1.310000e-06	1.910666e-06	2.956001e-10	1.484767e+01	1.636057e+01
1.320000e-06	1.978924e-06	4.815842e-10	1.537811e+01	2.847507e+01
1.330000e-06	2.046854e-06	6.641320e-10	1.590598e+01	4.076716e+01
1.340000e-06	2.114295e-06	8.492464e-10	1.643007e+01	5.324551e+01
1.350000e-06	2.181121e-06	1.042040e-09	1.694937e+01	6.592116e+01
1.360000e-06	2.247230e-06	1.240919e-09	1.746309e+01	7.880519e+01
1.370000e-06	2.312635e-06	1.441781e-09	1.797135e+01	9.190580e+01
1.380000e-06	2.377491e-06	1.645123e-09	1.847535e+01	1.052253e+02
1.390000e-06	2.441923e-06	1.853951e-09	1.897605e+01	1.187577e+02
1.400000e-06	2.506019e-06	2.064284e-09	1.947413e+01	1.324874e+02
1.410000e-06	2.569653e-06	2.274906e-09	1.996863e+01	1.463887e+02
1.420000e-06	2.632614e-06	2.486421e-09	2.045790e+01	1.604273e+02
1.430000e-06	2.695037e-06	2.700189e-09	2.094298e+01	1.745620e+02
1.440000e-06	2.756973e-06	2.915494e-09	2.142428e+01	1.887473e+02
1.450000e-06	2.818296e-06	3.132388e-09	2.190082e+01	2.029353e+02
1.460000e-06	2.879098e-06	3.345707e-09	2.237331e+01	2.170780e+02
1.470000e-06	2.939476e-06	3.555868e-09	2.284250e+01	2.311282e+02
1.480000e-06	2.999385e-06	3.767008e-09	2.330805e+01	2.450402e+02
1.490000e-06	3.058523e-06	3.975804e-09	2.376761e+01	2.587698e+02
1.500000e-06	3.116478e-06	4.180904e-09	2.421798e+01	2.722746e+02
1.510000e-06	3.173419e-06	4.380945e-09	2.466046e+01	2.855139e+02
1.520000e-06	3.229804e-06	4.576542e-09	2.509862e+01	2.984496e+02
1.530000e-06	3.285677e-06	4.769861e-09	2.553281e+01	3.110472e+02
1.540000e-06	3.340809e-06	4.957105e-09	2.596123e+01	3.232769e+02
1.550000e-06	3.395143e-06	5.134124e-09	2.638347e+01	3.351151e+02
1.560000e-06	3.448797e-06	5.303381e-09	2.680040e+01	3.465449e+02
1.570000e-06	3.501662e-06	5.467280e-09	2.721122e+01	3.575561e+02
1.580000e-06	3.553642e-06	5.626488e-09	2.761515e+01	3.681441e+02
1.590000e-06	3.604607e-06	5.781370e-09	2.801120e+01	3.783089e+02
1.600000e-06	3.654403e-06	5.932904e-09	2.839816e+01	3.880528e+02
1.610000e-06	3.703205e-06	6.079282e-09	2.877739e+01	3.973788e+02
1.620000e-06	3.751294e-06	6.217751e-09	2.915109e+01	4.062898e+02
1.630000e-06	3.798616e-06	6.347525e-09	2.951883e+01	4.147883e+02
1.640000e-06	3.845134e-06	6.466577e-09	2.988032e+01	4.228777e+02
1.650000e-06	3.890831e-06	6.575024e-09	3.023543e+01	4.305637e+02
1.660000e-06	3.935718e-06	6.678990e-09	3.058424e+01	4.378566e+02
1.670000e-06	3.979997e-06	6.783345e-09	3.092833e+01	4.447725e+02
1.680000e-06	4.023552e-06	6.885894e-09	3.126679e+01	4.513344e+02
1.690000e-06	4.066023e-06	6.982992e-09	3.159684e+01	4.575710e+02
1.700000e-06	4.107248e-06	7.075460e-09	3.191719e+01	4.635146e+02
1.710000e-06	4.147530e-06	7.162613e-09	3.223022e+01	4.691978e+02
1.720000e-06	4.187060e-06	7.244949e-09	3.253741e+01	4.746497e+02
1.730000e-06	4.225781e-06	7.323587e-09	3.283831e+01	4.798925e+02
1.740000e-06	4.263665e-06	7.398778e-09	3.313270e+01	4.849395e+02
1.750000e-06	4.300633e-06	7.469880e-09	3.341997e+01	4.897943e+02
1.760000e-06	4.336845e-06	7.536481e-09	3.370138e+01	4.944527e+02
1.770000e-06	4.372175e-06	7.602041e-09	3.397592e+01	4.989057e+02
1.780000e-06	4.406167e-06	7.667550e-09	3.424008e+01	5.031435e+02
1.790000e-06	4.438975e-06	7.729776e-09	3.449502e+01	5.071596e+02
1.800000e-06	4.470952e-06	7.788076e-09	3.474351e+01	5.109538e+02
1.810000e-06	4.502009e-06	7.843591e-09	3.498485e+01	5.145337e+02
1.820000e-06	4.532163e-06	7.894642e-09	3.521919e+01	5.179138e+02
1.830000e-06	4.561406e-06	7.942272e-09	3.544643e+01	5.211130e+02
1.840000e-06	4.589771e-06	7.987382e-09	3.566685e+01	5.241514e+02
1.850000e-06	4.617262e-06	8.031394e-09	3.588048e+01	5.270463e+02
1.860000e-06	4.643405e-06	8.073899e-09	3.608364e+01	5.298090e+02
1.870000e-06	4.668181e-06	8.114236e-09	3.627617e+01	5.324443e+02
1.880000e-06	4.692024e-06	8.152105e-09	3.646145e+01	5.349502e+02
1.890000e-06	4.714880e-06	8.188711e-09	3.663907e+01	5.373212e+02
1.900000e-06	4.736705e-06	8.223687e-09	3.680867e+01	5.395513e+02
1.910000e-06	4.757641e-06	8.254650e-09	3.697136e+01	5.416378e+02
1.920000e-06	4.777761e-06	8.283778e-09	3.712771e+01	5.435839e+02
1.930000e-06	4.796968e-06	8.312012e-09	3.727697e+01	5.453997e+02
1.940000e-06	4.814987e-06	8.339481e-09	3.741699e+01	5.471008e+02
1.950000e-06	4.831939e-06	8.364742e-09	3.754873e+01	5.487052e+02
1.960000e-06	4.847775e-06	8.387947e-09	3.767178e+01	5.502294e+02
1.970000e-06	4.862332e-06	8.411357e-09	3.778491e+01	5.516842e+02
1.980000e-06	4.875753e-06	8.436328e-09	3.788920e+01	5.530719e+02
1.990000e-06	4.888148e-06	8.461607e-09	3.798552e+01	5.543854e+02
2.000000e-06	4.899406e-06	8.482707e-09	3.807301e+01	5.556106e+02
2.010000e-06	4.909262e-06	8.500599e-09	3.814960e+01	5.567300e+02
2.020000e-06	4.917868e-06	8.516680e-09	3.821648e+01	5.577282e+02
2.030000e-06	4.925484e-06	8.528714e-09	3.827566e+01	5.585970e+02
2.040000e-06	4.932067e-06	8.536694e-09	3.832682e+01	5.593392e+02
2.050000e-06	4.937611e-06	8.545549e-09	3.836990e+01	5.599695e+02
2.060000e-06	4.942236e-06	8.559104e-09	3.840583e+01	5.605121e+02
2.070000e-06	4.945886e-06	8.574422e-09	3.843420e+01	5.609959e+02
2.080000e-06	4.948210e-06	8.586457e-09	3.845226e+01	5.614477e+02
2.090000e-06	4.949206e-06	8.594211e-09	3.846000e+01	5.618853e+02
2.100000e-06	4.949194e-06	8.600226e-09	3.845991e+01	5.623120e+02
2.110000e-06	4.948214e-06	8.605335e-09	3.845230e+01	5.627153e+02
2.120000e-06	4.946296e-06	8.605974e-09	3.843739e+01	5.630683e+02
2.130000e-06	4.943446e-06	8.608663e-09	3.841524e+01	5.633362e+02
2.140000e-06	4.939777e-06	8.613242e-09	3.838672e+01	5.634850e+02
2.150000e-06	4.935124e-06	8.614279e-09	3.835057e+01	5.634909e+02
2.160000e-06	4.929033e-06	8.619445e-09	3.830324e+01	5.633487e+02
2.170000e-06	4.921830e-06	8.640856e-09	3.824726e+01	5.630761e+02
2.180000e-06	4.913862e-06	8.625484e-09	3.818534e+01	5.627142e+02
2.190000e-06	4.904807e-06	8.505780e-09	3.811498e+01	5.623210e+02
2.200000e-06	4.894000e-06	8.484731e-09	3.803100e+01	5.619621e+02
2.210000e-06	4.881166e-06	8.626233e-09	3.793127e+01	5.616979e+02
2.220000e-06	4.867102e-06	8.691817e-09	3.782198e+01	5.615707e+02
2.230000e-06	4.852928e-06	8.498644e-09	3.771183e+01	5.615956e+02
2.240000e-06	4.838048e-06	8.463967e-09	3.759620e+01	5.617550e+02
2.250000e-06	4.821500e-06	8.794711e-09	3.746761e+01	5.620003e+02
2.260000e-06	4.804046e-06	8.580765e-09	3.733197e+01	5.622591e+02
2.270000e-06	4.786108e-06	8.297124e-09	3.719258e+01	5.624471e+02
2.280000e-06	4.767008e-06	8.682114e-09	3.704415e+01	5.624833e+02
2.290000e-06	4.746739e-06	8.637173e-09	3.688664e+01	5.623029e+02
2.300000e-06	4.725503e-06	8.286916e-09	3.672161e+01	5.618687e+02
2.310000e-06	4.702848e-06	8.574650e-09	3.654557e+01	5.611759e+02
2.320000e-06	4.679146e-06	8.634187e-09	3.636138e+01	5.602514e+02
2.330000e-06	4.654663e-06	8.330483e-09	3.617112e+01	5.591467e+02
2.340000e-06	4.628822e-06	8.464167e-09	3.597031e+01	5.579267e+02
2.350000e-06	4.601910e-06	8.480723e-09	3.576118e+01	5.566569e+02
2.360000e-06	4.574372e-06	8.368419e-09	3.554718e+01	5.553914e+02
2.370000e-06	4.545717e-06	8.482326e-09	3.532451e+01	5.541641e+02
2.380000e-06	4.515883e-06	8.397934e-09	3.509267e+01	5.529841e+02
2.390000e-06	4.484997e-06	8.349793e-09	3.485266e+01	5.518379e+02
2.400000e-06	4.452959e-06	8.439720e-09	3.460369e+01	5.506941e+02
2.410000e-06	4.420126e-06	8.268407e-09	3.434855e+01	5.495127e+02
2.420000e-06	4.386470e-06	8.307174e-09	3.408701e+01	5.482544e+02
2.430000e-06	4.351744e-06	8.365469e-09	3.381716e+01	5.468882e+02
2.440000e-06	4.316304e-06	8.182804e-09	3.354175e+01	5.453973e+02
2.450000e-06	4.280100e-06	8.303548e-09	3.326041e+01	5.437794e+02
2.460000e-06	4.242572e-06	8.302948e-09	3.296879e+01	5.420452e+02
2.470000e-06	4.203771e-06	8.137356e-09	3.266726e+01	5.402128e+02
2.480000e-06	4.164063e-06	8.186814e-09	3.235870e+01	5.383019e+02
2.490000e-06	4.123617e-06	8.134009e-09	3.204439e+01	5.363278e+02
2.500000e-06	4.082300e-06	8.088887e-09	3.172333e+01	5.342977e+02
2.510000e-06	4.040025e-06	8.092277e-09	3.139480e+01	5.322094e+02
2.520000e-06	3.996996e-06	8.014919e-09	3.106043e+01	5.300530e+02
2.530000e-06	3.953338e-06	8.024365e-09	3.072116e+01	5.278145e+02
2.540000e-06	3.908866e-06	7.991757e-09	3.037558e+01	5.254804e+02
2.550000e-06	3.863387e-06	7.962540e-09	3.002216e+01	5.230423e+02
2.560000e-06	3.817022e-06	7.920195e-09	2.966186e+01	5.204992e+02
2.570000e-06	3.769942e-06	7.823432e-09	2.929601e+01	5.178589e+02
2.580000e-06	3.721845e-06	7.829691e-09	2.892225e+01	5.151361e+02
2.590000e-06	3.672707e-06	7.777123e-09	2.854039e+01	5.123493e+02
2.600000e-06	3.622780e-06	7.729314e-09	2.815242e+01	5.095167e+02
2.610000e-06	3.572033e-06	7.697730e-09	2.775807e+01	5.066522e+02
2.620000e-06	3.520501e-06	7.632270e-09	2.735761e+01	5.037627e+02
2.630000e-06	3.467952e-06	7.638915e-09	2.694926e+01	5.008472e+02
2.640000e-06	3.414296e-06	7.576477e-09	2.653230e+01	4.978975e+02
2.650000e-06	3.359658e-06	7.517476e-09	2.610771e+01	4.949007e+02
2.660000e-06	3.304255e-06	7.469237e-09	2.567718e+01	4.918427e+02
2.670000e-06	3.248340e-06	7.395989e-09	2.524267e+01	4.887111e+02
2.680000e-06	3.191740e-06	7.379413e-09	2.480283e+01	4.854982e+02
2.690000e-06	3.134440e-06	7.323934e-09	2.435755e+01	4.822016e+02
2.700000e-06	3.076475e-06	7.269127e-09	2.390712e+01	4.788241e+02
2.710000e-06	3.017852e-06	7.221512e-09	2.345155e+01	4.753720e+02
2.720000e-06	2.958717e-06	7.170646e-09	2.299202e+01	4.718527e+02
2.730000e-06	2.899154e-06	7.135327e-09	2.252916e+01	4.682723e+02
2.740000e-06	2.839007e-06	7.057089e-09	2.206177e+01	4.646341e+02
2.750000e-06	2.777960e-06	6.995635e-09	2.158737e+01	4.609372e+02
2.760000e-06	2.715937e-06	6.942826e-09	2.110539e+01	4.571776e+02
2.770000e-06	2.653158e-06	6.886333e-09	2.061754e+01	4.533487e+02
2.780000e-06	2.589946e-06	6.834813e-09	2.012633e+01	4.494439e+02
2.790000e-06	2.526329e-06	6.761598e-09	1.963196e+01	4.454577e+02
2.800000e-06	2.462185e-06	6.706282e-09	1.913350e+01	4.413871e+02
2.810000e-06	2.397455e-06	6.648151e-09	1.863049e+01	4.372323e+02
2.820000e-06	2.332209e-06	6.592581e-09	1.812346e+01	4.329959e+02
2.830000e-06	2.266461e-06	6.529296e-09	1.761254e+01	4.286820e+02
2.840000e-06	2.200139e-06	6.447009e-09	1.709716e+01	4.242944e+02
2.850000e-06	2.133385e-06	6.382106e-09	1.657842e+01	4.198358e+02
2.860000e-06	2.066308e-06	6.314226e-09	1.605716e+01	4.153062e+02
2.870000e-06	1.998902e-06	6.248588e-09	1.553335e+01	4.107034e+02
2.880000e-06	1.931201e-06	6.174037e-09	1.500725e+01	4.060231e+02
2.890000e-06	1.863055e-06	6.101397e-09	1.447769e+01	4.012600e+02
2.900000e-06	1.794217e-06	6.040673e-09	1.394276e+01	3.964091e+02
2.910000e-06	1.724706e-06	5.969667e-09	1.340259e+01	3.914667e+02
2.920000e-06	1.654544e-06	5.892935e-09	1.285737e+01	3.864309e+02
2.930000e-06	1.583931e-06	5.805297e-09	1.230864e+01	3.813020e+02
2.940000e-06	1.513052e-06	5.726545e-09	1.175784e+01	3.760816e+02
2.950000e-06	1.441931e-06	5.651431e-09	1.120516e+01	3.707719e+02
2.960000e-06	1.370611e-06	5.575346e-09	1.065094e+01	3.653749e+02
2.970000e-06	1.299123e-06	5.495047e-09	1.009541e+01	3.598911e+02
2.980000e-06	1.227461e-06	5.407090e-09	9.538531e+00	3.543198e+02
2.990000e-06	1.155570e-06	5.323079e-09	8.979867e+00	3.486583e+02
3.000000e-06	1.083464e-06	5.239314e-09	8.419537e+00	3.429030e+02
3.010000e-06	1.011107e-06	5.151135e-09	7.857255e+00	3.370496e+02
3.020000e-06	9.384967e-07	5.058072e-09	7.293004e+00	3.310938e+02
3.030000e-06	8.656155e-07	4.967154e-09	6.726649e+00	3.250318e+02
3.040000e-06	7.925337e-07	4.879670e-09	6.158734e+00	3.188603e+02
3.050000e-06	7.193736e-07	4.789355e-09	5.590211e+00	3.125764e+02
3.060000e-06	6.461192e-07	4.689151e-09	5.020956e+00	3.061774e+02
3.070000e-06	5.727375e-07	4.584280e-09	4.450711e+00	2.996602e+02
3.080000e-06	4.992553e-07	4.484763e-09	3.879684e+00	2.930210e+02
3.090000e-06	4.256591e-07	4.387646e-09	3.307773e+00	2.862559e+02
3.100000e-06	3.519632e-07	4.284760e-09	2.735086e+00	2.793605e+02
3.110000e-06	2.782141e-07	4.176257e-09	2.161986e+00	2.723307e+02
3.120000e-06	2.043992e-07	4.066201e-09	1.588374e+00	2.651631e+02
3.130000e-06	1.305328e-07	3.959635e-09	1.014363e+00	2.578551e+02
3.140000e-06	5.666188e-08	3.849989e-09	4.403162e-01	2.504044e+02
3.150000e-06	-1.720273e-08	3.732253e-09	-1.336814e-01	2.428094e+02
3.160000e-06	-9.108813e-08	3.611821e-09	-7.078407e-01	2.350671e+02
3.170000e-06	-1.649653e-07	3.492454e-09	-1.281936e+00	2.271737e+02
3.180000e-06	-2.387358e-07	3.375485e-09	-1.855203e+00	2.191230e+02
3.190000e-06	-3.124639e-07	3.252709e-09	-2.428139e+00	2.109070e+02
3.200000e-06	-3.861148e-07	3.122595e-09	-3.000476e+00	2.025161e+02
3.210000e-06	-4.596227e-07	2.991336e-09	-3.571702e+00	1.939409e+02
3.220000e-06	-5.330709e-07	2.860244e-09	-4.142464e+00	1.851732e+02
3.230000e-06	-6.064164e-07	2.727246e-09	-4.712427e+00	1.762081e+02
3.240000e-06	-6.796397e-07	2.588431e-09	-5.281442e+00	1.670450e+02
3.250000e-06	-7.527539e-07	2.443812e-09	-5.849608e+00	1.576882e+02
3.260000e-06	-8.257094e-07	2.298272e-09	-6.416541e+00	1.481465e+02
3.270000e-06	-8.984491e-07	2.152652e-09	-6.981797e+00	1.384317e+02
3.280000e-06	-9.709564e-07	2.002252e-09	-7.545247e+00	1.285566e+02
3.290000e-06	-1.043222e-06	1.846721e-09	-8.106821e+00	1.185327e+02
3.300000e-06	-1.115210e-06	1.691364e-09	-8.666234e+00	1.083680e+02
3.310000e-06	-1.186939e-06	1.537894e-09	-9.223637e+00	9.806599e+01
3.320000e-06	-1.258522e-06	1.382494e-09	-9.779902e+00	8.762502e+01
3.330000e-06	-1.329929e-06	1.221468e-09	-1.033480e+01	7.703921e+01
3.340000e-06	-1.401101e-06	1.054292e-09	-1.088788e+01	6.630012e+01
3.350000e-06	-1.472071e-06	8.880761e-10	-1.143938e+01	5.539877e+01
3.360000e-06	-1.542757e-06	7.233473e-10	-1.198868e+01	4.432769e+01
3.370000e-06	-1.613012e-06	5.541568e-10	-1.253462e+01	3.308220e+01
3.380000e-06	-1.682786e-06	3.806382e-10	-1.307684e+01	2.166085e+01
3.390000e-06	-1.751984e-06	2.048706e-10	-1.361457e+01	1.006477e+01
3.400000e-06	-1.820498e-06	2.693555e-11	-1.414699e+01	-1.703890e+00
3.410000e-06	-1.888449e-06	-1.545969e-10	-1.467503e+01	-1.364381e+01
3.420000e-06	-1.956028e-06	-3.403306e-10	-1.520018e+01	-2.575631e+01
3.430000e-06	-2.023373e-06	-5.283516e-10	-1.572351e+01	-3.804642e+01
3.440000e-06	-2.090378e-06	-7.197960e-10	-1.624421e+01	-5.052278e+01
3.450000e-06	-2.156937e-06	-9.145596e-10	-1.676143e+01	-6.319643e+01
3.460000e-06	-2.223063e-06	-1.109895e-09	-1.727530e+01	-7.607847e+01
3.470000e-06	-2.288708e-06	-1.308038e-09	-1.778542e+01	-8.917709e+01
3.480000e-06	-2.353906e-06	-1.513696e-09	-1.829207e+01	-1.024946e+02
3.490000e-06	-2.418686e-06	-1.724689e-09	-1.879547e+01	-1.160250e+02
3.500000e-06	-2.482842e-06	-1.933856e-09	-1.929403e+01	-1.297527e+02
3.510000e-06	-2.546454e-06	-2.142787e-09	-1.978835e+01	-1.436520e+02
3.520000e-06	-2.609716e-06	-2.355460e-09	-2.027995e+01	-1.576886e+02
3.530000e-06	-2.672469e-06	-2.573652e-09	-2.076761e+01	-1.718214e+02
3.540000e-06	-2.734565e-06	-2.790928e-09	-2.125015e+01	-1.860047e+02
3.550000e-06	-2.795867e-06	-3.004105e-09	-2.172653e+01	-2.001907e+02
3.560000e-06	-2.856265e-06	-3.217765e-09	-2.219588e+01	-2.143314e+02
3.570000e-06	-2.915936e-06	-3.435490e-09	-2.265957e+01	-2.283796e+02
3.580000e-06	-2.975112e-06	-3.655183e-09	-2.311943e+01	-2.422895e+02
3.590000e-06	-3.033786e-06	-3.867720e-09	-2.357538e+01	-2.560172e+02
3.600000e-06	-3.091799e-06	-4.071330e-09	-2.402620e+01	-2.695200e+02
3.610000e-06	-3.149089e-06	-4.272792e-09	-2.447139e+01	-2.827573e+02
3.620000e-06	-3.205643e-06	-4.472319e-09	-2.491087e+01	-2.956911e+02
3.630000e-06	-3.261512e-06	-4.668381e-09	-2.534503e+01	-3.082866e+02
3.640000e-06	-3.316810e-06	-4.857502e-09	-2.577474e+01	-3.205143e+02
3.650000e-06	-3.371476e-06	-5.038520e-09	-2.619955e+01	-3.323506e+02
3.660000e-06	-3.425169e-06	-5.213847e-09	-2.661679e+01	-3.437784e+02
3.670000e-06	-3.477636e-06	-5.382543e-09	-2.702451e+01	-3.547875e+02
3.680000e-06	-3.529151e-06	-5.544370e-09	-2.742483e+01	-3.653736e+02
3.690000e-06	-3.579909e-06	-5.697650e-09	-2.781927e+01	-3.755364e+02
3.700000e-06	-3.629841e-06	-5.845776e-09	-2.820729e+01	-3.852783e+02
3.710000e-06	-3.678863e-06	-5.991708e-09	-2.858823e+01	-3.946023e+02
3.720000e-06	-3.726811e-06	-6.132475e-09	-2.896084e+01	-4.035113e+02
3.730000e-06	-3.773635e-06	-6.262103e-09	-2.932470e+01	-4.120078e+02
3.740000e-06	-3.819545e-06	-6.382640e-09	-2.968147e+01	-4.200952e+02
3.750000e-06	-3.864798e-06	-6.499681e-09	-3.003313e+01	-4.277793e+02
3.760000e-06	-3.909343e-06	-6.614903e-09	-3.037929e+01	-4.350701e+02
3.770000e-06	-3.953076e-06	-6.726292e-09	-3.071913e+01	-4.419841e+02
3.780000e-06	-3.996214e-06	-6.827733e-09	-3.105435e+01	-4.485440e+02
3.790000e-06	-4.038676e-06	-6.921416e-09	-3.138433e+01	-4.547785e+02
3.800000e-06	-4.080254e-06	-7.014106e-09	-3.170742e+01	-4.607201e+02
3.810000e-06	-4.121023e-06	-7.105261e-09	-3.202424e+01	-4.664013e+02
3.820000e-06	-4.160986e-06	-7.188731e-09	-3.233479e+01	-4.718513e+02
3.830000e-06	-4.200213e-06	-7.263912e-09	-3.263962e+01	-4.770921e+02
3.840000e-06	-4.238559e-06	-7.338802e-09	-3.293760e+01	-4.821371e+02
3.850000e-06	-4.275617e-06	-7.417227e-09	-3.322558e+01	-4.869899e+02
3.860000e-06	-4.311483e-06	-7.494942e-09	-3.350429e+01	-4.916463e+02
3.870000e-06	-4.346584e-06	-7.564751e-09	-3.377706e+01	-4.960973e+02
3.880000e-06	-4.380827e-06	-7.626121e-09	-3.404316e+01	-5.003331e+02
3.890000e-06	-4.414024e-06	-7.684994e-09	-3.430113e+01	-5.043472e+02
3.900000e-06	-4.446268e-06	-7.744529e-09	-3.455170e+01	-5.081395e+02
3.910000e-06	-4.477634e-06	-7.802961e-09	-3.479544e+01	-5.117174e+02
3.920000e-06	-4.508048e-06	-7.856619e-09	-3.503178e+01	-5.150954e+02
3.930000e-06	-4.537171e-06	-7.906051e-09	-3.525810e+01	-5.182927e+02
3.940000e-06	-4.565080e-06	-7.956790e-09	-3.547498e+01	-5.213291e+02
3.950000e-06	-4.592058e-06	-8.006212e-09	-3.568463e+01	-5.242220e+02
3.960000e-06	-4.618090e-06	-8.047636e-09	-3.588692e+01	-5.269827e+02
3.970000e-06	-4.643128e-06	-8.082456e-09	-3.608149e+01	-5.296160e+02
3.980000e-06	-4.667174e-06	-8.116601e-09	-3.626835e+01	-5.321199e+02
3.990000e-06	-4.690377e-06	-8.153903e-09	-3.644865e+01	-5.344890e+02
4.000000e-06	-4.712646e-06	-8.191672e-09	-3.662171e+01	-5.367171e+02
4.010000e-06	-4.733595e-06	-8.226229e-09	-3.678450e+01	-5.388016e+02
4.020000e-06	-4.753306e-06	-8.255517e-09	-3.693767e+01	-5.407457e+02
4.030000e-06	-4.772108e-06	-8.282580e-09	-3.708378e+01	-5.425595e+02
4.040000e-06	-4.789989e-06	-8.309783e-09	-3.722273e+01	-5.442586e+02
4.050000e-06	-4.806839e-06	-8.331471e-09	-3.735367e+01	-5.458610e+02
4.060000e-06	-4.822727e-06	-8.349828e-09	-3.747714e+01	-5.473832e+02
4.070000e-06	-4.837801e-06	-8.368350e-09	-3.759428e+01	-5.488360e+02
4.080000e-06	-4.851670e-06	-8.391185e-09	-3.770205e+01	-5.502217e+02
4.090000e-06	-4.863889e-06	-8.414436e-09	-3.779701e+01	-5.515332e+02
4.100000e-06	-4.874857e-06	-8.432545e-09	-3.788223e+01	-5.527565e+02
4.110000e-06	-4.884820e-06	-8.447115e-09	-3.795966e+01	-5.538738e+02
4.120000e-06	-4.893720e-06	-8.460775e-09	-3.802882e+01	-5.548700e+02
4.130000e-06	-4.901657e-06	-8.473111e-09	-3.809050e+01	-5.557369e+02
4.140000e-06	-4.908684e-06	-8.481359e-09	-3.814511e+01	-5.564771e+02
4.150000e-06	-4.914577e-06	-8.484866e-09	-3.819090e+01	-5.571054e+02
4.160000e-06	-4.919039e-06	-8.489375e-09	-3.822557e+01	-5.576460e+02
4.170000e-06	-4.922398e-06	-8.498200e-09	-3.825168e+01	-5.581278e+02
4.180000e-06	-4.924829e-06	-8.505678e-09	-3.827057e+01	-5.585777e+02
4.190000e-06	-4.926270e-06	-8.512383e-09	-3.828177e+01	-5.590132e+02
4.200000e-06	-4.926712e-06	-8.516481e-09	-3.828520e+01	-5.594379e+02
