# Temperatura_=_38.52
# Concentracion g/m^3_=_18600.0
# C_Vs_to_Am_M_A/Vsm_=_65563218390.804596
# pendiente_HvsI_1/m_=_3716.3
# ordenada_HvsI_A/m_=_1297.0
# frecuencia_Hz_=_238079.01523931656

Tiempo_(s)	Campo_(V.s)	Magnetizacion_(V.s)	Campo_(kA/m)	Magnetizacion_(A/m)
0.000000e+00	-4.938061e-06	-9.012715e-09	-3.829159e+01	-5.923930e+02
1.000000e-08	-4.937658e-06	-9.012918e-09	-3.828847e+01	-5.928115e+02
2.000000e-08	-4.936266e-06	-9.013333e-09	-3.827767e+01	-5.932059e+02
3.000000e-08	-4.933528e-06	-9.014070e-09	-3.825645e+01	-5.935108e+02
4.000000e-08	-4.929611e-06	-9.016414e-09	-3.822607e+01	-5.936580e+02
5.000000e-08	-4.924782e-06	-9.017978e-09	-3.818863e+01	-5.935955e+02
6.000000e-08	-4.919029e-06	-9.012908e-09	-3.814401e+01	-5.933047e+02
7.000000e-08	-4.912258e-06	-8.997336e-09	-3.809151e+01	-5.928114e+02
8.000000e-08	-4.904437e-06	-8.986141e-09	-3.803086e+01	-5.921879e+02
9.000000e-08	-4.895538e-06	-9.054459e-09	-3.796185e+01	-5.915440e+02
1.000000e-07	-4.885059e-06	-9.103137e-09	-3.788060e+01	-5.910084e+02
1.100000e-07	-4.872838e-06	-9.063449e-09	-3.778583e+01	-5.907042e+02
1.200000e-07	-4.859599e-06	-8.901950e-09	-3.768317e+01	-5.907224e+02
1.300000e-07	-4.845648e-06	-8.948769e-09	-3.757499e+01	-5.911007e+02
1.400000e-07	-4.830378e-06	-9.131247e-09	-3.745658e+01	-5.918109e+02
1.500000e-07	-4.813526e-06	-8.869163e-09	-3.732590e+01	-5.927593e+02
1.600000e-07	-4.795815e-06	-8.871572e-09	-3.718857e+01	-5.937994e+02
1.700000e-07	-4.777294e-06	-9.205837e-09	-3.704495e+01	-5.947561e+02
1.800000e-07	-4.757587e-06	-9.150671e-09	-3.689213e+01	-5.954554e+02
1.900000e-07	-4.737122e-06	-9.023037e-09	-3.673344e+01	-5.957548e+02
2.000000e-07	-4.715951e-06	-9.156783e-09	-3.656927e+01	-5.955673e+02
2.100000e-07	-4.693537e-06	-9.121866e-09	-3.639547e+01	-5.948749e+02
2.200000e-07	-4.670011e-06	-8.918606e-09	-3.621303e+01	-5.937291e+02
2.300000e-07	-4.645699e-06	-9.036057e-09	-3.602450e+01	-5.922383e+02
2.400000e-07	-4.620376e-06	-9.105266e-09	-3.582814e+01	-5.905449e+02
2.500000e-07	-4.593791e-06	-8.972462e-09	-3.562199e+01	-5.887976e+02
2.600000e-07	-4.565986e-06	-8.998127e-09	-3.540638e+01	-5.871243e+02
2.700000e-07	-4.537219e-06	-8.980725e-09	-3.518332e+01	-5.856109e+02
2.800000e-07	-4.507657e-06	-8.908676e-09	-3.495408e+01	-5.842902e+02
2.900000e-07	-4.477142e-06	-8.945010e-09	-3.471745e+01	-5.831425e+02
3.000000e-07	-4.445598e-06	-8.856663e-09	-3.447285e+01	-5.821059e+02
3.100000e-07	-4.413197e-06	-8.851155e-09	-3.422160e+01	-5.810948e+02
3.200000e-07	-4.379901e-06	-8.899961e-09	-3.396341e+01	-5.800200e+02
3.300000e-07	-4.345531e-06	-8.838987e-09	-3.369689e+01	-5.788082e+02
3.400000e-07	-4.310007e-06	-8.847714e-09	-3.342143e+01	-5.774140e+02
3.500000e-07	-4.273530e-06	-8.803154e-09	-3.313857e+01	-5.758255e+02
3.600000e-07	-4.236150e-06	-8.718238e-09	-3.284871e+01	-5.740602e+02
3.700000e-07	-4.197844e-06	-8.726887e-09	-3.255167e+01	-5.721553e+02
3.800000e-07	-4.158621e-06	-8.742297e-09	-3.224752e+01	-5.701546e+02
3.900000e-07	-4.118494e-06	-8.689914e-09	-3.193636e+01	-5.680952e+02
4.000000e-07	-4.077604e-06	-8.659297e-09	-3.161928e+01	-5.659983e+02
4.100000e-07	-4.035773e-06	-8.630464e-09	-3.129491e+01	-5.638649e+02
4.200000e-07	-3.992750e-06	-8.591130e-09	-3.096129e+01	-5.616782e+02
4.300000e-07	-3.948631e-06	-8.549421e-09	-3.061918e+01	-5.594102e+02
4.400000e-07	-3.903626e-06	-8.506448e-09	-3.027019e+01	-5.570315e+02
4.500000e-07	-3.857828e-06	-8.445061e-09	-2.991506e+01	-5.545202e+02
4.600000e-07	-3.811213e-06	-8.410087e-09	-2.955359e+01	-5.518690e+02
4.700000e-07	-3.763720e-06	-8.418643e-09	-2.918531e+01	-5.490873e+02
4.800000e-07	-3.715452e-06	-8.364347e-09	-2.881102e+01	-5.461988e+02
4.900000e-07	-3.666281e-06	-8.301088e-09	-2.842973e+01	-5.432354e+02
5.000000e-07	-3.615994e-06	-8.246679e-09	-2.803978e+01	-5.402292e+02
5.100000e-07	-3.564692e-06	-8.213070e-09	-2.764197e+01	-5.372045e+02
5.200000e-07	-3.512439e-06	-8.174126e-09	-2.723678e+01	-5.341725e+02
5.300000e-07	-3.459246e-06	-8.111407e-09	-2.682430e+01	-5.311294e+02
5.400000e-07	-3.405248e-06	-8.058666e-09	-2.640558e+01	-5.280587e+02
5.500000e-07	-3.350508e-06	-8.017900e-09	-2.598111e+01	-5.249364e+02
5.600000e-07	-3.295093e-06	-7.984101e-09	-2.555140e+01	-5.217379e+02
5.700000e-07	-3.239099e-06	-7.934120e-09	-2.511720e+01	-5.184446e+02
5.800000e-07	-3.182548e-06	-7.870756e-09	-2.467868e+01	-5.150479e+02
5.900000e-07	-3.125214e-06	-7.806399e-09	-2.423409e+01	-5.115509e+02
6.000000e-07	-3.066877e-06	-7.765185e-09	-2.378172e+01	-5.079661e+02
6.100000e-07	-3.007671e-06	-7.722544e-09	-2.332262e+01	-5.043110e+02
6.200000e-07	-2.947777e-06	-7.661052e-09	-2.285818e+01	-5.006020e+02
6.300000e-07	-2.887353e-06	-7.587034e-09	-2.238963e+01	-4.968500e+02
6.400000e-07	-2.826441e-06	-7.529297e-09	-2.191729e+01	-4.930566e+02
6.500000e-07	-2.764937e-06	-7.486349e-09	-2.144037e+01	-4.892137e+02
6.600000e-07	-2.702828e-06	-7.424860e-09	-2.095875e+01	-4.853060e+02
6.700000e-07	-2.640190e-06	-7.353063e-09	-2.047303e+01	-4.813153e+02
6.800000e-07	-2.577022e-06	-7.286958e-09	-1.998320e+01	-4.772255e+02
6.900000e-07	-2.513256e-06	-7.238660e-09	-1.948874e+01	-4.730267e+02
7.000000e-07	-2.448938e-06	-7.182100e-09	-1.898999e+01	-4.687178e+02
7.100000e-07	-2.384171e-06	-7.109497e-09	-1.848776e+01	-4.643062e+02
7.200000e-07	-2.318902e-06	-7.028722e-09	-1.798164e+01	-4.598051e+02
7.300000e-07	-2.252920e-06	-6.953221e-09	-1.747000e+01	-4.552297e+02
7.400000e-07	-2.186296e-06	-6.889339e-09	-1.695337e+01	-4.505917e+02
7.500000e-07	-2.119204e-06	-6.819360e-09	-1.643311e+01	-4.458966e+02
7.600000e-07	-2.051584e-06	-6.742298e-09	-1.590876e+01	-4.411414e+02
7.700000e-07	-1.983477e-06	-6.666105e-09	-1.538063e+01	-4.363155e+02
7.800000e-07	-1.914999e-06	-6.602604e-09	-1.484963e+01	-4.314033e+02
7.900000e-07	-1.846192e-06	-6.534557e-09	-1.431607e+01	-4.263888e+02
8.000000e-07	-1.777062e-06	-6.449685e-09	-1.378001e+01	-4.212595e+02
8.100000e-07	-1.707623e-06	-6.352227e-09	-1.324156e+01	-4.160099e+02
8.200000e-07	-1.637816e-06	-6.262912e-09	-1.270024e+01	-4.106424e+02
8.300000e-07	-1.567619e-06	-6.190276e-09	-1.215591e+01	-4.051665e+02
8.400000e-07	-1.497061e-06	-6.113771e-09	-1.160878e+01	-3.995955e+02
8.500000e-07	-1.426120e-06	-6.023431e-09	-1.105867e+01	-3.939427e+02
8.600000e-07	-1.354874e-06	-5.928803e-09	-1.050621e+01	-3.882167e+02
8.700000e-07	-1.283345e-06	-5.846424e-09	-9.951540e+00	-3.824192e+02
8.800000e-07	-1.211566e-06	-5.765021e-09	-9.394941e+00	-3.765437e+02
8.900000e-07	-1.139564e-06	-5.673342e-09	-8.836608e+00	-3.705770e+02
9.000000e-07	-1.067340e-06	-5.569333e-09	-8.276555e+00	-3.645022e+02
9.100000e-07	-9.949690e-07	-5.467577e-09	-7.715366e+00	-3.583027e+02
9.200000e-07	-9.224496e-07	-5.375212e-09	-7.153023e+00	-3.519662e+02
9.300000e-07	-8.496949e-07	-5.280000e-09	-6.588855e+00	-3.454866e+02
9.400000e-07	-7.767461e-07	-5.170550e-09	-6.023183e+00	-3.388651e+02
9.500000e-07	-7.037120e-07	-5.056369e-09	-5.456849e+00	-3.321080e+02
9.600000e-07	-6.305850e-07	-4.956204e-09	-4.889794e+00	-3.252240e+02
9.700000e-07	-5.572615e-07	-4.863521e-09	-4.321216e+00	-3.182198e+02
9.800000e-07	-4.837293e-07	-4.764120e-09	-3.751020e+00	-3.110974e+02
9.900000e-07	-4.100243e-07	-4.649309e-09	-3.179483e+00	-3.038515e+02
1.000000e-06	-3.362206e-07	-4.530839e-09	-2.607181e+00	-2.964699e+02
1.010000e-06	-2.622864e-07	-4.413634e-09	-2.033868e+00	-2.889353e+02
1.020000e-06	-1.882433e-07	-4.291895e-09	-1.459710e+00	-2.812290e+02
1.030000e-06	-1.140987e-07	-4.163520e-09	-8.847645e-01	-2.733341e+02
1.040000e-06	-3.988413e-08	-4.034062e-09	-3.092766e-01	-2.652396e+02
1.050000e-06	3.434961e-08	-3.914849e-09	2.663599e-01	-2.569410e+02
1.060000e-06	1.085204e-07	-3.796430e-09	8.415080e-01	-2.484408e+02
1.070000e-06	1.825829e-07	-3.668643e-09	1.415817e+00	-2.397456e+02
1.080000e-06	2.566387e-07	-3.526472e-09	1.990073e+00	-2.308629e+02
1.090000e-06	3.307013e-07	-3.378215e-09	2.564383e+00	-2.217976e+02
1.100000e-06	4.047595e-07	-3.232628e-09	3.138659e+00	-2.125491e+02
1.110000e-06	4.786882e-07	-3.088375e-09	3.711929e+00	-2.031104e+02
1.120000e-06	5.524333e-07	-2.939625e-09	4.283777e+00	-1.934695e+02
1.130000e-06	6.260320e-07	-2.787564e-09	4.854489e+00	-1.836121e+02
1.140000e-06	6.994060e-07	-2.635987e-09	5.423459e+00	-1.735257e+02
1.150000e-06	7.725305e-07	-2.480752e-09	5.990494e+00	-1.632036e+02
1.160000e-06	8.454730e-07	-2.321177e-09	6.556118e+00	-1.526472e+02
1.170000e-06	9.182246e-07	-2.154200e-09	7.120261e+00	-1.418668e+02
1.180000e-06	9.907877e-07	-1.983782e-09	7.682942e+00	-1.308791e+02
1.190000e-06	1.063158e-06	-1.812438e-09	8.244131e+00	-1.197039e+02
1.200000e-06	1.135302e-06	-1.640537e-09	8.803563e+00	-1.083582e+02
1.210000e-06	1.207176e-06	-1.464819e-09	9.360897e+00	-9.685240e+01
1.220000e-06	1.278786e-06	-1.284206e-09	9.916188e+00	-8.518606e+01
1.230000e-06	1.350153e-06	-1.103504e-09	1.046960e+01	-7.334752e+01
1.240000e-06	1.421229e-06	-9.222378e-10	1.102075e+01	-6.131553e+01
1.250000e-06	1.491960e-06	-7.350690e-10	1.156922e+01	-4.906334e+01
1.260000e-06	1.562399e-06	-5.435187e-10	1.211544e+01	-3.656419e+01
1.270000e-06	1.632471e-06	-3.506729e-10	1.265880e+01	-2.379667e+01
1.280000e-06	1.702129e-06	-1.558077e-10	1.319895e+01	-1.074872e+01
1.290000e-06	1.771447e-06	4.435809e-11	1.373647e+01	2.580739e+00
1.300000e-06	1.840448e-06	2.534663e-10	1.427153e+01	1.618289e+01
1.310000e-06	1.909151e-06	4.686471e-10	1.480428e+01	3.004250e+01
1.320000e-06	1.977569e-06	6.856125e-10	1.533482e+01	4.414268e+01
1.330000e-06	2.045624e-06	9.027407e-10	1.586254e+01	5.846975e+01
1.340000e-06	2.113167e-06	1.124627e-09	1.638630e+01	7.301651e+01
1.350000e-06	2.180164e-06	1.353607e-09	1.690582e+01	8.778322e+01
1.360000e-06	2.246557e-06	1.583677e-09	1.742065e+01	1.027756e+02
1.370000e-06	2.312258e-06	1.812850e-09	1.793012e+01	1.180005e+02
1.380000e-06	2.377336e-06	2.045403e-09	1.843476e+01	1.334597e+02
1.390000e-06	2.441952e-06	2.285935e-09	1.893582e+01	1.491439e+02
1.400000e-06	2.506113e-06	2.533206e-09	1.943335e+01	1.650282e+02
1.410000e-06	2.569816e-06	2.780224e-09	1.992732e+01	1.810692e+02
1.420000e-06	2.633092e-06	3.026800e-09	2.041799e+01	1.972064e+02
1.430000e-06	2.695795e-06	3.273499e-09	2.090421e+01	2.133651e+02
1.440000e-06	2.757876e-06	3.520051e-09	2.138562e+01	2.294628e+02
1.450000e-06	2.819390e-06	3.762569e-09	2.186261e+01	2.454151e+02
1.460000e-06	2.880360e-06	3.996763e-09	2.233540e+01	2.611420e+02
1.470000e-06	2.940840e-06	4.225919e-09	2.280439e+01	2.765722e+02
1.480000e-06	3.000762e-06	4.455529e-09	2.326905e+01	2.916456e+02
1.490000e-06	3.059943e-06	4.685712e-09	2.372795e+01	3.063133e+02
1.500000e-06	3.118185e-06	4.908095e-09	2.417958e+01	3.205360e+02
1.510000e-06	3.175504e-06	5.116662e-09	2.462406e+01	3.342825e+02
1.520000e-06	3.232065e-06	5.315095e-09	2.506265e+01	3.475270e+02
1.530000e-06	3.287979e-06	5.508022e-09	2.549623e+01	3.602484e+02
1.540000e-06	3.343285e-06	5.693364e-09	2.592509e+01	3.724307e+02
1.550000e-06	3.397874e-06	5.866786e-09	2.634840e+01	3.840642e+02
1.560000e-06	3.451657e-06	6.029274e-09	2.676545e+01	3.951465e+02
1.570000e-06	3.504682e-06	6.185774e-09	2.717663e+01	4.056846e+02
1.580000e-06	3.556867e-06	6.337994e-09	2.758129e+01	4.156943e+02
1.590000e-06	3.608029e-06	6.486225e-09	2.797802e+01	4.251991e+02
1.600000e-06	3.658058e-06	6.627978e-09	2.836597e+01	4.342272e+02
1.610000e-06	3.707067e-06	6.761860e-09	2.874600e+01	4.428083e+02
1.620000e-06	3.755285e-06	6.888088e-09	2.911990e+01	4.509697e+02
1.630000e-06	3.802769e-06	7.007187e-09	2.948811e+01	4.587341e+02
1.640000e-06	3.849464e-06	7.118736e-09	2.985020e+01	4.661185e+02
1.650000e-06	3.895340e-06	7.219059e-09	3.020594e+01	4.731356e+02
1.660000e-06	3.940434e-06	7.313321e-09	3.055562e+01	4.797963e+02
1.670000e-06	3.984848e-06	7.406718e-09	3.090002e+01	4.861135e+02
1.680000e-06	4.028632e-06	7.498605e-09	3.123954e+01	4.921047e+02
1.690000e-06	4.071366e-06	7.586307e-09	3.157091e+01	4.977947e+02
1.700000e-06	4.112776e-06	7.668990e-09	3.189202e+01	5.032141e+02
1.710000e-06	4.153213e-06	7.748170e-09	3.220559e+01	5.083977e+02
1.720000e-06	4.192889e-06	7.825877e-09	3.251325e+01	5.133791e+02
1.730000e-06	4.231697e-06	7.902124e-09	3.281418e+01	5.181864e+02
1.740000e-06	4.269590e-06	7.973433e-09	3.310802e+01	5.228372e+02
1.750000e-06	4.306670e-06	8.039791e-09	3.339555e+01	5.273365e+02
1.760000e-06	4.343069e-06	8.103014e-09	3.367780e+01	5.316769e+02
1.770000e-06	4.378565e-06	8.163187e-09	3.395305e+01	5.358420e+02
1.780000e-06	4.412760e-06	8.219444e-09	3.421821e+01	5.398120e+02
1.790000e-06	4.445777e-06	8.270710e-09	3.447423e+01	5.435700e+02
1.800000e-06	4.477860e-06	8.321477e-09	3.472302e+01	5.471076e+02
1.810000e-06	4.509066e-06	8.376170e-09	3.496500e+01	5.504290e+02
1.820000e-06	4.539395e-06	8.428703e-09	3.520018e+01	5.535509e+02
1.830000e-06	4.568791e-06	8.477299e-09	3.542813e+01	5.564996e+02
1.840000e-06	4.597368e-06	8.521821e-09	3.564973e+01	5.593052e+02
1.850000e-06	4.625033e-06	8.562231e-09	3.586426e+01	5.619953e+02
1.860000e-06	4.651350e-06	8.599504e-09	3.606833e+01	5.645883e+02
1.870000e-06	4.676337e-06	8.633046e-09	3.626208e+01	5.670904e+02
1.880000e-06	4.700293e-06	8.664455e-09	3.644785e+01	5.694943e+02
1.890000e-06	4.723268e-06	8.695836e-09	3.662601e+01	5.717833e+02
1.900000e-06	4.745224e-06	8.729821e-09	3.679627e+01	5.739371e+02
1.910000e-06	4.766218e-06	8.765146e-09	3.695906e+01	5.759390e+02
1.920000e-06	4.786406e-06	8.799383e-09	3.711560e+01	5.777819e+02
1.930000e-06	4.805621e-06	8.830313e-09	3.726460e+01	5.794725e+02
1.940000e-06	4.823684e-06	8.856442e-09	3.740467e+01	5.810305e+02
1.950000e-06	4.840734e-06	8.878638e-09	3.753688e+01	5.824847e+02
1.960000e-06	4.856756e-06	8.898117e-09	3.766112e+01	5.838657e+02
1.970000e-06	4.871585e-06	8.917849e-09	3.777611e+01	5.851978e+02
1.980000e-06	4.885238e-06	8.938005e-09	3.788198e+01	5.864919e+02
1.990000e-06	4.897826e-06	8.960235e-09	3.797959e+01	5.877420e+02
2.000000e-06	4.909191e-06	8.983292e-09	3.806773e+01	5.889266e+02
2.010000e-06	4.919098e-06	9.002571e-09	3.814454e+01	5.900138e+02
2.020000e-06	4.927767e-06	9.017652e-09	3.821177e+01	5.909709e+02
2.030000e-06	4.935481e-06	9.028655e-09	3.827159e+01	5.917745e+02
2.040000e-06	4.942186e-06	9.038864e-09	3.832358e+01	5.924186e+02
2.050000e-06	4.947825e-06	9.049895e-09	3.836730e+01	5.929192e+02
2.060000e-06	4.952506e-06	9.061405e-09	3.840360e+01	5.933125e+02
2.070000e-06	4.956214e-06	9.072811e-09	3.843235e+01	5.936474e+02
2.080000e-06	4.958582e-06	9.083964e-09	3.845072e+01	5.939734e+02
2.090000e-06	4.959659e-06	9.092135e-09	3.845907e+01	5.943277e+02
2.100000e-06	4.959779e-06	9.096361e-09	3.846000e+01	5.947233e+02
2.110000e-06	4.958963e-06	9.100589e-09	3.845367e+01	5.951433e+02
2.120000e-06	4.957098e-06	9.103336e-09	3.843921e+01	5.955421e+02
2.130000e-06	4.954260e-06	9.111087e-09	3.841721e+01	5.958549e+02
2.140000e-06	4.950709e-06	9.117874e-09	3.838967e+01	5.960132e+02
2.150000e-06	4.946161e-06	9.115423e-09	3.835441e+01	5.959638e+02
2.160000e-06	4.940189e-06	9.115771e-09	3.830809e+01	5.956859e+02
2.170000e-06	4.933064e-06	9.134723e-09	3.825285e+01	5.952032e+02
2.180000e-06	4.925149e-06	9.103120e-09	3.819147e+01	5.945856e+02
2.190000e-06	4.916229e-06	9.010201e-09	3.812230e+01	5.939415e+02
2.200000e-06	4.905595e-06	8.982409e-09	3.803984e+01	5.933992e+02
2.210000e-06	4.892875e-06	9.146726e-09	3.794121e+01	5.930827e+02
2.220000e-06	4.878956e-06	9.124893e-09	3.783327e+01	5.930851e+02
2.230000e-06	4.864890e-06	8.909341e-09	3.772419e+01	5.934473e+02
2.240000e-06	4.850138e-06	9.038058e-09	3.760981e+01	5.941444e+02
2.250000e-06	4.833790e-06	9.256160e-09	3.748303e+01	5.950858e+02
2.260000e-06	4.816416e-06	9.076825e-09	3.734831e+01	5.961271e+02
2.270000e-06	4.798457e-06	8.951376e-09	3.720905e+01	5.970940e+02
2.280000e-06	4.779319e-06	9.271119e-09	3.706065e+01	5.978117e+02
2.290000e-06	4.759137e-06	9.213549e-09	3.690415e+01	5.981356e+02
2.300000e-06	4.738056e-06	8.919932e-09	3.674068e+01	5.979752e+02
2.310000e-06	4.715548e-06	9.187957e-09	3.656614e+01	5.973091e+02
2.320000e-06	4.691903e-06	9.170698e-09	3.638279e+01	5.961855e+02
2.330000e-06	4.667477e-06	8.882687e-09	3.619338e+01	5.947105e+02
2.340000e-06	4.641780e-06	9.050221e-09	3.599412e+01	5.930255e+02
2.350000e-06	4.614968e-06	8.990124e-09	3.578621e+01	5.912794e+02
2.360000e-06	4.587484e-06	8.918353e-09	3.557309e+01	5.896017e+02
2.370000e-06	4.558837e-06	9.041100e-09	3.535095e+01	5.880808e+02
2.380000e-06	4.528930e-06	8.892067e-09	3.511904e+01	5.867523e+02
2.390000e-06	4.498037e-06	8.918148e-09	3.487948e+01	5.855989e+02
2.400000e-06	4.466077e-06	8.968412e-09	3.463165e+01	5.845605e+02
2.410000e-06	4.433301e-06	8.771376e-09	3.437749e+01	5.835520e+02
2.420000e-06	4.399682e-06	8.838468e-09	3.411680e+01	5.824842e+02
2.430000e-06	4.365006e-06	8.872416e-09	3.384791e+01	5.812823e+02
2.440000e-06	4.329618e-06	8.755587e-09	3.357349e+01	5.798996e+02
2.450000e-06	4.293292e-06	8.853691e-09	3.329181e+01	5.783223e+02
2.460000e-06	4.255614e-06	8.802243e-09	3.299964e+01	5.765669e+02
2.470000e-06	4.216852e-06	8.716005e-09	3.269906e+01	5.746697e+02
2.480000e-06	4.177185e-06	8.728912e-09	3.239147e+01	5.726746e+02
2.490000e-06	4.136721e-06	8.639435e-09	3.207770e+01	5.706193e+02
2.500000e-06	4.095465e-06	8.641183e-09	3.175778e+01	5.685258e+02
2.510000e-06	4.053250e-06	8.616415e-09	3.143044e+01	5.663963e+02
2.520000e-06	4.010181e-06	8.566133e-09	3.109646e+01	5.642146e+02
2.530000e-06	3.966413e-06	8.567297e-09	3.075707e+01	5.619532e+02
2.540000e-06	3.921876e-06	8.515213e-09	3.041171e+01	5.595824e+02
2.550000e-06	3.876380e-06	8.495872e-09	3.005892e+01	5.570799e+02
2.560000e-06	3.829986e-06	8.426415e-09	2.969916e+01	5.544374e+02
2.570000e-06	3.782871e-06	8.356327e-09	2.933381e+01	5.516635e+02
2.580000e-06	3.734727e-06	8.357443e-09	2.896048e+01	5.487813e+02
2.590000e-06	3.685534e-06	8.298888e-09	2.857903e+01	5.458227e+02
2.600000e-06	3.635544e-06	8.262616e-09	2.819138e+01	5.428198e+02
2.610000e-06	3.584765e-06	8.212862e-09	2.779762e+01	5.397974e+02
2.620000e-06	3.533239e-06	8.156407e-09	2.739807e+01	5.367675e+02
2.630000e-06	3.480693e-06	8.148663e-09	2.699061e+01	5.337270e+02
2.640000e-06	3.426982e-06	8.073512e-09	2.657411e+01	5.306600e+02
2.650000e-06	3.372333e-06	8.027220e-09	2.615034e+01	5.275426e+02
2.660000e-06	3.316919e-06	7.970327e-09	2.572064e+01	5.243503e+02
2.670000e-06	3.260835e-06	7.912832e-09	2.528575e+01	5.210638e+02
2.680000e-06	3.204138e-06	7.892458e-09	2.484610e+01	5.176740e+02
2.690000e-06	3.146820e-06	7.821982e-09	2.440163e+01	5.141836e+02
2.700000e-06	3.088860e-06	7.768101e-09	2.395219e+01	5.106046e+02
2.710000e-06	3.030311e-06	7.702690e-09	2.349818e+01	5.069543e+02
2.720000e-06	2.971157e-06	7.658569e-09	2.303948e+01	5.032495e+02
2.730000e-06	2.911447e-06	7.619511e-09	2.257646e+01	4.995013e+02
2.740000e-06	2.851130e-06	7.542617e-09	2.210874e+01	4.957118e+02
2.750000e-06	2.789951e-06	7.488895e-09	2.163433e+01	4.918735e+02
2.760000e-06	2.727956e-06	7.429259e-09	2.115361e+01	4.879712e+02
2.770000e-06	2.665286e-06	7.374986e-09	2.066764e+01	4.839869e+02
2.780000e-06	2.602057e-06	7.310296e-09	2.017734e+01	4.799041e+02
2.790000e-06	2.538320e-06	7.232559e-09	1.968309e+01	4.757126e+02
2.800000e-06	2.474071e-06	7.169531e-09	1.918488e+01	4.714109e+02
2.810000e-06	2.409388e-06	7.105543e-09	1.868330e+01	4.670059e+02
2.820000e-06	2.344182e-06	7.053909e-09	1.817767e+01	4.625108e+02
2.830000e-06	2.278419e-06	6.986379e-09	1.766772e+01	4.579405e+02
2.840000e-06	2.212101e-06	6.906039e-09	1.715347e+01	4.533072e+02
2.850000e-06	2.145316e-06	6.836848e-09	1.663559e+01	4.486167e+02
2.860000e-06	2.078144e-06	6.765236e-09	1.611471e+01	4.438665e+02
2.870000e-06	2.010557e-06	6.692911e-09	1.559062e+01	4.390462e+02
2.880000e-06	1.942621e-06	6.606249e-09	1.506382e+01	4.341405e+02
2.890000e-06	1.874259e-06	6.527291e-09	1.453371e+01	4.291333e+02
2.900000e-06	1.805365e-06	6.461535e-09	1.399948e+01	4.240117e+02
2.910000e-06	1.735851e-06	6.392264e-09	1.346044e+01	4.187699e+02
2.920000e-06	1.665706e-06	6.314316e-09	1.291652e+01	4.134099e+02
2.930000e-06	1.595079e-06	6.223545e-09	1.236885e+01	4.079408e+02
2.940000e-06	1.524137e-06	6.140836e-09	1.181874e+01	4.023761e+02
2.950000e-06	1.452951e-06	6.055946e-09	1.126673e+01	3.967289e+02
2.960000e-06	1.381459e-06	5.967338e-09	1.071235e+01	3.910082e+02
2.970000e-06	1.309724e-06	5.875141e-09	1.015610e+01	3.852162e+02
2.980000e-06	1.237878e-06	5.781792e-09	9.598974e+00	3.793466e+02
2.990000e-06	1.165862e-06	5.694961e-09	9.040536e+00	3.733866e+02
3.000000e-06	1.093578e-06	5.608570e-09	8.480014e+00	3.673194e+02
3.010000e-06	1.021064e-06	5.518577e-09	7.917719e+00	3.611283e+02
3.020000e-06	9.483247e-07	5.420561e-09	7.353668e+00	3.548006e+02
3.030000e-06	8.753527e-07	5.322900e-09	6.787816e+00	3.483300e+02
3.040000e-06	8.022391e-07	5.225811e-09	6.220865e+00	3.417172e+02
3.050000e-06	7.289678e-07	5.123554e-09	5.652692e+00	3.349685e+02
3.060000e-06	6.555189e-07	5.013478e-09	5.083141e+00	3.280924e+02
3.070000e-06	5.819615e-07	4.902910e-09	4.512749e+00	3.210959e+02
3.080000e-06	5.082733e-07	4.797224e-09	3.941343e+00	3.139812e+02
3.090000e-06	4.344021e-07	4.690829e-09	3.368518e+00	3.067435e+02
3.100000e-06	3.604519e-07	4.580454e-09	2.795081e+00	2.993708e+02
3.110000e-06	2.865522e-07	4.465142e-09	2.222034e+00	2.918462e+02
3.120000e-06	2.126802e-07	4.347598e-09	1.649202e+00	2.841506e+02
3.130000e-06	1.387469e-07	4.229187e-09	1.075896e+00	2.762673e+02
3.140000e-06	6.472647e-08	4.104506e-09	5.019136e-01	2.681847e+02
3.150000e-06	-9.315864e-09	3.974227e-09	-7.223874e-02	2.598981e+02
3.160000e-06	-8.335270e-08	3.843760e-09	-6.463484e-01	2.514096e+02
3.170000e-06	-1.573711e-07	3.714823e-09	-1.220315e+00	2.427257e+02
3.180000e-06	-2.313367e-07	3.584108e-09	-1.793873e+00	2.338540e+02
3.190000e-06	-3.052749e-07	3.448036e-09	-2.367217e+00	2.247996e+02
3.200000e-06	-3.791550e-07	3.309349e-09	-2.940112e+00	2.155621e+02
3.210000e-06	-4.529146e-07	3.169152e-09	-3.512071e+00	2.061350e+02
3.220000e-06	-5.265758e-07	3.024383e-09	-4.083268e+00	1.965063e+02
3.230000e-06	-6.001558e-07	2.873693e-09	-4.653835e+00	1.866618e+02
3.240000e-06	-6.736374e-07	2.718709e-09	-5.223640e+00	1.765888e+02
3.250000e-06	-7.469411e-07	2.560959e-09	-5.792064e+00	1.662803e+02
3.260000e-06	-8.200114e-07	2.400776e-09	-6.358679e+00	1.557373e+02
3.270000e-06	-8.929211e-07	2.238212e-09	-6.924048e+00	1.449695e+02
3.280000e-06	-9.656366e-07	2.072615e-09	-7.487911e+00	1.339935e+02
3.290000e-06	-1.038122e-06	1.902398e-09	-8.049990e+00	1.228289e+02
3.300000e-06	-1.110353e-06	1.729696e-09	-8.610099e+00	1.114933e+02
3.310000e-06	-1.182341e-06	1.556253e-09	-9.168316e+00	9.999716e+01
3.320000e-06	-1.254170e-06	1.379815e-09	-9.725310e+00	8.834081e+01
3.330000e-06	-1.325810e-06	1.199170e-09	-1.028084e+01	7.651309e+01
3.340000e-06	-1.397263e-06	1.014519e-09	-1.083490e+01	6.449315e+01
3.350000e-06	-1.468462e-06	8.271487e-10	-1.138701e+01	5.225441e+01
3.360000e-06	-1.539311e-06	6.380643e-10	-1.193640e+01	3.976996e+01
3.370000e-06	-1.609747e-06	4.422074e-10	-1.248259e+01	2.701801e+01
3.380000e-06	-1.679646e-06	2.416242e-10	-1.302461e+01	1.398597e+01
3.390000e-06	-1.749000e-06	3.915597e-11	-1.356241e+01	6.722264e-01
3.400000e-06	-1.817823e-06	-1.669248e-10	-1.409609e+01	-1.291484e+01
3.410000e-06	-1.886175e-06	-3.753707e-10	-1.462612e+01	-2.676021e+01
3.420000e-06	-1.954151e-06	-5.881698e-10	-1.515322e+01	-4.084696e+01
3.430000e-06	-2.021733e-06	-8.051711e-10	-1.567728e+01	-5.516114e+01
3.440000e-06	-2.088911e-06	-1.026149e-09	-1.619820e+01	-6.969519e+01
3.450000e-06	-2.155691e-06	-1.251802e-09	-1.671604e+01	-8.444902e+01
3.460000e-06	-2.222025e-06	-1.481836e-09	-1.723042e+01	-9.942818e+01
3.470000e-06	-2.287914e-06	-1.716676e-09	-1.774135e+01	-1.146396e+02
3.480000e-06	-2.353359e-06	-1.954648e-09	-1.824883e+01	-1.300854e+02
3.490000e-06	-2.418269e-06	-2.193808e-09	-1.875217e+01	-1.457570e+02
3.500000e-06	-2.482606e-06	-2.434051e-09	-1.925106e+01	-1.616304e+02
3.510000e-06	-2.546458e-06	-2.675734e-09	-1.974620e+01	-1.776631e+02
3.520000e-06	-2.609870e-06	-2.920472e-09	-2.023792e+01	-1.937953e+02
3.530000e-06	-2.672769e-06	-3.166271e-09	-2.072566e+01	-2.099531e+02
3.540000e-06	-2.735059e-06	-3.410658e-09	-2.120868e+01	-2.260542e+02
3.550000e-06	-2.796538e-06	-3.653205e-09	-2.168542e+01	-2.420139e+02
3.560000e-06	-2.857170e-06	-3.894371e-09	-2.215558e+01	-2.577521e+02
3.570000e-06	-2.917145e-06	-4.134060e-09	-2.262065e+01	-2.731969e+02
3.580000e-06	-2.976524e-06	-4.370647e-09	-2.308109e+01	-2.882876e+02
3.590000e-06	-3.035280e-06	-4.598607e-09	-2.353671e+01	-3.029747e+02
3.600000e-06	-3.093463e-06	-4.817199e-09	-2.398789e+01	-3.172188e+02
3.610000e-06	-3.151017e-06	-5.028473e-09	-2.443418e+01	-3.309880e+02
3.620000e-06	-3.207820e-06	-5.232666e-09	-2.487465e+01	-3.442563e+02
3.630000e-06	-3.263890e-06	-5.426854e-09	-2.530944e+01	-3.570025e+02
3.640000e-06	-3.319327e-06	-5.613212e-09	-2.573931e+01	-3.692103e+02
3.650000e-06	-3.374055e-06	-5.794628e-09	-2.616370e+01	-3.808695e+02
3.660000e-06	-3.427780e-06	-5.968228e-09	-2.658030e+01	-3.919775e+02
3.670000e-06	-3.480414e-06	-6.132602e-09	-2.698844e+01	-4.025408e+02
3.680000e-06	-3.532114e-06	-6.285781e-09	-2.738935e+01	-4.125746e+02
3.690000e-06	-3.583021e-06	-6.431053e-09	-2.778410e+01	-4.221022e+02
3.700000e-06	-3.633145e-06	-6.569357e-09	-2.817278e+01	-4.311517e+02
3.710000e-06	-3.682496e-06	-6.702710e-09	-2.855546e+01	-4.397527e+02
3.720000e-06	-3.730833e-06	-6.829242e-09	-2.893029e+01	-4.479327e+02
3.730000e-06	-3.777919e-06	-6.949055e-09	-2.929541e+01	-4.557147e+02
3.740000e-06	-3.824031e-06	-7.063388e-09	-2.965298e+01	-4.631161e+02
3.750000e-06	-3.869512e-06	-7.171453e-09	-3.000566e+01	-4.701495e+02
3.760000e-06	-3.914256e-06	-7.271503e-09	-3.035262e+01	-4.768260e+02
3.770000e-06	-3.958173e-06	-7.367545e-09	-3.069317e+01	-4.831581e+02
3.780000e-06	-4.001454e-06	-7.461652e-09	-3.102879e+01	-4.891634e+02
3.790000e-06	-4.044057e-06	-7.553108e-09	-3.135915e+01	-4.948659e+02
3.800000e-06	-4.085844e-06	-7.641463e-09	-3.168318e+01	-5.002963e+02
3.810000e-06	-4.126733e-06	-7.724748e-09	-3.200025e+01	-5.054891e+02
3.820000e-06	-4.166774e-06	-7.800973e-09	-3.231075e+01	-5.104781e+02
3.830000e-06	-4.206099e-06	-7.868951e-09	-3.261568e+01	-5.152918e+02
3.840000e-06	-4.244533e-06	-7.935012e-09	-3.291371e+01	-5.199484e+02
3.850000e-06	-4.281746e-06	-8.003060e-09	-3.320228e+01	-5.244536e+02
3.860000e-06	-4.317830e-06	-8.074638e-09	-3.348209e+01	-5.288005e+02
3.870000e-06	-4.353095e-06	-8.143881e-09	-3.375555e+01	-5.329731e+02
3.880000e-06	-4.387415e-06	-8.207101e-09	-3.402167e+01	-5.369515e+02
3.890000e-06	-4.420651e-06	-8.263515e-09	-3.427940e+01	-5.407186e+02
3.900000e-06	-4.452979e-06	-8.316835e-09	-3.453009e+01	-5.442655e+02
3.910000e-06	-4.484568e-06	-8.367770e-09	-3.477504e+01	-5.475957e+02
3.920000e-06	-4.515287e-06	-8.416423e-09	-3.501325e+01	-5.507252e+02
3.930000e-06	-4.544631e-06	-8.464110e-09	-3.524079e+01	-5.536800e+02
3.940000e-06	-4.572700e-06	-8.510168e-09	-3.545845e+01	-5.564903e+02
3.950000e-06	-4.599897e-06	-8.556580e-09	-3.566934e+01	-5.591838e+02
3.960000e-06	-4.626171e-06	-8.598415e-09	-3.587308e+01	-5.617797e+02
3.970000e-06	-4.651382e-06	-8.632507e-09	-3.606857e+01	-5.642846e+02
3.980000e-06	-4.675556e-06	-8.661190e-09	-3.625603e+01	-5.666919e+02
3.990000e-06	-4.698910e-06	-8.691169e-09	-3.643713e+01	-5.689854e+02
4.000000e-06	-4.721336e-06	-8.723057e-09	-3.661102e+01	-5.711447e+02
4.010000e-06	-4.742468e-06	-8.755235e-09	-3.677489e+01	-5.731526e+02
4.020000e-06	-4.762362e-06	-8.783935e-09	-3.692915e+01	-5.750017e+02
4.030000e-06	-4.781328e-06	-8.808416e-09	-3.707622e+01	-5.766978e+02
4.040000e-06	-4.799327e-06	-8.831477e-09	-3.721580e+01	-5.782600e+02
4.050000e-06	-4.816311e-06	-8.853392e-09	-3.734750e+01	-5.797169e+02
4.060000e-06	-4.832380e-06	-8.873173e-09	-3.747210e+01	-5.810991e+02
4.070000e-06	-4.847539e-06	-8.888612e-09	-3.758965e+01	-5.824315e+02
4.080000e-06	-4.861459e-06	-8.905163e-09	-3.769759e+01	-5.837256e+02
4.090000e-06	-4.873973e-06	-8.924310e-09	-3.779463e+01	-5.849766e+02
4.100000e-06	-4.885226e-06	-8.942915e-09	-3.788189e+01	-5.861634e+02
4.110000e-06	-4.895271e-06	-8.955282e-09	-3.795979e+01	-5.872545e+02
4.120000e-06	-4.904287e-06	-8.963309e-09	-3.802970e+01	-5.882170e+02
4.130000e-06	-4.912323e-06	-8.972799e-09	-3.809201e+01	-5.890268e+02
4.140000e-06	-4.919405e-06	-8.983123e-09	-3.814693e+01	-5.896769e+02
4.150000e-06	-4.925335e-06	-8.990750e-09	-3.819291e+01	-5.901822e+02
4.160000e-06	-4.929882e-06	-8.994986e-09	-3.822817e+01	-5.905781e+02
4.170000e-06	-4.933398e-06	-8.997748e-09	-3.825544e+01	-5.909128e+02
4.180000e-06	-4.936007e-06	-9.002215e-09	-3.827567e+01	-5.912365e+02
4.190000e-06	-4.937602e-06	-9.008880e-09	-3.828804e+01	-5.915870e+02
4.200000e-06	-4.938129e-06	-9.012072e-09	-3.829212e+01	-5.919789e+02
