# Temperatura_=_41.47
# Concentracion g/m^3_=_18600.0
# C_Vs_to_Am_M_A/Vsm_=_65563218390.804596
# pendiente_HvsI_1/m_=_3716.3
# ordenada_HvsI_A/m_=_1297.0
# frecuencia_Hz_=_238078.18685246515

Tiempo_(s)	Campo_(V.s)	Magnetizacion_(V.s)	Campo_(kA/m)	Magnetizacion_(A/m)
0.000000e+00	-4.940450e-06	-9.112495e-09	-3.829098e+01	-5.976769e+02
1.000000e-08	-4.940017e-06	-9.120760e-09	-3.828762e+01	-5.982696e+02
2.000000e-08	-4.938706e-06	-9.123306e-09	-3.827747e+01	-5.988486e+02
3.000000e-08	-4.936118e-06	-9.122040e-09	-3.825741e+01	-5.992933e+02
4.000000e-08	-4.932233e-06	-9.122252e-09	-3.822729e+01	-5.994852e+02
5.000000e-08	-4.927443e-06	-9.123514e-09	-3.819017e+01	-5.993412e+02
6.000000e-08	-4.921786e-06	-9.122454e-09	-3.814633e+01	-5.988427e+02
7.000000e-08	-4.915101e-06	-9.114548e-09	-3.809451e+01	-5.980508e+02
8.000000e-08	-4.907328e-06	-9.114769e-09	-3.803427e+01	-5.971059e+02
9.000000e-08	-4.898369e-06	-9.143872e-09	-3.796484e+01	-5.962064e+02
1.000000e-07	-4.887884e-06	-9.181878e-09	-3.788357e+01	-5.955733e+02
1.100000e-07	-4.875791e-06	-9.174866e-09	-3.778984e+01	-5.954049e+02
1.200000e-07	-4.862572e-06	-9.108288e-09	-3.768739e+01	-5.958325e+02
1.300000e-07	-4.848537e-06	-9.072626e-09	-3.757861e+01	-5.968869e+02
1.400000e-07	-4.833402e-06	-9.084441e-09	-3.746130e+01	-5.984828e+02
1.500000e-07	-4.816707e-06	-9.046535e-09	-3.733191e+01	-6.004265e+02
1.600000e-07	-4.798857e-06	-9.092684e-09	-3.719357e+01	-6.024458e+02
1.700000e-07	-4.780283e-06	-9.241907e-09	-3.704961e+01	-6.042362e+02
1.800000e-07	-4.760603e-06	-9.311948e-09	-3.689708e+01	-6.055148e+02
1.900000e-07	-4.740076e-06	-9.269335e-09	-3.673798e+01	-6.060713e+02
2.000000e-07	-4.718916e-06	-9.235124e-09	-3.657398e+01	-6.058046e+02
2.100000e-07	-4.696580e-06	-9.254797e-09	-3.640087e+01	-6.047383e+02
2.200000e-07	-4.673098e-06	-9.186344e-09	-3.621887e+01	-6.030128e+02
2.300000e-07	-4.648838e-06	-9.143465e-09	-3.603084e+01	-6.008544e+02
2.400000e-07	-4.623643e-06	-9.218158e-09	-3.583557e+01	-5.985300e+02
2.500000e-07	-4.597180e-06	-9.199515e-09	-3.563047e+01	-5.962957e+02
2.600000e-07	-4.569475e-06	-9.115082e-09	-3.541574e+01	-5.943509e+02
2.700000e-07	-4.540682e-06	-9.126339e-09	-3.519258e+01	-5.928064e+02
2.800000e-07	-4.510992e-06	-9.119100e-09	-3.496246e+01	-5.916722e+02
2.900000e-07	-4.480494e-06	-9.055025e-09	-3.472609e+01	-5.908665e+02
3.000000e-07	-4.449024e-06	-9.043120e-09	-3.448218e+01	-5.902422e+02
3.100000e-07	-4.416619e-06	-9.060237e-09	-3.423103e+01	-5.896239e+02
3.200000e-07	-4.383311e-06	-9.021406e-09	-3.397287e+01	-5.888468e+02
3.300000e-07	-4.348933e-06	-9.001924e-09	-3.370642e+01	-5.877894e+02
3.400000e-07	-4.313443e-06	-9.022265e-09	-3.343136e+01	-5.863927e+02
3.500000e-07	-4.276963e-06	-8.951447e-09	-3.314862e+01	-5.846632e+02
3.600000e-07	-4.239582e-06	-8.892661e-09	-3.285890e+01	-5.826619e+02
3.700000e-07	-4.201287e-06	-8.911942e-09	-3.256210e+01	-5.804817e+02
3.800000e-07	-4.162051e-06	-8.880049e-09	-3.225800e+01	-5.782202e+02
3.900000e-07	-4.121982e-06	-8.829402e-09	-3.194744e+01	-5.759559e+02
4.000000e-07	-4.081195e-06	-8.816071e-09	-3.163132e+01	-5.737315e+02
4.100000e-07	-4.039481e-06	-8.762564e-09	-3.130801e+01	-5.715484e+02
4.200000e-07	-3.996524e-06	-8.709039e-09	-3.097508e+01	-5.693732e+02
4.300000e-07	-3.952455e-06	-8.689372e-09	-3.063352e+01	-5.671514e+02
4.400000e-07	-3.907515e-06	-8.642096e-09	-3.028521e+01	-5.648261e+02
4.500000e-07	-3.861730e-06	-8.588079e-09	-2.993036e+01	-5.623549e+02
4.600000e-07	-3.815121e-06	-8.557263e-09	-2.956911e+01	-5.597212e+02
4.700000e-07	-3.767627e-06	-8.531885e-09	-2.920101e+01	-5.569376e+02
4.800000e-07	-3.719347e-06	-8.489341e-09	-2.882681e+01	-5.540407e+02
4.900000e-07	-3.670299e-06	-8.433254e-09	-2.844667e+01	-5.510794e+02
5.000000e-07	-3.620135e-06	-8.376105e-09	-2.805787e+01	-5.481008e+02
5.100000e-07	-3.568734e-06	-8.341689e-09	-2.765949e+01	-5.451374e+02
5.200000e-07	-3.516337e-06	-8.306693e-09	-2.725339e+01	-5.421989e+02
5.300000e-07	-3.463117e-06	-8.246522e-09	-2.684091e+01	-5.392703e+02
5.400000e-07	-3.409109e-06	-8.196072e-09	-2.642231e+01	-5.363180e+02
5.500000e-07	-3.354315e-06	-8.154710e-09	-2.599764e+01	-5.332992e+02
5.600000e-07	-3.298760e-06	-8.104689e-09	-2.556705e+01	-5.301741e+02
5.700000e-07	-3.242652e-06	-8.057373e-09	-2.513219e+01	-5.269164e+02
5.800000e-07	-3.186083e-06	-8.007439e-09	-2.469376e+01	-5.235190e+02
5.900000e-07	-3.128812e-06	-7.945134e-09	-2.424987e+01	-5.199946e+02
6.000000e-07	-3.070609e-06	-7.897203e-09	-2.379877e+01	-5.163704e+02
6.100000e-07	-3.011515e-06	-7.855018e-09	-2.334076e+01	-5.126789e+02
6.200000e-07	-2.951684e-06	-7.794016e-09	-2.287704e+01	-5.089478e+02
6.300000e-07	-2.891308e-06	-7.724430e-09	-2.240910e+01	-5.051922e+02
6.400000e-07	-2.830382e-06	-7.664792e-09	-2.193689e+01	-5.014097e+02
6.500000e-07	-2.768729e-06	-7.613635e-09	-2.145905e+01	-4.975819e+02
6.600000e-07	-2.706537e-06	-7.554457e-09	-2.097703e+01	-4.936799e+02
6.700000e-07	-2.643882e-06	-7.488600e-09	-2.049142e+01	-4.896729e+02
6.800000e-07	-2.580625e-06	-7.424863e-09	-2.000115e+01	-4.855370e+02
6.900000e-07	-2.516802e-06	-7.366576e-09	-1.950648e+01	-4.812624e+02
7.000000e-07	-2.452485e-06	-7.303314e-09	-1.900800e+01	-4.768556e+02
7.100000e-07	-2.387744e-06	-7.232025e-09	-1.850622e+01	-4.723377e+02
7.200000e-07	-2.322473e-06	-7.156831e-09	-1.800034e+01	-4.677384e+02
7.300000e-07	-2.256505e-06	-7.081020e-09	-1.748905e+01	-4.630870e+02
7.400000e-07	-2.189889e-06	-7.011943e-09	-1.697274e+01	-4.584048e+02
7.500000e-07	-2.122749e-06	-6.947399e-09	-1.645237e+01	-4.536982e+02
7.600000e-07	-2.055046e-06	-6.877890e-09	-1.592765e+01	-4.489576e+02
7.700000e-07	-1.986860e-06	-6.803235e-09	-1.539917e+01	-4.441592e+02
7.800000e-07	-1.918403e-06	-6.729664e-09	-1.486859e+01	-4.392722e+02
7.900000e-07	-1.849678e-06	-6.652482e-09	-1.433594e+01	-4.342660e+02
8.000000e-07	-1.780524e-06	-6.566484e-09	-1.379996e+01	-4.291186e+02
8.100000e-07	-1.710975e-06	-6.475197e-09	-1.326092e+01	-4.238220e+02
8.200000e-07	-1.641136e-06	-6.386517e-09	-1.271963e+01	-4.183830e+02
8.300000e-07	-1.570914e-06	-6.306240e-09	-1.217537e+01	-4.128207e+02
8.400000e-07	-1.500304e-06	-6.230444e-09	-1.162812e+01	-4.071601e+02
8.500000e-07	-1.429430e-06	-6.148761e-09	-1.107880e+01	-4.014244e+02
8.600000e-07	-1.358249e-06	-6.058313e-09	-1.052711e+01	-3.956281e+02
8.700000e-07	-1.286723e-06	-5.965296e-09	-9.972752e+00	-3.897722e+02
8.800000e-07	-1.214928e-06	-5.871204e-09	-9.416302e+00	-3.838439e+02
8.900000e-07	-1.142883e-06	-5.775723e-09	-8.857921e+00	-3.778198e+02
9.000000e-07	-1.070637e-06	-5.677370e-09	-8.297975e+00	-3.716717e+02
9.100000e-07	-9.982391e-07	-5.575833e-09	-7.736857e+00	-3.653744e+02
9.200000e-07	-9.257026e-07	-5.476704e-09	-7.174662e+00	-3.589120e+02
9.300000e-07	-8.530261e-07	-5.379102e-09	-6.611383e+00	-3.522811e+02
9.400000e-07	-7.801372e-07	-5.275379e-09	-6.046457e+00	-3.454907e+02
9.500000e-07	-7.070452e-07	-5.164136e-09	-5.479957e+00	-3.385589e+02
9.600000e-07	-6.338162e-07	-5.053446e-09	-4.912396e+00	-3.315061e+02
9.700000e-07	-5.604150e-07	-4.947225e-09	-4.343499e+00	-3.243481e+02
9.800000e-07	-4.868132e-07	-4.840524e-09	-3.773048e+00	-3.170907e+02
9.900000e-07	-4.130170e-07	-4.726765e-09	-3.201090e+00	-3.097263e+02
1.000000e-06	-3.390225e-07	-4.606629e-09	-2.627595e+00	-3.022355e+02
1.010000e-06	-2.649087e-07	-4.483415e-09	-2.053176e+00	-2.945910e+02
1.020000e-06	-1.908393e-07	-4.358883e-09	-1.479101e+00	-2.867640e+02
1.030000e-06	-1.167936e-07	-4.235472e-09	-9.052096e-01	-2.787310e+02
1.040000e-06	-4.263841e-08	-4.108369e-09	-3.304692e-01	-2.704789e+02
1.050000e-06	3.155173e-08	-3.978539e-09	2.445418e-01	-2.620073e+02
1.060000e-06	1.056884e-07	-3.848746e-09	8.191385e-01	-2.533263e+02
1.070000e-06	1.797983e-07	-3.717058e-09	1.393528e+00	-2.444521e+02
1.080000e-06	2.538706e-07	-3.578460e-09	1.967625e+00	-2.354006e+02
1.090000e-06	3.278324e-07	-3.430797e-09	2.540866e+00	-2.261809e+02
1.100000e-06	4.016391e-07	-3.281452e-09	3.112906e+00	-2.167909e+02
1.110000e-06	4.754308e-07	-3.133660e-09	3.684829e+00	-2.072170e+02
1.120000e-06	5.490637e-07	-2.983779e-09	4.255521e+00	-1.974364e+02
1.130000e-06	6.224803e-07	-2.829480e-09	4.824536e+00	-1.874230e+02
1.140000e-06	6.958489e-07	-2.671986e-09	5.393180e+00	-1.771552e+02
1.150000e-06	7.690863e-07	-2.511336e-09	5.960807e+00	-1.666216e+02
1.160000e-06	8.421319e-07	-2.347521e-09	6.526947e+00	-1.558258e+02
1.170000e-06	9.149255e-07	-2.179332e-09	7.091134e+00	-1.447855e+02
1.180000e-06	9.875294e-07	-2.006962e-09	7.653852e+00	-1.335293e+02
1.190000e-06	1.059990e-06	-1.833023e-09	8.215456e+00	-1.220890e+02
1.200000e-06	1.132199e-06	-1.656815e-09	8.775110e+00	-1.104909e+02
1.210000e-06	1.204121e-06	-1.477835e-09	9.332544e+00	-9.874876e+01
1.220000e-06	1.275785e-06	-1.293807e-09	9.887979e+00	-8.685848e+01
1.230000e-06	1.347229e-06	-1.106757e-09	1.044170e+01	-7.479825e+01
1.240000e-06	1.418429e-06	-9.209700e-10	1.099354e+01	-6.253250e+01
1.250000e-06	1.489315e-06	-7.335094e-10	1.154294e+01	-5.001961e+01
1.260000e-06	1.559867e-06	-5.404499e-10	1.208976e+01	-3.722104e+01
1.270000e-06	1.630058e-06	-3.392494e-10	1.263378e+01	-2.410971e+01
1.280000e-06	1.699817e-06	-1.343411e-10	1.317444e+01	-1.067535e+01
1.290000e-06	1.769212e-06	7.353224e-11	1.371229e+01	3.074450e+00
1.300000e-06	1.838281e-06	2.869240e-10	1.424760e+01	1.711782e+01
1.310000e-06	1.907006e-06	5.076918e-10	1.478026e+01	3.142560e+01
1.320000e-06	1.975449e-06	7.314435e-10	1.531072e+01	4.596997e+01
1.330000e-06	2.043500e-06	9.522569e-10	1.583815e+01	6.073201e+01
1.340000e-06	2.111055e-06	1.174316e-09	1.636174e+01	7.570634e+01
1.350000e-06	2.178058e-06	1.405168e-09	1.688105e+01	9.090106e+01
1.360000e-06	2.244390e-06	1.644583e-09	1.739515e+01	1.063331e+02
1.370000e-06	2.310116e-06	1.886318e-09	1.790456e+01	1.220198e+02
1.380000e-06	2.375329e-06	2.128353e-09	1.841000e+01	1.379690e+02
1.390000e-06	2.440080e-06	2.373435e-09	1.891185e+01	1.541699e+02
1.400000e-06	2.504336e-06	2.626114e-09	1.940987e+01	1.705870e+02
1.410000e-06	2.568062e-06	2.880488e-09	1.990378e+01	1.871590e+02
1.420000e-06	2.631294e-06	3.132041e-09	2.039386e+01	2.038024e+02
1.430000e-06	2.693988e-06	3.380554e-09	2.087977e+01	2.204198e+02
1.440000e-06	2.756185e-06	3.629917e-09	2.136182e+01	2.369096e+02
1.450000e-06	2.817825e-06	3.880814e-09	2.183957e+01	2.531764e+02
1.460000e-06	2.878923e-06	4.123761e-09	2.231310e+01	2.691388e+02
1.470000e-06	2.939546e-06	4.356199e-09	2.278296e+01	2.847334e+02
1.480000e-06	2.999507e-06	4.584605e-09	2.324769e+01	2.999147e+02
1.490000e-06	3.058662e-06	4.813379e-09	2.370618e+01	3.146510e+02
1.500000e-06	3.116930e-06	5.035780e-09	2.415778e+01	3.289193e+02
1.510000e-06	3.174316e-06	5.243234e-09	2.460255e+01	3.426994e+02
1.520000e-06	3.230970e-06	5.437269e-09	2.504165e+01	3.559701e+02
1.530000e-06	3.287000e-06	5.628330e-09	2.547591e+01	3.687086e+02
1.540000e-06	3.342355e-06	5.816325e-09	2.590494e+01	3.808922e+02
1.550000e-06	3.397012e-06	5.993110e-09	2.632856e+01	3.925032e+02
1.560000e-06	3.450934e-06	6.155572e-09	2.674648e+01	4.035336e+02
1.570000e-06	3.504044e-06	6.307568e-09	2.715811e+01	4.139886e+02
1.580000e-06	3.556341e-06	6.458189e-09	2.756344e+01	4.238884e+02
1.590000e-06	3.607644e-06	6.607171e-09	2.796106e+01	4.332655e+02
1.600000e-06	3.657781e-06	6.747119e-09	2.834965e+01	4.421601e+02
1.610000e-06	3.706880e-06	6.875331e-09	2.873019e+01	4.506134e+02
1.620000e-06	3.755211e-06	6.997305e-09	2.910478e+01	4.586610e+02
1.630000e-06	3.802857e-06	7.118371e-09	2.947406e+01	4.663285e+02
1.640000e-06	3.849700e-06	7.233376e-09	2.983711e+01	4.736300e+02
1.650000e-06	3.895674e-06	7.333853e-09	3.019344e+01	4.805710e+02
1.660000e-06	3.940863e-06	7.423585e-09	3.054368e+01	4.871534e+02
1.670000e-06	3.985378e-06	7.512711e-09	3.088869e+01	4.933820e+02
1.680000e-06	4.029126e-06	7.603447e-09	3.122776e+01	4.992709e+02
1.690000e-06	4.071771e-06	7.690504e-09	3.155828e+01	5.048461e+02
1.700000e-06	4.113270e-06	7.770721e-09	3.187992e+01	5.101453e+02
1.710000e-06	4.153885e-06	7.846852e-09	3.219471e+01	5.152129e+02
1.720000e-06	4.193683e-06	7.923704e-09	3.250316e+01	5.200928e+02
1.730000e-06	4.232634e-06	8.000233e-09	3.280505e+01	5.248194e+02
1.740000e-06	4.270709e-06	8.070499e-09	3.310015e+01	5.294111e+02
1.750000e-06	4.307912e-06	8.131959e-09	3.338849e+01	5.338668e+02
1.760000e-06	4.344291e-06	8.189540e-09	3.367045e+01	5.381678e+02
1.770000e-06	4.379765e-06	8.248783e-09	3.394539e+01	5.422835e+02
1.780000e-06	4.414012e-06	8.308538e-09	3.421082e+01	5.461818e+02
1.790000e-06	4.447058e-06	8.364254e-09	3.446694e+01	5.498389e+02
1.800000e-06	4.479202e-06	8.415551e-09	3.471607e+01	5.532483e+02
1.810000e-06	4.510443e-06	8.466558e-09	3.495821e+01	5.564244e+02
1.820000e-06	4.540760e-06	8.517352e-09	3.519318e+01	5.594010e+02
1.830000e-06	4.570183e-06	8.564757e-09	3.542123e+01	5.622242e+02
1.840000e-06	4.598722e-06	8.606818e-09	3.564242e+01	5.649415e+02
1.850000e-06	4.626244e-06	8.644448e-09	3.585573e+01	5.675901e+02
1.860000e-06	4.652498e-06	8.678337e-09	3.605921e+01	5.701874e+02
1.870000e-06	4.677540e-06	8.712852e-09	3.625330e+01	5.727269e+02
1.880000e-06	4.701581e-06	8.748980e-09	3.643962e+01	5.751805e+02
1.890000e-06	4.724602e-06	8.783185e-09	3.661805e+01	5.775067e+02
1.900000e-06	4.746579e-06	8.815288e-09	3.678839e+01	5.796633e+02
1.910000e-06	4.767653e-06	8.847287e-09	3.695172e+01	5.816205e+02
1.920000e-06	4.787968e-06	8.879657e-09	3.710917e+01	5.833714e+02
1.930000e-06	4.807298e-06	8.906776e-09	3.725899e+01	5.849361e+02
1.940000e-06	4.825446e-06	8.928315e-09	3.739964e+01	5.863587e+02
1.950000e-06	4.842506e-06	8.948341e-09	3.753186e+01	5.876971e+02
1.960000e-06	4.858452e-06	8.968458e-09	3.765545e+01	5.890080e+02
1.970000e-06	4.873260e-06	8.989656e-09	3.777022e+01	5.903317e+02
1.980000e-06	4.886934e-06	9.010744e-09	3.787621e+01	5.916799e+02
1.990000e-06	4.899517e-06	9.030803e-09	3.797373e+01	5.930316e+02
2.000000e-06	4.910913e-06	9.050418e-09	3.806206e+01	5.943368e+02
2.010000e-06	4.920861e-06	9.069087e-09	3.813915e+01	5.955300e+02
2.020000e-06	4.929582e-06	9.085965e-09	3.820675e+01	5.965473e+02
2.030000e-06	4.937352e-06	9.097392e-09	3.826697e+01	5.973460e+02
2.040000e-06	4.944089e-06	9.104268e-09	3.831918e+01	5.979188e+02
2.050000e-06	4.949822e-06	9.112565e-09	3.836362e+01	5.982993e+02
2.060000e-06	4.954608e-06	9.123502e-09	3.840071e+01	5.985567e+02
2.070000e-06	4.958353e-06	9.133897e-09	3.842974e+01	5.987802e+02
2.080000e-06	4.960865e-06	9.142483e-09	3.844920e+01	5.990557e+02
2.090000e-06	4.962080e-06	9.151884e-09	3.845863e+01	5.994424e+02
2.100000e-06	4.962257e-06	9.160764e-09	3.846000e+01	5.999531e+02
2.110000e-06	4.961464e-06	9.167576e-09	3.845385e+01	6.005462e+02
2.120000e-06	4.959644e-06	9.168701e-09	3.843974e+01	6.011310e+02
2.130000e-06	4.956940e-06	9.166932e-09	3.841879e+01	6.015878e+02
2.140000e-06	4.953429e-06	9.166348e-09	3.839157e+01	6.017971e+02
2.150000e-06	4.948828e-06	9.164428e-09	3.835592e+01	6.016735e+02
2.160000e-06	4.942856e-06	9.163837e-09	3.830963e+01	6.011943e+02
2.170000e-06	4.935770e-06	9.167498e-09	3.825471e+01	6.004169e+02
2.180000e-06	4.927913e-06	9.155446e-09	3.819381e+01	5.994776e+02
2.190000e-06	4.918946e-06	9.115689e-09	3.812431e+01	5.985731e+02
2.200000e-06	4.908348e-06	9.080792e-09	3.804217e+01	5.979240e+02
2.210000e-06	4.895796e-06	9.103819e-09	3.794489e+01	5.977309e+02
2.220000e-06	4.881765e-06	9.105347e-09	3.783615e+01	5.981295e+02
2.230000e-06	4.867408e-06	9.065566e-09	3.772487e+01	5.991561e+02
2.240000e-06	4.852498e-06	9.103078e-09	3.760931e+01	6.007311e+02
2.250000e-06	4.836199e-06	9.227502e-09	3.748298e+01	6.026658e+02
2.260000e-06	4.818899e-06	9.305357e-09	3.734890e+01	6.046910e+02
2.270000e-06	4.801010e-06	9.293045e-09	3.721025e+01	6.065024e+02
2.280000e-06	4.782037e-06	9.362638e-09	3.706320e+01	6.078148e+02
2.290000e-06	4.761804e-06	9.399351e-09	3.690638e+01	6.084132e+02
2.300000e-06	4.740580e-06	9.265881e-09	3.674189e+01	6.081905e+02
2.310000e-06	4.718084e-06	9.225047e-09	3.656753e+01	6.071642e+02
2.320000e-06	4.694384e-06	9.227814e-09	3.638384e+01	6.054693e+02
2.330000e-06	4.669886e-06	9.108567e-09	3.619397e+01	6.033288e+02
2.340000e-06	4.644290e-06	9.058491e-09	3.599559e+01	6.010087e+02
2.350000e-06	4.617586e-06	9.105392e-09	3.578862e+01	5.987670e+02
2.360000e-06	4.590060e-06	9.106953e-09	3.557528e+01	5.968067e+02
2.370000e-06	4.561486e-06	9.052832e-09	3.535382e+01	5.952435e+02
2.380000e-06	4.531681e-06	9.043758e-09	3.512282e+01	5.940925e+02
2.390000e-06	4.500797e-06	9.064073e-09	3.488345e+01	5.932759e+02
2.400000e-06	4.468900e-06	8.992252e-09	3.463623e+01	5.926491e+02
2.410000e-06	4.436101e-06	8.948559e-09	3.438202e+01	5.920370e+02
2.420000e-06	4.402439e-06	8.999481e-09	3.412112e+01	5.912736e+02
2.430000e-06	4.367818e-06	8.964890e-09	3.385280e+01	5.902347e+02
2.440000e-06	4.332447e-06	8.925074e-09	3.357865e+01	5.888577e+02
2.450000e-06	4.296260e-06	8.969107e-09	3.329819e+01	5.871462e+02
2.460000e-06	4.258775e-06	8.920173e-09	3.300766e+01	5.851589e+02
2.470000e-06	4.219993e-06	8.853389e-09	3.270708e+01	5.829877e+02
2.480000e-06	4.180298e-06	8.854021e-09	3.239942e+01	5.807306e+02
2.490000e-06	4.139810e-06	8.788428e-09	3.208562e+01	5.784675e+02
2.500000e-06	4.098483e-06	8.751190e-09	3.176532e+01	5.762431e+02
2.510000e-06	4.056294e-06	8.751031e-09	3.143833e+01	5.740610e+02
2.520000e-06	4.013321e-06	8.699950e-09	3.110526e+01	5.718890e+02
2.530000e-06	3.969639e-06	8.673816e-09	3.076670e+01	5.696734e+02
2.540000e-06	3.925103e-06	8.653188e-09	3.042153e+01	5.673569e+02
2.550000e-06	3.879568e-06	8.613000e-09	3.006861e+01	5.648960e+02
2.560000e-06	3.833208e-06	8.568806e-09	2.970930e+01	5.622728e+02
2.570000e-06	3.786151e-06	8.503430e-09	2.934458e+01	5.594984e+02
2.580000e-06	3.738060e-06	8.465735e-09	2.897185e+01	5.566085e+02
2.590000e-06	3.688972e-06	8.443675e-09	2.859139e+01	5.536516e+02
2.600000e-06	3.639106e-06	8.387765e-09	2.820491e+01	5.506754e+02
2.610000e-06	3.588445e-06	8.339598e-09	2.781226e+01	5.477133e+02
2.620000e-06	3.536955e-06	8.307278e-09	2.741319e+01	5.447761e+02
2.630000e-06	3.484430e-06	8.270813e-09	2.700609e+01	5.418501e+02
2.640000e-06	3.430744e-06	8.215265e-09	2.659000e+01	5.389024e+02
2.650000e-06	3.376108e-06	8.163145e-09	2.616654e+01	5.358904e+02
2.660000e-06	3.320794e-06	8.107860e-09	2.573783e+01	5.327738e+02
2.670000e-06	3.264892e-06	8.044937e-09	2.530456e+01	5.295255e+02
2.680000e-06	3.208276e-06	8.012213e-09	2.486576e+01	5.261374e+02
2.690000e-06	3.150964e-06	7.966170e-09	2.442156e+01	5.226212e+02
2.700000e-06	3.093022e-06	7.901857e-09	2.397248e+01	5.190037e+02
2.710000e-06	3.034442e-06	7.845420e-09	2.351846e+01	5.153172e+02
2.720000e-06	2.975336e-06	7.792390e-09	2.306036e+01	5.115901e+02
2.730000e-06	2.915717e-06	7.742623e-09	2.259828e+01	5.078380e+02
2.740000e-06	2.855405e-06	7.677561e-09	2.213083e+01	5.040596e+02
2.750000e-06	2.794131e-06	7.614254e-09	2.165592e+01	5.002371e+02
2.760000e-06	2.731944e-06	7.558562e-09	2.117394e+01	4.963420e+02
2.770000e-06	2.669123e-06	7.498490e-09	2.068705e+01	4.923433e+02
2.780000e-06	2.605844e-06	7.436793e-09	2.019660e+01	4.882167e+02
2.790000e-06	2.542121e-06	7.366920e-09	1.970272e+01	4.839515e+02
2.800000e-06	2.477833e-06	7.295718e-09	1.920445e+01	4.795533e+02
2.810000e-06	2.413011e-06	7.228163e-09	1.870205e+01	4.750427e+02
2.820000e-06	2.347661e-06	7.166576e-09	1.819555e+01	4.704491e+02
2.830000e-06	2.281768e-06	7.103987e-09	1.768485e+01	4.658023e+02
2.840000e-06	2.215389e-06	7.028057e-09	1.717038e+01	4.611237e+02
2.850000e-06	2.148559e-06	6.955800e-09	1.665242e+01	4.564209e+02
2.860000e-06	2.081431e-06	6.888203e-09	1.613214e+01	4.516848e+02
2.870000e-06	2.014003e-06	6.816976e-09	1.560954e+01	4.468925e+02
2.880000e-06	1.946177e-06	6.739255e-09	1.508385e+01	4.420131e+02
2.890000e-06	1.877791e-06	6.657912e-09	1.455383e+01	4.370159e+02
2.900000e-06	1.808689e-06	6.584282e-09	1.401825e+01	4.318784e+02
2.910000e-06	1.739015e-06	6.509986e-09	1.347825e+01	4.265916e+02
2.920000e-06	1.668836e-06	6.431752e-09	1.293432e+01	4.211618e+02
2.930000e-06	1.598170e-06	6.348229e-09	1.238662e+01	4.156075e+02
2.940000e-06	1.527179e-06	6.266793e-09	1.183641e+01	4.099536e+02
2.950000e-06	1.455941e-06	6.188022e-09	1.128428e+01	4.042236e+02
2.960000e-06	1.384515e-06	6.102851e-09	1.073069e+01	3.984326e+02
2.970000e-06	1.312843e-06	6.009456e-09	1.017519e+01	3.925824e+02
2.980000e-06	1.240943e-06	5.911344e-09	9.617931e+00	3.866607e+02
2.990000e-06	1.168839e-06	5.816361e-09	9.059091e+00	3.806444e+02
3.000000e-06	1.096538e-06	5.725605e-09	8.498725e+00	3.745055e+02
3.010000e-06	1.024055e-06	5.634982e-09	7.936944e+00	3.682187e+02
3.020000e-06	9.513410e-07	5.542715e-09	7.373373e+00	3.617672e+02
3.030000e-06	8.784218e-07	5.448011e-09	6.808212e+00	3.551469e+02
3.040000e-06	8.052945e-07	5.350370e-09	6.241439e+00	3.483666e+02
3.050000e-06	7.319872e-07	5.246107e-09	5.673270e+00	3.414438e+02
3.060000e-06	6.585478e-07	5.132782e-09	5.104078e+00	3.343991e+02
3.070000e-06	5.849763e-07	5.018439e-09	4.533861e+00	3.272485e+02
3.080000e-06	5.112260e-07	4.908650e-09	3.962260e+00	3.199985e+02
3.090000e-06	4.373811e-07	4.800722e-09	3.389924e+00	3.126423e+02
3.100000e-06	3.634792e-07	4.690623e-09	2.817148e+00	3.051609e+02
3.110000e-06	2.894831e-07	4.576582e-09	2.243640e+00	2.975272e+02
3.120000e-06	2.155000e-07	4.458222e-09	1.670234e+00	2.897124e+02
3.130000e-06	1.415203e-07	4.337859e-09	1.096854e+00	2.816925e+02
3.140000e-06	6.745022e-08	4.210534e-09	5.227732e-01	2.734540e+02
3.150000e-06	-6.719549e-09	4.076660e-09	-5.207990e-02	2.649956e+02
3.160000e-06	-8.082106e-08	3.943272e-09	-6.264040e-01	2.563271e+02
3.170000e-06	-1.548070e-07	3.812668e-09	-1.199832e+00	2.474646e+02
3.180000e-06	-2.287474e-07	3.681494e-09	-1.772908e+00	2.384241e+02
3.190000e-06	-3.026182e-07	3.543572e-09	-2.345444e+00	2.292151e+02
3.200000e-06	-3.764227e-07	3.400978e-09	-2.917466e+00	2.198364e+02
3.210000e-06	-4.501888e-07	3.256210e-09	-3.489190e+00	2.102746e+02
3.220000e-06	-5.239302e-07	3.107543e-09	-4.060723e+00	2.005073e+02
3.230000e-06	-5.975280e-07	2.951450e-09	-4.631144e+00	1.905086e+02
3.240000e-06	-6.709147e-07	2.790082e-09	-5.199928e+00	1.802563e+02
3.250000e-06	-7.441433e-07	2.627038e-09	-5.767486e+00	1.697385e+02
3.260000e-06	-8.172642e-07	2.464101e-09	-6.334210e+00	1.589579e+02
3.270000e-06	-8.901721e-07	2.300873e-09	-6.899283e+00	1.479317e+02
3.280000e-06	-9.628436e-07	2.133930e-09	-7.462524e+00	1.366880e+02
3.290000e-06	-1.035274e-06	1.960362e-09	-8.023892e+00	1.252586e+02
3.300000e-06	-1.107419e-06	1.782175e-09	-8.583056e+00	1.136704e+02
3.310000e-06	-1.179395e-06	1.600686e-09	-9.140905e+00	1.019378e+02
3.320000e-06	-1.251155e-06	1.414186e-09	-9.697082e+00	9.005769e+01
3.330000e-06	-1.322692e-06	1.224811e-09	-1.025153e+01	7.800914e+01
3.340000e-06	-1.394051e-06	1.033381e-09	-1.080460e+01	6.575708e+01
3.350000e-06	-1.465174e-06	8.446796e-10	-1.135584e+01	5.325996e+01
3.360000e-06	-1.536011e-06	6.576757e-10	-1.190486e+01	4.047887e+01
3.370000e-06	-1.606520e-06	4.622714e-10	-1.245134e+01	2.738600e+01
3.380000e-06	-1.676589e-06	2.561842e-10	-1.299441e+01	1.397019e+01
3.390000e-06	-1.746062e-06	4.258071e-11	-1.353286e+01	2.381644e-01
3.400000e-06	-1.814997e-06	-1.735898e-10	-1.406714e+01	-1.378876e+01
3.410000e-06	-1.883440e-06	-3.914921e-10	-1.459761e+01	-2.808160e+01
3.420000e-06	-1.951404e-06	-6.137821e-10	-1.512437e+01	-4.261225e+01
3.430000e-06	-2.018958e-06	-8.379315e-10	-1.564794e+01	-5.736123e+01
3.440000e-06	-2.086128e-06	-1.062339e-09	-1.616855e+01	-7.232242e+01
3.450000e-06	-2.152914e-06	-1.288746e-09	-1.668617e+01	-8.750333e+01
3.460000e-06	-2.219286e-06	-1.521749e-09	-1.720059e+01	-1.029206e+02
3.470000e-06	-2.285238e-06	-1.765582e-09	-1.771175e+01	-1.185919e+02
3.480000e-06	-2.350716e-06	-2.016207e-09	-1.821923e+01	-1.345256e+02
3.490000e-06	-2.415635e-06	-2.265616e-09	-1.872239e+01	-1.507121e+02
3.500000e-06	-2.480066e-06	-2.514110e-09	-1.922177e+01	-1.671172e+02
3.510000e-06	-2.544089e-06	-2.763813e-09	-1.971797e+01	-1.836808e+02
3.520000e-06	-2.607571e-06	-3.015821e-09	-2.020999e+01	-2.003205e+02
3.530000e-06	-2.670471e-06	-3.266071e-09	-2.069750e+01	-2.169392e+02
3.540000e-06	-2.732808e-06	-3.514528e-09	-2.118064e+01	-2.334353e+02
3.550000e-06	-2.794426e-06	-3.762031e-09	-2.165821e+01	-2.497128e+02
3.560000e-06	-2.855215e-06	-4.008353e-09	-2.212935e+01	-2.656897e+02
3.570000e-06	-2.915237e-06	-4.252641e-09	-2.259456e+01	-2.813015e+02
3.580000e-06	-2.974627e-06	-4.489853e-09	-2.305486e+01	-2.965018e+02
3.590000e-06	-3.033447e-06	-4.715905e-09	-2.351075e+01	-3.112586e+02
3.600000e-06	-3.091654e-06	-4.933832e-09	-2.396188e+01	-3.255483e+02
3.610000e-06	-3.149177e-06	-5.145821e-09	-2.440771e+01	-3.393509e+02
3.620000e-06	-3.205948e-06	-5.349908e-09	-2.484771e+01	-3.526452e+02
3.630000e-06	-3.262010e-06	-5.542345e-09	-2.528223e+01	-3.654084e+02
3.640000e-06	-3.317500e-06	-5.727905e-09	-2.571230e+01	-3.776178e+02
3.650000e-06	-3.372297e-06	-5.910137e-09	-2.613700e+01	-3.892553e+02
3.660000e-06	-3.426157e-06	-6.082106e-09	-2.655444e+01	-4.003123e+02
3.670000e-06	-3.479031e-06	-6.242430e-09	-2.696424e+01	-4.107933e+02
3.680000e-06	-3.530904e-06	-6.392597e-09	-2.736629e+01	-4.207177e+02
3.690000e-06	-3.581920e-06	-6.538195e-09	-2.776168e+01	-4.301176e+02
3.700000e-06	-3.632205e-06	-6.680185e-09	-2.815142e+01	-4.390329e+02
3.710000e-06	-3.681687e-06	-6.814792e-09	-2.853493e+01	-4.475050e+02
3.720000e-06	-3.730167e-06	-6.937672e-09	-2.891068e+01	-4.555697e+02
3.730000e-06	-3.777513e-06	-7.051698e-09	-2.927764e+01	-4.632533e+02
3.740000e-06	-3.823870e-06	-7.161253e-09	-2.963692e+01	-4.705705e+02
3.750000e-06	-3.869473e-06	-7.266948e-09	-2.999037e+01	-4.775271e+02
3.760000e-06	-3.914275e-06	-7.366550e-09	-3.033760e+01	-4.841249e+02
3.770000e-06	-3.958291e-06	-7.462676e-09	-3.067875e+01	-4.903685e+02
3.780000e-06	-4.001699e-06	-7.556284e-09	-3.101519e+01	-4.962714e+02
3.790000e-06	-4.044355e-06	-7.648164e-09	-3.134579e+01	-5.018591e+02
3.800000e-06	-4.086169e-06	-7.735823e-09	-3.166988e+01	-5.071686e+02
3.810000e-06	-4.127154e-06	-7.816577e-09	-3.198753e+01	-5.122443e+02
3.820000e-06	-4.167291e-06	-7.891692e-09	-3.229861e+01	-5.171302e+02
3.830000e-06	-4.206688e-06	-7.962101e-09	-3.260396e+01	-5.218615e+02
3.840000e-06	-4.245170e-06	-8.032661e-09	-3.290221e+01	-5.264573e+02
3.850000e-06	-4.282433e-06	-8.103684e-09	-3.319102e+01	-5.309178e+02
3.860000e-06	-4.318527e-06	-8.172400e-09	-3.347076e+01	-5.352247e+02
3.870000e-06	-4.353732e-06	-8.236003e-09	-3.374362e+01	-5.393480e+02
3.880000e-06	-4.388131e-06	-8.295481e-09	-3.401023e+01	-5.432554e+02
3.890000e-06	-4.421580e-06	-8.349300e-09	-3.426948e+01	-5.469225e+02
3.900000e-06	-4.454055e-06	-8.399578e-09	-3.452118e+01	-5.503417e+02
3.910000e-06	-4.485587e-06	-8.447636e-09	-3.476556e+01	-5.535263e+02
3.920000e-06	-4.516223e-06	-8.497257e-09	-3.500301e+01	-5.565094e+02
3.930000e-06	-4.545725e-06	-8.549038e-09	-3.523166e+01	-5.593367e+02
3.940000e-06	-4.573924e-06	-8.597345e-09	-3.545022e+01	-5.620559e+02
3.950000e-06	-4.601127e-06	-8.638661e-09	-3.566106e+01	-5.647049e+02
3.960000e-06	-4.627416e-06	-8.674127e-09	-3.586481e+01	-5.673022e+02
3.970000e-06	-4.652643e-06	-8.710329e-09	-3.606033e+01	-5.698427e+02
3.980000e-06	-4.676874e-06	-8.745049e-09	-3.624813e+01	-5.722991e+02
3.990000e-06	-4.700237e-06	-8.778215e-09	-3.642921e+01	-5.746303e+02
4.000000e-06	-4.722664e-06	-8.809313e-09	-3.660303e+01	-5.767938e+02
4.010000e-06	-4.743875e-06	-8.841912e-09	-3.676742e+01	-5.787589e+02
4.020000e-06	-4.763856e-06	-8.873021e-09	-3.692229e+01	-5.805175e+02
4.030000e-06	-4.782842e-06	-8.896869e-09	-3.706944e+01	-5.820882e+02
4.040000e-06	-4.800926e-06	-8.916402e-09	-3.720960e+01	-5.835141e+02
4.050000e-06	-4.817989e-06	-8.934496e-09	-3.734185e+01	-5.848529e+02
4.060000e-06	-4.834028e-06	-8.956437e-09	-3.746616e+01	-5.861616e+02
4.070000e-06	-4.849192e-06	-8.977836e-09	-3.758368e+01	-5.874817e+02
4.080000e-06	-4.863208e-06	-8.993883e-09	-3.769231e+01	-5.888264e+02
4.090000e-06	-4.875800e-06	-9.009152e-09	-3.778991e+01	-5.901765e+02
4.100000e-06	-4.887106e-06	-9.028271e-09	-3.787754e+01	-5.914831e+02
4.110000e-06	-4.897274e-06	-9.048081e-09	-3.795635e+01	-5.926811e+02
4.120000e-06	-4.906318e-06	-9.062774e-09	-3.802644e+01	-5.937060e+02
4.130000e-06	-4.914389e-06	-9.070825e-09	-3.808899e+01	-5.945137e+02
4.140000e-06	-4.921571e-06	-9.076858e-09	-3.814466e+01	-5.950949e+02
4.150000e-06	-4.927575e-06	-9.082078e-09	-3.819119e+01	-5.954812e+02
4.160000e-06	-4.932247e-06	-9.086162e-09	-3.822740e+01	-5.957403e+02
4.170000e-06	-4.935815e-06	-9.089734e-09	-3.825506e+01	-5.959608e+02
4.180000e-06	-4.938417e-06	-9.093338e-09	-3.827522e+01	-5.962296e+02
4.190000e-06	-4.940007e-06	-9.099470e-09	-3.828755e+01	-5.966076e+02
4.200000e-06	-4.940509e-06	-9.105645e-09	-3.829144e+01	-5.971102e+02
