# Temperatura_=_53.52
# Concentracion g/m^3_=_18600.0
# C_Vs_to_Am_M_A/Vsm_=_65563218390.804596
# pendiente_HvsI_1/m_=_3716.3
# ordenada_HvsI_A/m_=_1297.0
# frecuencia_Hz_=_238063.9064400421

Tiempo_(s)	Campo_(V.s)	Magnetizacion_(V.s)	Campo_(kA/m)	Magnetizacion_(A/m)
0.000000e+00	-4.932107e-06	-7.647873e-09	-3.828935e+01	-5.028970e+02
1.000000e-08	-4.931431e-06	-7.646768e-09	-3.828411e+01	-5.031736e+02
2.000000e-08	-4.929766e-06	-7.648287e-09	-3.827118e+01	-5.034142e+02
3.000000e-08	-4.926734e-06	-7.647360e-09	-3.824764e+01	-5.035379e+02
4.000000e-08	-4.922561e-06	-7.645213e-09	-3.821524e+01	-5.034713e+02
5.000000e-08	-4.917537e-06	-7.640090e-09	-3.817624e+01	-5.031700e+02
6.000000e-08	-4.911549e-06	-7.628602e-09	-3.812975e+01	-5.026357e+02
7.000000e-08	-4.904517e-06	-7.611833e-09	-3.807516e+01	-5.019237e+02
8.000000e-08	-4.896474e-06	-7.622699e-09	-3.801272e+01	-5.011387e+02
9.000000e-08	-4.887208e-06	-7.703101e-09	-3.794079e+01	-5.004185e+02
1.000000e-07	-4.876185e-06	-7.728572e-09	-3.785521e+01	-4.999090e+02
1.100000e-07	-4.863641e-06	-7.645324e-09	-3.775783e+01	-4.997339e+02
1.200000e-07	-4.850231e-06	-7.508509e-09	-3.765372e+01	-4.999676e+02
1.300000e-07	-4.835946e-06	-7.625637e-09	-3.754282e+01	-5.006156e+02
1.400000e-07	-4.820261e-06	-7.708635e-09	-3.742106e+01	-5.016077e+02
1.500000e-07	-4.803153e-06	-7.442745e-09	-3.728824e+01	-5.028064e+02
1.600000e-07	-4.785214e-06	-7.588779e-09	-3.714898e+01	-5.040282e+02
1.700000e-07	-4.766336e-06	-7.881393e-09	-3.700243e+01	-5.050748e+02
1.800000e-07	-4.746400e-06	-7.733371e-09	-3.684765e+01	-5.057677e+02
1.900000e-07	-4.725791e-06	-7.665629e-09	-3.668766e+01	-5.059787e+02
2.000000e-07	-4.704379e-06	-7.836511e-09	-3.652143e+01	-5.056511e+02
2.100000e-07	-4.681776e-06	-7.710058e-09	-3.634596e+01	-5.048069e+02
2.200000e-07	-4.658141e-06	-7.555225e-09	-3.616247e+01	-5.035393e+02
2.300000e-07	-4.633563e-06	-7.742653e-09	-3.597167e+01	-5.019916e+02
2.400000e-07	-4.607869e-06	-7.724381e-09	-3.577220e+01	-5.003286e+02
2.500000e-07	-4.581052e-06	-7.601953e-09	-3.556401e+01	-4.987051e+02
2.600000e-07	-4.553120e-06	-7.662215e-09	-3.534716e+01	-4.972389e+02
2.700000e-07	-4.524185e-06	-7.607914e-09	-3.512254e+01	-4.959929e+02
2.800000e-07	-4.494356e-06	-7.580218e-09	-3.489096e+01	-4.949702e+02
2.900000e-07	-4.463618e-06	-7.601084e-09	-3.465234e+01	-4.941202e+02
3.000000e-07	-4.431932e-06	-7.510183e-09	-3.440635e+01	-4.933558e+02
3.100000e-07	-4.399373e-06	-7.565143e-09	-3.415359e+01	-4.925758e+02
3.200000e-07	-4.365858e-06	-7.560459e-09	-3.389340e+01	-4.916868e+02
3.300000e-07	-4.331184e-06	-7.485720e-09	-3.362421e+01	-4.906214e+02
3.400000e-07	-4.295404e-06	-7.543445e-09	-3.334645e+01	-4.893479e+02
3.500000e-07	-4.258654e-06	-7.470785e-09	-3.306114e+01	-4.878712e+02
3.600000e-07	-4.220989e-06	-7.378251e-09	-3.276874e+01	-4.862245e+02
3.700000e-07	-4.182480e-06	-7.440764e-09	-3.246978e+01	-4.844567e+02
3.800000e-07	-4.143085e-06	-7.439585e-09	-3.216395e+01	-4.826174e+02
3.900000e-07	-4.102828e-06	-7.349344e-09	-3.185142e+01	-4.807437e+02
4.000000e-07	-4.061816e-06	-7.336391e-09	-3.153303e+01	-4.788527e+02
4.100000e-07	-4.019786e-06	-7.312435e-09	-3.120674e+01	-4.769399e+02
4.200000e-07	-3.976495e-06	-7.265393e-09	-3.087066e+01	-4.749839e+02
4.300000e-07	-3.932144e-06	-7.241191e-09	-3.052635e+01	-4.729547e+02
4.400000e-07	-3.886950e-06	-7.201405e-09	-3.017550e+01	-4.708247e+02
4.500000e-07	-3.840933e-06	-7.134878e-09	-2.981826e+01	-4.685764e+02
4.600000e-07	-3.794080e-06	-7.123328e-09	-2.945452e+01	-4.662084e+02
4.700000e-07	-3.746434e-06	-7.122225e-09	-2.908463e+01	-4.637353e+02
4.800000e-07	-3.698048e-06	-7.050329e-09	-2.870900e+01	-4.611835e+02
4.900000e-07	-3.648699e-06	-6.998523e-09	-2.832589e+01	-4.585841e+02
5.000000e-07	-3.598158e-06	-6.957980e-09	-2.793353e+01	-4.559644e+02
5.100000e-07	-3.546490e-06	-6.937214e-09	-2.753241e+01	-4.533412e+02
5.200000e-07	-3.493942e-06	-6.907357e-09	-2.712446e+01	-4.507169e+02
5.300000e-07	-3.440585e-06	-6.847259e-09	-2.671024e+01	-4.480798e+02
5.400000e-07	-3.386426e-06	-6.792106e-09	-2.628979e+01	-4.454080e+02
5.500000e-07	-3.331570e-06	-6.760766e-09	-2.586393e+01	-4.426753e+02
5.600000e-07	-3.276075e-06	-6.731124e-09	-2.543310e+01	-4.398585e+02
5.700000e-07	-3.219974e-06	-6.676627e-09	-2.499757e+01	-4.369430e+02
5.800000e-07	-3.163247e-06	-6.615843e-09	-2.455718e+01	-4.339254e+02
5.900000e-07	-3.105768e-06	-6.570443e-09	-2.411096e+01	-4.308134e+02
6.000000e-07	-3.047285e-06	-6.546892e-09	-2.365694e+01	-4.276226e+02
6.100000e-07	-2.987857e-06	-6.506426e-09	-2.319559e+01	-4.243708e+02
6.200000e-07	-2.927815e-06	-6.444437e-09	-2.272946e+01	-4.210729e+02
6.300000e-07	-2.867251e-06	-6.376972e-09	-2.225928e+01	-4.177362e+02
6.400000e-07	-2.806129e-06	-6.330866e-09	-2.178478e+01	-4.143587e+02
6.500000e-07	-2.744482e-06	-6.290307e-09	-2.130620e+01	-4.109296e+02
6.600000e-07	-2.682298e-06	-6.231397e-09	-2.082344e+01	-4.074330e+02
6.700000e-07	-2.619514e-06	-6.163927e-09	-2.033603e+01	-4.038518e+02
6.800000e-07	-2.556125e-06	-6.107681e-09	-1.984393e+01	-4.001729e+02
6.900000e-07	-2.492248e-06	-6.071976e-09	-1.934803e+01	-3.963902e+02
7.000000e-07	-2.427957e-06	-6.020475e-09	-1.884892e+01	-3.925061e+02
7.100000e-07	-2.363245e-06	-5.947390e-09	-1.834654e+01	-3.885299e+02
7.200000e-07	-2.298045e-06	-5.867419e-09	-1.784038e+01	-3.844748e+02
7.300000e-07	-2.232118e-06	-5.803923e-09	-1.732857e+01	-3.803540e+02
7.400000e-07	-2.165432e-06	-5.752942e-09	-1.681087e+01	-3.761760e+02
7.500000e-07	-2.098153e-06	-5.690313e-09	-1.628856e+01	-3.719429e+02
7.600000e-07	-2.030369e-06	-5.617182e-09	-1.576233e+01	-3.676493e+02
7.700000e-07	-1.962180e-06	-5.547533e-09	-1.523296e+01	-3.632840e+02
7.800000e-07	-1.893696e-06	-5.489726e-09	-1.470130e+01	-3.588329e+02
7.900000e-07	-1.824929e-06	-5.423322e-09	-1.416745e+01	-3.542834e+02
8.000000e-07	-1.755848e-06	-5.341135e-09	-1.363115e+01	-3.496270e+02
8.100000e-07	-1.686367e-06	-5.253273e-09	-1.309174e+01	-3.448620e+02
8.200000e-07	-1.616441e-06	-5.179922e-09	-1.254889e+01	-3.399925e+02
8.300000e-07	-1.546148e-06	-5.118144e-09	-1.200319e+01	-3.350275e+02
8.400000e-07	-1.475572e-06	-5.045612e-09	-1.145529e+01	-3.299769e+02
8.500000e-07	-1.404632e-06	-4.957210e-09	-1.090456e+01	-3.248486e+02
8.600000e-07	-1.333308e-06	-4.869216e-09	-1.035085e+01	-3.196449e+02
8.700000e-07	-1.261736e-06	-4.795484e-09	-9.795218e+00	-3.143619e+02
8.800000e-07	-1.189950e-06	-4.721116e-09	-9.237922e+00	-3.089891e+02
8.900000e-07	-1.117965e-06	-4.634549e-09	-8.679084e+00	-3.035122e+02
9.000000e-07	-1.045781e-06	-4.537822e-09	-8.118696e+00	-2.979161e+02
9.100000e-07	-9.734302e-07	-4.447379e-09	-7.557016e+00	-2.921882e+02
9.200000e-07	-9.009257e-07	-4.362493e-09	-6.994143e+00	-2.863208e+02
9.300000e-07	-8.282504e-07	-4.271094e-09	-6.429943e+00	-2.803121e+02
9.400000e-07	-7.554162e-07	-4.167951e-09	-5.864511e+00	-2.741656e+02
9.500000e-07	-6.824070e-07	-4.063744e-09	-5.297720e+00	-2.678873e+02
9.600000e-07	-6.092223e-07	-3.972939e-09	-4.729566e+00	-2.614830e+02
9.700000e-07	-5.358702e-07	-3.885144e-09	-4.160113e+00	-2.549549e+02
9.800000e-07	-4.623666e-07	-3.786702e-09	-3.589484e+00	-2.482998e+02
9.900000e-07	-3.886979e-07	-3.674070e-09	-3.017572e+00	-2.415084e+02
1.000000e-06	-3.149165e-07	-3.560779e-09	-2.444786e+00	-2.345668e+02
1.010000e-06	-2.410579e-07	-3.450754e-09	-1.871401e+00	-2.274584e+02
1.020000e-06	-1.671266e-07	-3.337930e-09	-1.297451e+00	-2.201677e+02
1.030000e-06	-9.306395e-08	-3.219451e-09	-7.224820e-01	-2.126823e+02
1.040000e-06	-1.890376e-08	-3.100433e-09	-1.467553e-01	-2.049950e+02
1.050000e-06	5.516860e-08	-2.987105e-09	4.282896e-01	-1.971032e+02
1.060000e-06	1.291909e-07	-2.872258e-09	1.002946e+00	-1.890080e+02
1.070000e-06	2.032296e-07	-2.744356e-09	1.577730e+00	-1.807107e+02
1.080000e-06	2.772066e-07	-2.602943e-09	2.152034e+00	-1.722106e+02
1.090000e-06	3.510663e-07	-2.463166e-09	2.725427e+00	-1.635025e+02
1.100000e-06	4.248052e-07	-2.327808e-09	3.297884e+00	-1.545761e+02
1.110000e-06	4.984425e-07	-2.189882e-09	3.869551e+00	-1.454169e+02
1.120000e-06	5.720084e-07	-2.042852e-09	4.440664e+00	-1.360087e+02
1.130000e-06	6.454335e-07	-1.892209e-09	5.010684e+00	-1.263373e+02
1.140000e-06	7.186142e-07	-1.742894e-09	5.578806e+00	-1.163938e+02
1.150000e-06	7.915300e-07	-1.592101e-09	6.144873e+00	-1.061766e+02
1.160000e-06	8.642435e-07	-1.433429e-09	6.709369e+00	-9.569212e+01
1.170000e-06	9.367704e-07	-1.262439e-09	7.272416e+00	-8.495257e+01
1.180000e-06	1.009147e-06	-1.091522e-09	7.834292e+00	-7.397256e+01
1.190000e-06	1.081361e-06	-9.241977e-10	8.394915e+00	-6.276417e+01
1.200000e-06	1.153352e-06	-7.543281e-10	8.953804e+00	-5.133235e+01
1.210000e-06	1.225126e-06	-5.730597e-10	9.511006e+00	-3.967144e+01
1.220000e-06	1.296665e-06	-3.862415e-10	1.006638e+01	-2.776405e+01
1.230000e-06	1.367940e-06	-2.019290e-10	1.061971e+01	-1.558248e+01
1.240000e-06	1.438953e-06	-1.810035e-11	1.117100e+01	-3.092536e+00
1.250000e-06	1.509595e-06	1.725271e-10	1.171942e+01	9.740866e+00
1.260000e-06	1.579816e-06	3.753606e-10	1.226456e+01	2.294762e+01
1.270000e-06	1.649740e-06	5.862359e-10	1.280740e+01	3.654689e+01
1.280000e-06	1.719317e-06	7.999319e-10	1.334755e+01	5.054315e+01
1.290000e-06	1.788490e-06	1.019699e-09	1.388456e+01	6.492427e+01
1.300000e-06	1.857303e-06	1.248036e-09	1.441877e+01	7.966178e+01
1.310000e-06	1.925784e-06	1.478786e-09	1.495041e+01	9.471255e+01
1.320000e-06	1.993940e-06	1.707962e-09	1.547952e+01	1.100214e+02
1.330000e-06	2.061739e-06	1.934746e-09	1.600587e+01	1.255235e+02
1.340000e-06	2.129089e-06	2.167717e-09	1.652872e+01	1.411465e+02
1.350000e-06	2.195787e-06	2.408956e-09	1.704652e+01	1.568112e+02
1.360000e-06	2.261765e-06	2.650226e-09	1.755872e+01	1.724324e+02
1.370000e-06	2.327149e-06	2.885464e-09	1.806632e+01	1.879192e+02
1.380000e-06	2.392024e-06	3.114686e-09	1.856996e+01	2.031764e+02
1.390000e-06	2.456426e-06	3.340885e-09	1.906994e+01	2.181067e+02
1.400000e-06	2.520427e-06	3.561689e-09	1.956679e+01	2.326154e+02
1.410000e-06	2.583971e-06	3.772353e-09	2.006011e+01	2.466157e+02
1.420000e-06	2.646944e-06	3.971480e-09	2.054898e+01	2.600342e+02
1.430000e-06	2.709351e-06	4.160528e-09	2.103347e+01	2.728167e+02
1.440000e-06	2.771200e-06	4.345142e-09	2.151361e+01	2.849315e+02
1.450000e-06	2.832510e-06	4.519494e-09	2.198958e+01	2.963704e+02
1.460000e-06	2.893296e-06	4.679372e-09	2.246148e+01	3.071465e+02
1.470000e-06	2.953599e-06	4.828960e-09	2.292963e+01	3.172898e+02
1.480000e-06	3.013327e-06	4.973856e-09	2.339332e+01	3.268407e+02
1.490000e-06	3.072182e-06	5.118067e-09	2.385022e+01	3.358430e+02
1.500000e-06	3.130014e-06	5.254301e-09	2.429919e+01	3.443387e+02
1.510000e-06	3.186975e-06	5.377116e-09	2.474140e+01	3.523638e+02
1.520000e-06	3.243326e-06	5.489532e-09	2.517886e+01	3.599478e+02
1.530000e-06	3.299126e-06	5.596119e-09	2.561205e+01	3.671154e+02
1.540000e-06	3.354235e-06	5.698376e-09	2.603988e+01	3.738895e+02
1.550000e-06	3.408552e-06	5.791908e-09	2.646156e+01	3.802952e+02
1.560000e-06	3.462131e-06	5.876078e-09	2.687751e+01	3.863623e+02
1.570000e-06	3.514920e-06	5.960366e-09	2.728732e+01	3.921264e+02
1.580000e-06	3.566759e-06	6.050671e-09	2.768977e+01	3.976270e+02
1.590000e-06	3.617535e-06	6.141307e-09	2.808396e+01	4.029034e+02
1.600000e-06	3.667183e-06	6.222848e-09	2.846939e+01	4.079903e+02
1.610000e-06	3.715901e-06	6.294173e-09	2.884760e+01	4.129127e+02
1.620000e-06	3.763909e-06	6.361531e-09	2.922029e+01	4.176826e+02
1.630000e-06	3.811142e-06	6.430164e-09	2.958698e+01	4.222992e+02
1.640000e-06	3.857583e-06	6.494872e-09	2.994751e+01	4.267511e+02
1.650000e-06	3.903255e-06	6.554159e-09	3.030208e+01	4.310215e+02
1.660000e-06	3.948209e-06	6.615445e-09	3.065107e+01	4.350949e+02
1.670000e-06	3.992495e-06	6.680776e-09	3.099487e+01	4.389629e+02
1.680000e-06	4.035874e-06	6.743198e-09	3.133164e+01	4.426289e+02
1.690000e-06	4.078045e-06	6.795346e-09	3.165903e+01	4.461084e+02
1.700000e-06	4.119115e-06	6.839759e-09	3.197786e+01	4.494270e+02
1.710000e-06	4.159395e-06	6.883753e-09	3.229057e+01	4.526147e+02
1.720000e-06	4.198851e-06	6.930588e-09	3.259688e+01	4.556994e+02
1.730000e-06	4.237414e-06	6.976965e-09	3.289625e+01	4.586996e+02
1.740000e-06	4.275114e-06	7.021134e-09	3.318893e+01	4.616208e+02
1.750000e-06	4.311986e-06	7.064133e-09	3.347518e+01	4.644537e+02
1.760000e-06	4.348053e-06	7.107660e-09	3.375518e+01	4.671780e+02
1.770000e-06	4.383026e-06	7.149076e-09	3.402668e+01	4.697678e+02
1.780000e-06	4.416756e-06	7.183963e-09	3.428853e+01	4.721997e+02
1.790000e-06	4.449498e-06	7.212333e-09	3.454272e+01	4.744604e+02
1.800000e-06	4.481324e-06	7.240148e-09	3.478979e+01	4.765514e+02
1.810000e-06	4.512227e-06	7.271592e-09	3.502970e+01	4.784905e+02
1.820000e-06	4.542238e-06	7.305299e-09	3.526268e+01	4.803083e+02
1.830000e-06	4.571318e-06	7.337558e-09	3.548845e+01	4.820416e+02
1.840000e-06	4.599552e-06	7.365764e-09	3.570763e+01	4.837245e+02
1.850000e-06	4.626745e-06	7.392553e-09	3.591874e+01	4.853806e+02
1.860000e-06	4.652536e-06	7.418321e-09	3.611896e+01	4.870170e+02
1.870000e-06	4.677151e-06	7.440589e-09	3.631006e+01	4.886229e+02
1.880000e-06	4.700822e-06	7.458962e-09	3.649382e+01	4.901733e+02
1.890000e-06	4.723443e-06	7.478261e-09	3.666944e+01	4.916361e+02
1.900000e-06	4.745066e-06	7.503033e-09	3.683730e+01	4.929818e+02
1.910000e-06	4.765841e-06	7.529849e-09	3.699858e+01	4.941925e+02
1.920000e-06	4.785761e-06	7.551917e-09	3.715322e+01	4.952678e+02
1.930000e-06	4.804639e-06	7.566540e-09	3.729978e+01	4.962266e+02
1.940000e-06	4.822450e-06	7.578002e-09	3.743806e+01	4.971024e+02
1.950000e-06	4.839245e-06	7.591974e-09	3.756844e+01	4.979357e+02
1.960000e-06	4.854860e-06	7.607233e-09	3.768966e+01	4.987626e+02
1.970000e-06	4.869266e-06	7.620207e-09	3.780150e+01	4.996047e+02
1.980000e-06	4.882646e-06	7.633269e-09	3.790537e+01	5.004628e+02
1.990000e-06	4.894963e-06	7.650467e-09	3.800099e+01	5.013151e+02
2.000000e-06	4.905949e-06	7.668061e-09	3.808628e+01	5.021224e+02
2.010000e-06	4.915542e-06	7.679101e-09	3.816075e+01	5.028381e+02
2.020000e-06	4.924003e-06	7.682467e-09	3.822644e+01	5.034209e+02
2.030000e-06	4.931395e-06	7.684055e-09	3.828383e+01	5.038472e+02
2.040000e-06	4.937756e-06	7.689666e-09	3.833321e+01	5.041191e+02
2.050000e-06	4.943159e-06	7.698691e-09	3.837515e+01	5.042660e+02
2.060000e-06	4.947655e-06	7.707197e-09	3.841005e+01	5.043392e+02
2.070000e-06	4.951111e-06	7.714604e-09	3.843689e+01	5.043988e+02
2.080000e-06	4.953209e-06	7.722240e-09	3.845317e+01	5.044989e+02
2.090000e-06	4.954089e-06	7.727938e-09	3.846000e+01	5.046712e+02
2.100000e-06	4.953968e-06	7.730357e-09	3.845906e+01	5.049146e+02
2.110000e-06	4.952883e-06	7.727130e-09	3.845064e+01	5.051923e+02
2.120000e-06	4.950802e-06	7.719867e-09	3.843448e+01	5.054378e+02
2.130000e-06	4.947759e-06	7.720094e-09	3.841086e+01	5.055704e+02
2.140000e-06	4.943934e-06	7.719462e-09	3.838117e+01	5.055158e+02
2.150000e-06	4.939048e-06	7.715507e-09	3.834324e+01	5.052278e+02
2.160000e-06	4.932789e-06	7.722075e-09	3.829464e+01	5.047055e+02
2.170000e-06	4.925480e-06	7.735702e-09	3.823791e+01	5.040014e+02
2.180000e-06	4.917283e-06	7.682856e-09	3.817427e+01	5.032181e+02
2.190000e-06	4.907841e-06	7.595169e-09	3.810097e+01	5.024924e+02
2.200000e-06	4.896641e-06	7.625015e-09	3.801402e+01	5.019703e+02
2.210000e-06	4.883582e-06	7.756076e-09	3.791264e+01	5.017773e+02
2.220000e-06	4.869609e-06	7.661807e-09	3.780416e+01	5.019910e+02
2.230000e-06	4.855408e-06	7.506820e-09	3.769391e+01	5.026205e+02
2.240000e-06	4.840180e-06	7.717317e-09	3.757570e+01	5.035994e+02
2.250000e-06	4.823499e-06	7.877627e-09	3.744619e+01	5.047930e+02
2.260000e-06	4.806072e-06	7.644115e-09	3.731091e+01	5.060195e+02
2.270000e-06	4.787928e-06	7.681226e-09	3.717005e+01	5.070806e+02
2.280000e-06	4.768594e-06	7.970947e-09	3.701995e+01	5.077959e+02
2.290000e-06	4.748223e-06	7.715259e-09	3.686181e+01	5.080342e+02
2.300000e-06	4.726722e-06	7.572656e-09	3.669489e+01	5.077348e+02
2.310000e-06	4.703865e-06	7.871798e-09	3.651744e+01	5.069159e+02
2.320000e-06	4.680043e-06	7.672669e-09	3.633251e+01	5.056675e+02
2.330000e-06	4.655243e-06	7.506896e-09	3.613998e+01	5.041312e+02
2.340000e-06	4.629156e-06	7.694775e-09	3.593746e+01	5.024713e+02
2.350000e-06	4.602166e-06	7.561276e-09	3.572792e+01	5.008438e+02
2.360000e-06	4.574395e-06	7.595420e-09	3.551233e+01	4.993688e+02
2.370000e-06	4.545377e-06	7.654598e-09	3.528706e+01	4.981125e+02
2.380000e-06	4.515223e-06	7.484413e-09	3.505296e+01	4.970806e+02
2.390000e-06	4.484044e-06	7.599862e-09	3.481091e+01	4.962249e+02
2.400000e-06	4.451769e-06	7.559037e-09	3.456035e+01	4.954598e+02
2.410000e-06	4.418735e-06	7.390458e-09	3.430390e+01	4.946841e+02
2.420000e-06	4.384806e-06	7.566685e-09	3.404050e+01	4.938036e+02
2.430000e-06	4.349882e-06	7.480464e-09	3.376937e+01	4.927492e+02
2.440000e-06	4.314300e-06	7.367046e-09	3.349314e+01	4.914875e+02
2.450000e-06	4.277724e-06	7.562731e-09	3.320919e+01	4.900215e+02
2.460000e-06	4.239806e-06	7.436063e-09	3.291482e+01	4.883834e+02
2.470000e-06	4.200834e-06	7.339687e-09	3.261227e+01	4.866217e+02
2.480000e-06	4.161053e-06	7.405979e-09	3.230344e+01	4.847861e+02
2.490000e-06	4.120481e-06	7.322341e-09	3.198847e+01	4.829146e+02
2.500000e-06	4.079002e-06	7.322438e-09	3.166645e+01	4.810256e+02
2.510000e-06	4.036591e-06	7.287236e-09	3.133720e+01	4.791155e+02
2.520000e-06	3.993406e-06	7.235544e-09	3.100195e+01	4.771635e+02
2.530000e-06	3.949517e-06	7.246790e-09	3.066123e+01	4.751399e+02
2.540000e-06	3.904813e-06	7.199037e-09	3.031417e+01	4.730166e+02
2.550000e-06	3.859149e-06	7.180924e-09	2.995967e+01	4.707755e+02
2.560000e-06	3.812624e-06	7.119230e-09	2.959849e+01	4.684145e+02
2.570000e-06	3.765281e-06	7.069745e-09	2.923095e+01	4.659472e+02
2.580000e-06	3.716858e-06	7.073674e-09	2.885502e+01	4.633998e+02
2.590000e-06	3.667455e-06	7.015963e-09	2.847150e+01	4.608033e+02
2.600000e-06	3.617314e-06	6.984342e-09	2.808224e+01	4.581853e+02
2.610000e-06	3.566408e-06	6.917039e-09	2.768704e+01	4.555632e+02
2.620000e-06	3.514697e-06	6.877444e-09	2.728560e+01	4.529403e+02
2.630000e-06	3.461988e-06	6.886597e-09	2.687640e+01	4.503055e+02
2.640000e-06	3.408125e-06	6.806325e-09	2.645825e+01	4.476372e+02
2.650000e-06	3.353279e-06	6.770078e-09	2.603246e+01	4.449093e+02
2.660000e-06	3.297764e-06	6.720450e-09	2.560148e+01	4.420983e+02
2.670000e-06	3.241675e-06	6.675410e-09	2.516605e+01	4.391891e+02
2.680000e-06	3.184895e-06	6.654657e-09	2.472524e+01	4.361777e+02
2.690000e-06	3.127457e-06	6.579138e-09	2.427934e+01	4.330713e+02
2.700000e-06	3.069351e-06	6.536079e-09	2.382824e+01	4.298852e+02
2.710000e-06	3.010621e-06	6.483669e-09	2.337231e+01	4.266372e+02
2.720000e-06	2.951390e-06	6.448355e-09	2.291248e+01	4.233425e+02
2.730000e-06	2.891615e-06	6.409601e-09	2.244843e+01	4.200089e+02
2.740000e-06	2.831171e-06	6.335463e-09	2.197919e+01	4.166348e+02
2.750000e-06	2.769931e-06	6.284468e-09	2.150376e+01	4.132098e+02
2.760000e-06	2.707893e-06	6.227479e-09	2.102214e+01	4.097182e+02
2.770000e-06	2.645094e-06	6.181426e-09	2.053462e+01	4.061427e+02
2.780000e-06	2.581743e-06	6.122372e-09	2.004281e+01	4.024701e+02
2.790000e-06	2.517961e-06	6.052421e-09	1.954765e+01	3.986938e+02
2.800000e-06	2.453637e-06	6.004704e-09	1.904828e+01	3.948157e+02
2.810000e-06	2.388736e-06	5.951374e-09	1.854444e+01	3.908450e+02
2.820000e-06	2.323316e-06	5.901794e-09	1.803656e+01	3.867947e+02
2.830000e-06	2.257487e-06	5.834311e-09	1.752551e+01	3.826781e+02
2.840000e-06	2.191155e-06	5.761754e-09	1.701056e+01	3.785040e+02
2.850000e-06	2.124253e-06	5.703411e-09	1.649118e+01	3.742750e+02
2.860000e-06	2.056991e-06	5.639183e-09	1.596901e+01	3.699858e+02
2.870000e-06	1.989489e-06	5.575790e-09	1.544497e+01	3.656255e+02
2.880000e-06	1.921684e-06	5.500532e-09	1.491858e+01	3.611802e+02
2.890000e-06	1.853373e-06	5.432370e-09	1.438826e+01	3.566370e+02
2.900000e-06	1.784374e-06	5.372470e-09	1.385261e+01	3.519873e+02
2.910000e-06	1.714673e-06	5.306495e-09	1.331149e+01	3.472288e+02
2.920000e-06	1.644358e-06	5.233665e-09	1.276562e+01	3.423655e+02
2.930000e-06	1.573611e-06	5.150685e-09	1.221639e+01	3.374062e+02
2.940000e-06	1.502577e-06	5.076963e-09	1.166494e+01	3.323609e+02
2.950000e-06	1.431368e-06	5.002876e-09	1.111212e+01	3.272375e+02
2.960000e-06	1.360009e-06	4.925482e-09	1.055814e+01	3.220388e+02
2.970000e-06	1.288410e-06	4.841415e-09	1.000229e+01	3.167611e+02
2.980000e-06	1.216540e-06	4.754958e-09	9.444344e+00	3.113943e+02
2.990000e-06	1.144486e-06	4.678892e-09	8.884974e+00	3.059241e+02
3.000000e-06	1.072254e-06	4.601335e-09	8.324211e+00	3.003355e+02
3.010000e-06	9.997615e-07	4.516607e-09	7.761433e+00	2.946156e+02
3.020000e-06	9.270436e-07	4.424989e-09	7.196903e+00	2.887564e+02
3.030000e-06	8.540979e-07	4.334962e-09	6.630605e+00	2.827560e+02
3.040000e-06	7.809404e-07	4.245671e-09	6.062663e+00	2.766174e+02
3.050000e-06	7.076623e-07	4.150142e-09	5.493784e+00	2.703467e+02
3.060000e-06	6.343100e-07	4.047569e-09	4.924329e+00	2.639498e+02
3.070000e-06	5.608579e-07	3.947004e-09	4.354099e+00	2.574290e+02
3.080000e-06	4.872924e-07	3.852766e-09	3.782990e+00	2.507816e+02
3.090000e-06	4.136301e-07	3.755098e-09	3.211128e+00	2.439985e+02
3.100000e-06	3.398695e-07	3.649511e-09	2.638503e+00	2.370659e+02
3.110000e-06	2.660269e-07	3.536205e-09	2.065243e+00	2.299675e+02
3.120000e-06	1.921416e-07	3.423723e-09	1.491650e+00	2.226874e+02
3.130000e-06	1.182243e-07	3.313532e-09	9.178092e-01	2.152131e+02
3.140000e-06	4.423686e-08	3.195882e-09	3.434234e-01	2.075372e+02
3.150000e-06	-2.976020e-08	3.072944e-09	-2.310369e-01	1.996568e+02
3.160000e-06	-1.037793e-07	2.950430e-09	-8.056681e-01	1.915728e+02
3.170000e-06	-1.777977e-07	2.828486e-09	-1.380294e+00	1.832868e+02
3.180000e-06	-2.516863e-07	2.703961e-09	-1.953912e+00	1.747981e+02
3.190000e-06	-3.254893e-07	2.571916e-09	-2.526866e+00	1.661018e+02
3.200000e-06	-3.992650e-07	2.433859e-09	-3.099608e+00	1.571878e+02
3.210000e-06	-4.729696e-07	2.293320e-09	-3.671798e+00	1.480418e+02
3.220000e-06	-5.465366e-07	2.149897e-09	-4.242919e+00	1.386476e+02
3.230000e-06	-6.199020e-07	2.001786e-09	-4.812475e+00	1.289908e+02
3.240000e-06	-6.931053e-07	1.850043e-09	-5.380773e+00	1.190622e+02
3.250000e-06	-7.662419e-07	1.695965e-09	-5.948554e+00	1.088598e+02
3.260000e-06	-8.392231e-07	1.537439e-09	-6.515128e+00	9.838956e+01
3.270000e-06	-9.119831e-07	1.373940e-09	-7.079984e+00	8.766358e+01
3.280000e-06	-9.845473e-07	1.208083e-09	-7.643321e+00	7.669643e+01
3.290000e-06	-1.056876e-06	1.037825e-09	-8.204827e+00	6.550045e+01
3.300000e-06	-1.128971e-06	8.641500e-10	-8.764524e+00	5.408100e+01
3.310000e-06	-1.200849e-06	6.867865e-10	-9.322533e+00	4.243303e+01
3.320000e-06	-1.272513e-06	5.053565e-10	-9.878880e+00	3.053973e+01
3.330000e-06	-1.343988e-06	3.187420e-10	-1.043376e+01	1.837381e+01
3.340000e-06	-1.415263e-06	1.251734e-10	-1.098709e+01	5.901314e+00
3.350000e-06	-1.486192e-06	-7.253685e-11	-1.153773e+01	-6.912966e+00
3.360000e-06	-1.556749e-06	-2.746256e-10	-1.208549e+01	-2.009932e+01
3.370000e-06	-1.626971e-06	-4.805454e-10	-1.263064e+01	-3.367755e+01
3.380000e-06	-1.696724e-06	-6.903375e-10	-1.317215e+01	-4.765293e+01
3.390000e-06	-1.765915e-06	-9.069710e-10	-1.370930e+01	-6.201419e+01
3.400000e-06	-1.834554e-06	-1.132605e-09	-1.424217e+01	-7.673362e+01
3.410000e-06	-1.902665e-06	-1.364023e-09	-1.477093e+01	-9.176878e+01
3.420000e-06	-1.970352e-06	-1.599906e-09	-1.529640e+01	-1.070650e+02
3.430000e-06	-2.037698e-06	-1.839086e-09	-1.581923e+01	-1.225580e+02
3.440000e-06	-2.104668e-06	-2.079470e-09	-1.633914e+01	-1.381756e+02
3.450000e-06	-2.171249e-06	-2.318731e-09	-1.685603e+01	-1.538390e+02
3.460000e-06	-2.237383e-06	-2.556808e-09	-1.736944e+01	-1.694633e+02
3.470000e-06	-2.303043e-06	-2.793264e-09	-1.787918e+01	-1.849579e+02
3.480000e-06	-2.368216e-06	-3.028260e-09	-1.838513e+01	-2.002276e+02
3.490000e-06	-2.432898e-06	-3.259767e-09	-1.888728e+01	-2.151754e+02
3.500000e-06	-2.497116e-06	-3.484336e-09	-1.938583e+01	-2.297062e+02
3.510000e-06	-2.560836e-06	-3.700987e-09	-1.988050e+01	-2.437326e+02
3.520000e-06	-2.624025e-06	-3.910506e-09	-2.037105e+01	-2.571805e+02
3.530000e-06	-2.686598e-06	-4.108401e-09	-2.085682e+01	-2.699946e+02
3.540000e-06	-2.748523e-06	-4.293663e-09	-2.133757e+01	-2.821420e+02
3.550000e-06	-2.809694e-06	-4.467469e-09	-2.181245e+01	-2.936134e+02
3.560000e-06	-2.870027e-06	-4.630683e-09	-2.228084e+01	-3.044208e+02
3.570000e-06	-2.929755e-06	-4.788226e-09	-2.274452e+01	-3.145937e+02
3.580000e-06	-2.988925e-06	-4.939375e-09	-2.320388e+01	-3.241720e+02
3.590000e-06	-3.047464e-06	-5.077349e-09	-2.365833e+01	-3.331996e+02
3.600000e-06	-3.105345e-06	-5.204376e-09	-2.410768e+01	-3.417185e+02
3.610000e-06	-3.162578e-06	-5.326485e-09	-2.455199e+01	-3.497652e+02
3.620000e-06	-3.219146e-06	-5.445169e-09	-2.499115e+01	-3.573695e+02
3.630000e-06	-3.275043e-06	-5.556531e-09	-2.542509e+01	-3.645562e+02
3.640000e-06	-3.330317e-06	-5.659073e-09	-2.585420e+01	-3.713482e+02
3.650000e-06	-3.384827e-06	-5.756856e-09	-2.627738e+01	-3.777705e+02
3.660000e-06	-3.438237e-06	-5.850464e-09	-2.669201e+01	-3.838526e+02
3.670000e-06	-3.490552e-06	-5.939686e-09	-2.709815e+01	-3.896297e+02
3.680000e-06	-3.542031e-06	-6.024302e-09	-2.749780e+01	-3.951413e+02
3.690000e-06	-3.592786e-06	-6.106707e-09	-2.789182e+01	-4.004269e+02
3.700000e-06	-3.642726e-06	-6.186252e-09	-2.827952e+01	-4.055215e+02
3.710000e-06	-3.691686e-06	-6.264786e-09	-2.865961e+01	-4.104505e+02
3.720000e-06	-3.739577e-06	-6.341012e-09	-2.903140e+01	-4.152268e+02
3.730000e-06	-3.786375e-06	-6.413368e-09	-2.939471e+01	-4.198501e+02
3.740000e-06	-3.832313e-06	-6.480303e-09	-2.975133e+01	-4.243094e+02
3.750000e-06	-3.877540e-06	-6.542621e-09	-3.010245e+01	-4.285881e+02
3.760000e-06	-3.922013e-06	-6.602584e-09	-3.044771e+01	-4.326704e+02
3.770000e-06	-3.965776e-06	-6.663632e-09	-3.078745e+01	-4.365476e+02
3.780000e-06	-4.008871e-06	-6.721814e-09	-3.112201e+01	-4.402223e+02
3.790000e-06	-4.051151e-06	-6.775154e-09	-3.145024e+01	-4.437094e+02
3.800000e-06	-4.092521e-06	-6.829086e-09	-3.177141e+01	-4.470341e+02
3.810000e-06	-4.133021e-06	-6.883573e-09	-3.208582e+01	-4.502265e+02
3.820000e-06	-4.172774e-06	-6.936024e-09	-3.239443e+01	-4.533146e+02
3.830000e-06	-4.211773e-06	-6.984138e-09	-3.269719e+01	-4.563176e+02
3.840000e-06	-4.249737e-06	-7.029940e-09	-3.299192e+01	-4.592417e+02
3.850000e-06	-4.286515e-06	-7.073052e-09	-3.327743e+01	-4.620783e+02
3.860000e-06	-4.322293e-06	-7.113578e-09	-3.355520e+01	-4.648075e+02
3.870000e-06	-4.357175e-06	-7.149686e-09	-3.382599e+01	-4.674034e+02
3.880000e-06	-4.391133e-06	-7.182767e-09	-3.408962e+01	-4.698424e+02
3.890000e-06	-4.424178e-06	-7.217871e-09	-3.434615e+01	-4.721106e+02
3.900000e-06	-4.456293e-06	-7.254129e-09	-3.459547e+01	-4.742087e+02
3.910000e-06	-4.487549e-06	-7.289039e-09	-3.483812e+01	-4.761536e+02
3.920000e-06	-4.517811e-06	-7.320292e-09	-3.507305e+01	-4.779754e+02
3.930000e-06	-4.546792e-06	-7.347760e-09	-3.529804e+01	-4.797108e+02
3.940000e-06	-4.574615e-06	-7.371440e-09	-3.551404e+01	-4.813944e+02
3.950000e-06	-4.601502e-06	-7.392593e-09	-3.572277e+01	-4.830504e+02
3.960000e-06	-4.627411e-06	-7.412767e-09	-3.592391e+01	-4.846867e+02
3.970000e-06	-4.652295e-06	-7.433309e-09	-3.611709e+01	-4.862935e+02
3.980000e-06	-4.676223e-06	-7.456541e-09	-3.630285e+01	-4.878462e+02
3.990000e-06	-4.699315e-06	-7.482884e-09	-3.648212e+01	-4.893130e+02
4.000000e-06	-4.721340e-06	-7.506705e-09	-3.665310e+01	-4.906639e+02
4.010000e-06	-4.741997e-06	-7.524630e-09	-3.681347e+01	-4.918803e+02
4.020000e-06	-4.761573e-06	-7.536227e-09	-3.696545e+01	-4.929610e+02
4.030000e-06	-4.780305e-06	-7.544507e-09	-3.711087e+01	-4.939237e+02
4.040000e-06	-4.798087e-06	-7.555828e-09	-3.724891e+01	-4.948016e+02
4.050000e-06	-4.814849e-06	-7.569529e-09	-3.737904e+01	-4.956349e+02
4.060000e-06	-4.830609e-06	-7.582330e-09	-3.750139e+01	-4.964602e+02
4.070000e-06	-4.845388e-06	-7.592701e-09	-3.761613e+01	-4.973002e+02
4.080000e-06	-4.858956e-06	-7.605549e-09	-3.772146e+01	-4.981567e+02
4.090000e-06	-4.871101e-06	-7.619299e-09	-3.781574e+01	-4.990089e+02
4.100000e-06	-4.882002e-06	-7.628803e-09	-3.790037e+01	-4.998184e+02
4.110000e-06	-4.891831e-06	-7.634101e-09	-3.797668e+01	-5.005386e+02
4.120000e-06	-4.900589e-06	-7.637345e-09	-3.804467e+01	-5.011276e+02
4.130000e-06	-4.908393e-06	-7.641949e-09	-3.810526e+01	-5.015607e+02
4.140000e-06	-4.915310e-06	-7.647153e-09	-3.815895e+01	-5.018386e+02
4.150000e-06	-4.920974e-06	-7.650384e-09	-3.820292e+01	-5.019896e+02
4.160000e-06	-4.925267e-06	-7.651293e-09	-3.823625e+01	-5.020639e+02
4.170000e-06	-4.928562e-06	-7.651377e-09	-3.826183e+01	-5.021216e+02
4.180000e-06	-4.930884e-06	-7.651548e-09	-3.827985e+01	-5.022175e+02
4.190000e-06	-4.932169e-06	-7.652683e-09	-3.828983e+01	-5.023847e+02
4.200000e-06	-4.932419e-06	-7.651348e-09	-3.829177e+01	-5.026240e+02
