# Temperatura_=_40.89
# Concentracion g/m^3_=_18600.0
# C_Vs_to_Am_M_A/Vsm_=_65563218390.804596
# pendiente_HvsI_1/m_=_3716.3
# ordenada_HvsI_A/m_=_1297.0
# frecuencia_Hz_=_238078.45984361932

Tiempo_(s)	Campo_(V.s)	Magnetizacion_(V.s)	Campo_(kA/m)	Magnetizacion_(A/m)
0.000000e+00	-4.940946e-06	-9.151574e-09	-3.828582e+01	-6.017654e+02
1.000000e-08	-4.940398e-06	-9.150712e-09	-3.828158e+01	-6.020513e+02
2.000000e-08	-4.938873e-06	-9.150447e-09	-3.826976e+01	-6.022803e+02
3.000000e-08	-4.935990e-06	-9.149783e-09	-3.824742e+01	-6.024251e+02
4.000000e-08	-4.931919e-06	-9.152328e-09	-3.821588e+01	-6.024595e+02
5.000000e-08	-4.927090e-06	-9.154762e-09	-3.817846e+01	-6.023669e+02
6.000000e-08	-4.921390e-06	-9.148134e-09	-3.813429e+01	-6.021462e+02
7.000000e-08	-4.914592e-06	-9.127346e-09	-3.808161e+01	-6.018153e+02
8.000000e-08	-4.906721e-06	-9.121903e-09	-3.802063e+01	-6.014097e+02
9.000000e-08	-4.897718e-06	-9.207834e-09	-3.795086e+01	-6.009769e+02
1.000000e-07	-4.887043e-06	-9.251141e-09	-3.786815e+01	-6.005676e+02
1.100000e-07	-4.874708e-06	-9.172625e-09	-3.777256e+01	-6.002246e+02
1.200000e-07	-4.861357e-06	-8.975303e-09	-3.766912e+01	-5.999729e+02
1.300000e-07	-4.847215e-06	-9.073771e-09	-3.755953e+01	-5.998130e+02
1.400000e-07	-4.831784e-06	-9.290424e-09	-3.743996e+01	-5.997181e+02
1.500000e-07	-4.814820e-06	-8.998203e-09	-3.730851e+01	-5.996374e+02
1.600000e-07	-4.796998e-06	-9.007940e-09	-3.717042e+01	-5.995045e+02
1.700000e-07	-4.778298e-06	-9.333771e-09	-3.702551e+01	-5.992486e+02
1.800000e-07	-4.758433e-06	-9.191391e-09	-3.687159e+01	-5.988076e+02
1.900000e-07	-4.737869e-06	-9.028313e-09	-3.671225e+01	-5.981392e+02
2.000000e-07	-4.716605e-06	-9.234550e-09	-3.654747e+01	-5.972284e+02
2.100000e-07	-4.694116e-06	-9.161814e-09	-3.637321e+01	-5.960897e+02
2.200000e-07	-4.670505e-06	-8.930061e-09	-3.619026e+01	-5.947634e+02
2.300000e-07	-4.646081e-06	-9.129782e-09	-3.600101e+01	-5.933075e+02
2.400000e-07	-4.620652e-06	-9.158228e-09	-3.580397e+01	-5.917866e+02
2.500000e-07	-4.593993e-06	-8.993007e-09	-3.559739e+01	-5.902591e+02
2.600000e-07	-4.566080e-06	-9.066500e-09	-3.538110e+01	-5.887685e+02
2.700000e-07	-4.537123e-06	-9.012066e-09	-3.515673e+01	-5.873359e+02
2.800000e-07	-4.507366e-06	-8.954852e-09	-3.492615e+01	-5.859594e+02
2.900000e-07	-4.476699e-06	-9.018629e-09	-3.468852e+01	-5.846169e+02
3.000000e-07	-4.445032e-06	-8.881635e-09	-3.444314e+01	-5.832736e+02
3.100000e-07	-4.412546e-06	-8.889654e-09	-3.419142e+01	-5.818899e+02
3.200000e-07	-4.379197e-06	-8.950871e-09	-3.393301e+01	-5.804308e+02
3.300000e-07	-4.344709e-06	-8.853363e-09	-3.366577e+01	-5.788719e+02
3.400000e-07	-4.309089e-06	-8.868487e-09	-3.338976e+01	-5.772025e+02
3.500000e-07	-4.272489e-06	-8.849929e-09	-3.310616e+01	-5.754254e+02
3.600000e-07	-4.234927e-06	-8.746883e-09	-3.281511e+01	-5.735531e+02
3.700000e-07	-4.196481e-06	-8.757401e-09	-3.251720e+01	-5.716024e+02
3.800000e-07	-4.157170e-06	-8.785948e-09	-3.221259e+01	-5.695888e+02
3.900000e-07	-4.116992e-06	-8.705237e-09	-3.190126e+01	-5.675213e+02
4.000000e-07	-4.075987e-06	-8.663871e-09	-3.158353e+01	-5.654010e+02
4.100000e-07	-4.034030e-06	-8.652808e-09	-3.125842e+01	-5.632204e+02
4.200000e-07	-3.990891e-06	-8.614245e-09	-3.092415e+01	-5.609668e+02
4.300000e-07	-3.946630e-06	-8.570180e-09	-3.058118e+01	-5.586261e+02
4.400000e-07	-3.901563e-06	-8.539761e-09	-3.023197e+01	-5.561868e+02
4.500000e-07	-3.855697e-06	-8.476408e-09	-2.987657e+01	-5.536439e+02
4.600000e-07	-3.808969e-06	-8.447930e-09	-2.951449e+01	-5.510001e+02
4.700000e-07	-3.761401e-06	-8.456030e-09	-2.914590e+01	-5.482650e+02
4.800000e-07	-3.713016e-06	-8.382967e-09	-2.877098e+01	-5.454533e+02
4.900000e-07	-3.663752e-06	-8.315307e-09	-2.838925e+01	-5.425803e+02
5.000000e-07	-3.613378e-06	-8.266790e-09	-2.799892e+01	-5.396589e+02
5.100000e-07	-3.561816e-06	-8.236271e-09	-2.759938e+01	-5.366964e+02
5.200000e-07	-3.509317e-06	-8.200677e-09	-2.719258e+01	-5.336933e+02
5.300000e-07	-3.455977e-06	-8.141401e-09	-2.677927e+01	-5.306436e+02
5.400000e-07	-3.401824e-06	-8.082647e-09	-2.635966e+01	-5.275370e+02
5.500000e-07	-3.346932e-06	-8.044042e-09	-2.593432e+01	-5.243621e+02
5.600000e-07	-3.291341e-06	-8.011784e-09	-2.550356e+01	-5.211093e+02
5.700000e-07	-3.235212e-06	-7.954937e-09	-2.506863e+01	-5.177728e+02
5.800000e-07	-3.178511e-06	-7.884302e-09	-2.462927e+01	-5.143524e+02
5.900000e-07	-3.121027e-06	-7.819329e-09	-2.418385e+01	-5.108520e+02
6.000000e-07	-3.062641e-06	-7.778970e-09	-2.373143e+01	-5.072786e+02
6.100000e-07	-3.003395e-06	-7.735020e-09	-2.327235e+01	-5.036395e+02
6.200000e-07	-2.943460e-06	-7.671465e-09	-2.280794e+01	-4.999398e+02
6.300000e-07	-2.882952e-06	-7.596410e-09	-2.233908e+01	-4.961811e+02
6.400000e-07	-2.821860e-06	-7.546245e-09	-2.186570e+01	-4.923606e+02
6.500000e-07	-2.760183e-06	-7.504902e-09	-2.138778e+01	-4.884724e+02
6.600000e-07	-2.697958e-06	-7.438844e-09	-2.090562e+01	-4.845086e+02
6.700000e-07	-2.635166e-06	-7.360909e-09	-2.041907e+01	-4.804622e+02
6.800000e-07	-2.571753e-06	-7.287411e-09	-1.992770e+01	-4.763283e+02
6.900000e-07	-2.507855e-06	-7.234513e-09	-1.943257e+01	-4.721060e+02
7.000000e-07	-2.443557e-06	-7.176931e-09	-1.893435e+01	-4.677976e+02
7.100000e-07	-2.378762e-06	-7.106661e-09	-1.843227e+01	-4.634082e+02
7.200000e-07	-2.313396e-06	-7.027747e-09	-1.792577e+01	-4.589433e+02
7.300000e-07	-2.247321e-06	-6.959740e-09	-1.741378e+01	-4.544068e+02
7.400000e-07	-2.180551e-06	-6.900440e-09	-1.689640e+01	-4.497994e+02
7.500000e-07	-2.113236e-06	-6.826668e-09	-1.637479e+01	-4.451178e+02
7.600000e-07	-2.045454e-06	-6.741516e-09	-1.584958e+01	-4.403551e+02
7.700000e-07	-1.977260e-06	-6.658285e-09	-1.532116e+01	-4.355020e+02
7.800000e-07	-1.908676e-06	-6.591370e-09	-1.478972e+01	-4.305496e+02
7.900000e-07	-1.839828e-06	-6.520921e-09	-1.425625e+01	-4.254909e+02
8.000000e-07	-1.770643e-06	-6.438209e-09	-1.372015e+01	-4.203231e+02
8.100000e-07	-1.701003e-06	-6.347749e-09	-1.318054e+01	-4.150474e+02
8.200000e-07	-1.630980e-06	-6.264250e-09	-1.263794e+01	-4.096692e+02
8.300000e-07	-1.560606e-06	-6.187870e-09	-1.209264e+01	-4.041958e+02
8.400000e-07	-1.489906e-06	-6.105606e-09	-1.154481e+01	-3.986341e+02
8.500000e-07	-1.418874e-06	-6.012143e-09	-1.099440e+01	-3.929883e+02
8.600000e-07	-1.347480e-06	-5.913816e-09	-1.044120e+01	-3.872582e+02
8.700000e-07	-1.275797e-06	-5.825955e-09	-9.885745e+00	-3.814382e+02
8.800000e-07	-1.203943e-06	-5.742569e-09	-9.328971e+00	-3.755184e+02
8.900000e-07	-1.131904e-06	-5.654272e-09	-8.770767e+00	-3.694860e+02
9.000000e-07	-1.059662e-06	-5.553004e-09	-8.210984e+00	-3.633277e+02
9.100000e-07	-9.872604e-07	-5.450984e-09	-7.649968e+00	-3.570326e+02
9.200000e-07	-9.147183e-07	-5.354415e-09	-7.087862e+00	-3.505936e+02
9.300000e-07	-8.420005e-07	-5.255734e-09	-6.524395e+00	-3.440083e+02
9.400000e-07	-7.690545e-07	-5.146282e-09	-5.959160e+00	-3.372787e+02
9.500000e-07	-6.958954e-07	-5.031401e-09	-5.392273e+00	-3.304093e+02
9.600000e-07	-6.225741e-07	-4.925291e-09	-4.824130e+00	-3.234050e+02
9.700000e-07	-5.491065e-07	-4.825344e-09	-4.254852e+00	-3.162689e+02
9.800000e-07	-4.754852e-07	-4.722192e-09	-3.684384e+00	-3.090007e+02
9.900000e-07	-4.017163e-07	-4.603492e-09	-3.112772e+00	-3.015958e+02
1.000000e-06	-3.278420e-07	-4.478888e-09	-2.540343e+00	-2.940460e+02
1.010000e-06	-2.538358e-07	-4.359430e-09	-1.966893e+00	-2.863407e+02
1.020000e-06	-1.797063e-07	-4.241814e-09	-1.392487e+00	-2.784690e+02
1.030000e-06	-1.055114e-07	-4.117292e-09	-8.175746e-01	-2.704216e+02
1.040000e-06	-3.124227e-08	-3.984031e-09	-2.420864e-01	-2.621919e+02
1.050000e-06	4.306944e-08	-3.853627e-09	3.337314e-01	-2.537763e+02
1.060000e-06	1.173737e-07	-3.729024e-09	9.094918e-01	-2.451738e+02
1.070000e-06	1.916712e-07	-3.600143e-09	1.485200e+00	-2.363838e+02
1.080000e-06	2.659422e-07	-3.457843e-09	2.060702e+00	-2.274049e+02
1.090000e-06	3.400674e-07	-3.308495e-09	2.635074e+00	-2.182329e+02
1.100000e-06	4.140541e-07	-3.162109e-09	3.208374e+00	-2.088604e+02
1.110000e-06	4.879215e-07	-3.019194e-09	3.780749e+00	-1.992772e+02
1.120000e-06	5.616164e-07	-2.870329e-09	4.351788e+00	-1.894716e+02
1.130000e-06	6.351133e-07	-2.714235e-09	4.921292e+00	-1.794332e+02
1.140000e-06	7.084676e-07	-2.555344e-09	5.489691e+00	-1.691549e+02
1.150000e-06	7.816332e-07	-2.397409e-09	6.056628e+00	-1.586350e+02
1.160000e-06	8.545430e-07	-2.238667e-09	6.621583e+00	-1.478784e+02
1.170000e-06	9.272413e-07	-2.068486e-09	7.184899e+00	-1.368954e+02
1.180000e-06	9.997230e-07	-1.890747e-09	7.746537e+00	-1.257000e+02
1.190000e-06	1.072018e-06	-1.712873e-09	8.306731e+00	-1.143066e+02
1.200000e-06	1.144116e-06	-1.536929e-09	8.865389e+00	-1.027272e+02
1.210000e-06	1.216061e-06	-1.357529e-09	9.422874e+00	-9.096746e+01
1.220000e-06	1.287849e-06	-1.171401e-09	9.979132e+00	-7.902591e+01
1.230000e-06	1.359336e-06	-9.835371e-10	1.053307e+01	-6.689307e+01
1.240000e-06	1.430489e-06	-7.981052e-10	1.108440e+01	-5.455314e+01
1.250000e-06	1.501307e-06	-6.120976e-10	1.163316e+01	-4.198672e+01
1.260000e-06	1.571753e-06	-4.178932e-10	1.217901e+01	-2.917416e+01
1.270000e-06	1.641871e-06	-2.159564e-10	1.272234e+01	-1.609880e+01
1.280000e-06	1.711625e-06	-9.054553e-12	1.326284e+01	-2.749374e+00
1.290000e-06	1.780958e-06	2.002846e-10	1.380008e+01	1.087902e+01
1.300000e-06	1.849925e-06	4.139451e-10	1.433448e+01	2.478540e+01
1.310000e-06	1.918577e-06	6.327484e-10	1.486644e+01	3.896454e+01
1.320000e-06	1.986927e-06	8.541989e-10	1.539607e+01	5.340932e+01
1.330000e-06	2.054918e-06	1.073576e-09	1.592291e+01	6.811287e+01
1.340000e-06	2.122510e-06	1.296021e-09	1.644665e+01	8.306980e+01
1.350000e-06	2.189611e-06	1.529608e-09	1.696660e+01	9.827612e+01
1.360000e-06	2.256007e-06	1.772906e-09	1.748108e+01	1.137277e+02
1.370000e-06	2.321617e-06	2.020032e-09	1.798947e+01	1.294172e+02
1.380000e-06	2.386626e-06	2.262844e-09	1.849321e+01	1.453308e+02
1.390000e-06	2.451185e-06	2.504918e-09	1.899346e+01	1.614447e+02
1.400000e-06	2.515387e-06	2.751160e-09	1.949094e+01	1.777224e+02
1.410000e-06	2.579162e-06	3.001161e-09	1.998510e+01	1.941140e+02
1.420000e-06	2.642362e-06	3.252546e-09	2.047483e+01	2.105567e+02
1.430000e-06	2.704987e-06	3.504234e-09	2.096008e+01	2.269777e+02
1.440000e-06	2.767078e-06	3.757886e-09	2.144121e+01	2.432977e+02
1.450000e-06	2.828634e-06	4.010104e-09	2.191819e+01	2.594356e+02
1.460000e-06	2.889622e-06	4.250884e-09	2.239077e+01	2.753128e+02
1.470000e-06	2.950066e-06	4.479152e-09	2.285913e+01	2.908572e+02
1.480000e-06	3.009972e-06	4.702389e-09	2.332332e+01	3.060057e+02
1.490000e-06	3.069112e-06	4.926064e-09	2.378158e+01	3.207057e+02
1.500000e-06	3.127201e-06	5.147147e-09	2.423169e+01	3.349155e+02
1.510000e-06	3.184345e-06	5.358066e-09	2.467448e+01	3.486042e+02
1.520000e-06	3.240810e-06	5.558716e-09	2.511201e+01	3.617501e+02
1.530000e-06	3.296736e-06	5.751825e-09	2.554536e+01	3.743406e+02
1.540000e-06	3.352051e-06	5.936852e-09	2.597398e+01	3.863708e+02
1.550000e-06	3.406664e-06	6.108057e-09	2.639716e+01	3.978427e+02
1.560000e-06	3.460523e-06	6.265351e-09	2.681450e+01	4.087649e+02
1.570000e-06	3.513534e-06	6.414837e-09	2.722526e+01	4.191513e+02
1.580000e-06	3.565673e-06	6.563282e-09	2.762927e+01	4.290202e+02
1.590000e-06	3.616886e-06	6.711997e-09	2.802610e+01	4.383928e+02
1.600000e-06	3.666945e-06	6.854936e-09	2.841400e+01	4.472922e+02
1.610000e-06	3.715933e-06	6.988131e-09	2.879359e+01	4.557417e+02
1.620000e-06	3.764134e-06	7.111372e-09	2.916708e+01	4.637636e+02
1.630000e-06	3.811555e-06	7.225960e-09	2.953453e+01	4.713796e+02
1.640000e-06	3.858186e-06	7.331354e-09	2.989586e+01	4.786101e+02
1.650000e-06	3.904051e-06	7.427885e-09	3.025125e+01	4.854754e+02
1.660000e-06	3.949105e-06	7.521436e-09	3.060036e+01	4.919967e+02
1.670000e-06	3.993433e-06	7.616065e-09	3.094385e+01	4.981965e+02
1.680000e-06	4.037106e-06	7.709050e-09	3.128225e+01	5.040993e+02
1.690000e-06	4.079716e-06	7.796812e-09	3.161243e+01	5.097306e+02
1.700000e-06	4.121043e-06	7.878827e-09	3.193266e+01	5.151159e+02
1.710000e-06	4.161493e-06	7.957084e-09	3.224609e+01	5.202784e+02
1.720000e-06	4.201159e-06	8.031653e-09	3.255345e+01	5.252370e+02
1.730000e-06	4.239940e-06	8.101510e-09	3.285395e+01	5.300046e+02
1.740000e-06	4.277836e-06	8.167391e-09	3.314760e+01	5.345870e+02
1.750000e-06	4.314854e-06	8.232853e-09	3.343444e+01	5.389840e+02
1.760000e-06	4.351147e-06	8.296469e-09	3.371566e+01	5.431905e+02
1.770000e-06	4.386474e-06	8.357173e-09	3.398939e+01	5.471997e+02
1.780000e-06	4.420469e-06	8.415183e-09	3.425281e+01	5.510065e+02
1.790000e-06	4.453334e-06	8.467964e-09	3.450747e+01	5.546101e+02
1.800000e-06	4.485330e-06	8.517512e-09	3.475540e+01	5.580158e+02
1.810000e-06	4.516451e-06	8.564641e-09	3.499655e+01	5.612357e+02
1.820000e-06	4.546639e-06	8.610557e-09	3.523047e+01	5.642866e+02
1.830000e-06	4.575835e-06	8.655646e-09	3.545669e+01	5.671879e+02
1.840000e-06	4.604196e-06	8.698209e-09	3.567645e+01	5.699576e+02
1.850000e-06	4.631600e-06	8.739226e-09	3.588880e+01	5.726093e+02
1.860000e-06	4.657691e-06	8.780062e-09	3.609097e+01	5.751496e+02
1.870000e-06	4.682544e-06	8.818699e-09	3.628355e+01	5.775780e+02
1.880000e-06	4.706400e-06	8.852900e-09	3.646840e+01	5.798878e+02
1.890000e-06	4.729319e-06	8.882170e-09	3.664599e+01	5.820695e+02
1.900000e-06	4.751229e-06	8.911631e-09	3.681577e+01	5.841142e+02
1.910000e-06	4.772195e-06	8.942766e-09	3.697822e+01	5.860174e+02
1.920000e-06	4.792341e-06	8.972877e-09	3.713433e+01	5.877818e+02
1.930000e-06	4.811513e-06	8.999454e-09	3.728289e+01	5.894177e+02
1.940000e-06	4.829541e-06	9.022835e-09	3.742258e+01	5.909418e+02
1.950000e-06	4.846462e-06	9.047181e-09	3.755370e+01	5.923736e+02
1.960000e-06	4.862176e-06	9.069920e-09	3.767546e+01	5.937316e+02
1.970000e-06	4.876732e-06	9.089398e-09	3.778825e+01	5.950288e+02
1.980000e-06	4.890225e-06	9.108179e-09	3.789280e+01	5.962697e+02
1.990000e-06	4.902582e-06	9.128455e-09	3.798855e+01	5.974495e+02
2.000000e-06	4.913637e-06	9.148240e-09	3.807421e+01	5.985558e+02
2.010000e-06	4.923313e-06	9.164604e-09	3.814919e+01	5.995718e+02
2.020000e-06	4.931923e-06	9.177765e-09	3.821591e+01	6.004820e+02
2.030000e-06	4.939556e-06	9.189204e-09	3.827505e+01	6.012765e+02
2.040000e-06	4.946120e-06	9.200439e-09	3.832591e+01	6.019546e+02
2.050000e-06	4.951643e-06	9.211336e-09	3.836871e+01	6.025262e+02
2.060000e-06	4.956291e-06	9.222425e-09	3.840473e+01	6.030100e+02
2.070000e-06	4.960006e-06	9.232819e-09	3.843352e+01	6.034292e+02
2.080000e-06	4.962370e-06	9.242008e-09	3.845183e+01	6.038055e+02
2.090000e-06	4.963408e-06	9.249234e-09	3.845987e+01	6.041536e+02
2.100000e-06	4.963424e-06	9.254629e-09	3.846000e+01	6.044764e+02
2.110000e-06	4.962473e-06	9.257870e-09	3.845263e+01	6.047637e+02
2.120000e-06	4.960552e-06	9.257172e-09	3.843775e+01	6.049942e+02
2.130000e-06	4.957717e-06	9.261483e-09	3.841577e+01	6.051404e+02
2.140000e-06	4.954044e-06	9.265081e-09	3.838732e+01	6.051763e+02
2.150000e-06	4.949331e-06	9.264770e-09	3.835080e+01	6.050851e+02
2.160000e-06	4.943238e-06	9.270073e-09	3.830358e+01	6.048659e+02
2.170000e-06	4.936042e-06	9.290427e-09	3.824783e+01	6.045365e+02
2.180000e-06	4.928024e-06	9.242212e-09	3.818569e+01	6.041323e+02
2.190000e-06	4.918884e-06	9.133618e-09	3.811488e+01	6.037010e+02
2.200000e-06	4.907982e-06	9.137390e-09	3.803039e+01	6.032932e+02
2.210000e-06	4.894997e-06	9.335978e-09	3.792978e+01	6.029516e+02
2.220000e-06	4.880855e-06	9.300040e-09	3.782020e+01	6.027014e+02
2.230000e-06	4.866602e-06	9.049273e-09	3.770975e+01	6.025430e+02
2.240000e-06	4.851515e-06	9.196798e-09	3.759285e+01	6.024495e+02
2.250000e-06	4.834863e-06	9.421677e-09	3.746382e+01	6.023703e+02
2.260000e-06	4.817441e-06	9.116281e-09	3.732882e+01	6.022389e+02
2.270000e-06	4.799441e-06	8.994668e-09	3.718934e+01	6.019844e+02
2.280000e-06	4.780226e-06	9.372657e-09	3.704045e+01	6.015449e+02
2.290000e-06	4.759915e-06	9.169663e-09	3.688308e+01	6.008780e+02
2.300000e-06	4.738623e-06	8.883749e-09	3.671809e+01	5.999686e+02
2.310000e-06	4.715936e-06	9.254019e-09	3.654229e+01	5.988314e+02
2.320000e-06	4.692200e-06	9.141503e-09	3.635837e+01	5.975065e+02
2.330000e-06	4.667625e-06	8.871843e-09	3.616795e+01	5.960522e+02
2.340000e-06	4.641720e-06	9.101383e-09	3.596722e+01	5.945326e+02
2.350000e-06	4.614783e-06	8.958540e-09	3.575849e+01	5.930067e+02
2.360000e-06	4.587124e-06	8.922288e-09	3.554417e+01	5.915175e+02
2.370000e-06	4.558254e-06	9.062202e-09	3.532047e+01	5.900864e+02
2.380000e-06	4.528180e-06	8.848427e-09	3.508743e+01	5.887113e+02
2.390000e-06	4.497121e-06	8.926779e-09	3.484676e+01	5.873704e+02
2.400000e-06	4.464966e-06	8.984233e-09	3.459760e+01	5.860285e+02
2.410000e-06	4.431966e-06	8.728552e-09	3.434190e+01	5.846462e+02
2.420000e-06	4.398123e-06	8.849924e-09	3.407966e+01	5.831886e+02
2.430000e-06	4.363284e-06	8.871875e-09	3.380970e+01	5.816311e+02
2.440000e-06	4.327744e-06	8.693374e-09	3.353431e+01	5.799632e+02
2.450000e-06	4.291314e-06	8.829036e-09	3.325203e+01	5.781876e+02
2.460000e-06	4.253526e-06	8.768546e-09	3.295923e+01	5.763168e+02
2.470000e-06	4.214533e-06	8.663190e-09	3.265708e+01	5.743676e+02
2.480000e-06	4.174690e-06	8.695635e-09	3.234835e+01	5.723554e+02
2.490000e-06	4.134071e-06	8.611483e-09	3.203360e+01	5.702894e+02
2.500000e-06	4.092567e-06	8.610706e-09	3.171200e+01	5.681705e+02
2.510000e-06	4.050173e-06	8.573552e-09	3.138351e+01	5.659914e+02
2.520000e-06	4.007065e-06	8.524594e-09	3.104948e+01	5.637393e+02
2.530000e-06	3.963314e-06	8.527574e-09	3.071046e+01	5.614000e+02
2.540000e-06	3.918669e-06	8.465480e-09	3.036452e+01	5.589622e+02
2.550000e-06	3.872982e-06	8.452201e-09	3.001051e+01	5.564208e+02
2.560000e-06	3.826491e-06	8.383900e-09	2.965027e+01	5.537784e+02
2.570000e-06	3.779217e-06	8.326047e-09	2.928395e+01	5.510448e+02
2.580000e-06	3.730869e-06	8.334847e-09	2.890932e+01	5.482345e+02
2.590000e-06	3.681567e-06	8.258380e-09	2.852730e+01	5.453630e+02
2.600000e-06	3.631484e-06	8.234115e-09	2.813922e+01	5.424431e+02
2.610000e-06	3.580609e-06	8.180382e-09	2.774500e+01	5.394821e+02
2.620000e-06	3.528869e-06	8.113235e-09	2.734408e+01	5.364804e+02
2.630000e-06	3.476063e-06	8.117300e-09	2.693491e+01	5.334322e+02
2.640000e-06	3.422274e-06	8.042517e-09	2.651811e+01	5.303270e+02
2.650000e-06	3.367586e-06	8.003871e-09	2.609435e+01	5.271536e+02
2.660000e-06	3.312133e-06	7.945818e-09	2.566466e+01	5.239023e+02
2.670000e-06	3.256039e-06	7.887428e-09	2.523002e+01	5.205673e+02
2.680000e-06	3.199284e-06	7.865479e-09	2.479024e+01	5.171483e+02
2.690000e-06	3.141897e-06	7.790027e-09	2.434557e+01	5.136494e+02
2.700000e-06	3.083817e-06	7.744407e-09	2.389552e+01	5.100775e+02
2.710000e-06	3.025086e-06	7.684874e-09	2.344043e+01	5.064398e+02
2.720000e-06	2.965825e-06	7.641550e-09	2.298123e+01	5.027416e+02
2.730000e-06	2.906034e-06	7.595088e-09	2.251793e+01	4.989843e+02
2.740000e-06	2.845563e-06	7.513464e-09	2.204936e+01	4.951654e+02
2.750000e-06	2.784225e-06	7.459436e-09	2.157407e+01	4.912786e+02
2.760000e-06	2.721975e-06	7.393822e-09	2.109172e+01	4.873163e+02
2.770000e-06	2.659068e-06	7.341588e-09	2.060427e+01	4.832713e+02
2.780000e-06	2.595704e-06	7.285896e-09	2.011328e+01	4.791389e+02
2.790000e-06	2.531870e-06	7.215278e-09	1.961865e+01	4.749180e+02
2.800000e-06	2.467568e-06	7.154570e-09	1.912040e+01	4.706111e+02
2.810000e-06	2.402704e-06	7.084229e-09	1.861779e+01	4.662232e+02
2.820000e-06	2.337279e-06	7.025477e-09	1.811083e+01	4.617597e+02
2.830000e-06	2.271397e-06	6.950456e-09	1.760034e+01	4.572247e+02
2.840000e-06	2.204998e-06	6.869929e-09	1.708583e+01	4.526188e+02
2.850000e-06	2.138063e-06	6.805595e-09	1.656717e+01	4.479387e+02
2.860000e-06	2.070784e-06	6.737582e-09	1.604585e+01	4.431774e+02
2.870000e-06	2.003177e-06	6.673869e-09	1.552198e+01	4.383258e+02
2.880000e-06	1.935166e-06	6.592731e-09	1.499498e+01	4.333748e+02
2.890000e-06	1.866614e-06	6.511954e-09	1.446380e+01	4.283177e+02
2.900000e-06	1.797453e-06	6.437103e-09	1.392790e+01	4.231512e+02
2.910000e-06	1.727812e-06	6.358505e-09	1.338826e+01	4.178770e+02
2.920000e-06	1.657641e-06	6.277868e-09	1.284453e+01	4.125003e+02
2.930000e-06	1.586989e-06	6.188221e-09	1.229707e+01	4.070283e+02
2.940000e-06	1.515973e-06	6.108999e-09	1.174679e+01	4.014681e+02
2.950000e-06	1.444745e-06	6.027892e-09	1.119487e+01	3.958238e+02
2.960000e-06	1.373361e-06	5.943343e-09	1.064174e+01	3.900952e+02
2.970000e-06	1.301684e-06	5.850711e-09	1.008634e+01	3.842767e+02
2.980000e-06	1.229771e-06	5.752121e-09	9.529106e+00	3.783583e+02
2.990000e-06	1.157611e-06	5.662528e-09	8.969957e+00	3.723273e+02
3.000000e-06	1.085159e-06	5.574144e-09	8.408553e+00	3.661705e+02
3.010000e-06	1.012526e-06	5.481911e-09	7.845741e+00	3.598769e+02
3.020000e-06	9.397354e-07	5.382035e-09	7.281711e+00	3.534394e+02
3.030000e-06	8.667927e-07	5.285942e-09	6.716501e+00	3.468556e+02
3.040000e-06	7.936837e-07	5.191575e-09	6.150003e+00	3.401274e+02
3.050000e-06	7.204291e-07	5.088571e-09	5.582377e+00	3.332594e+02
3.060000e-06	6.470140e-07	4.975538e-09	5.013507e+00	3.262566e+02
3.070000e-06	5.734311e-07	4.860762e-09	4.443336e+00	3.191220e+02
3.080000e-06	4.997428e-07	4.751720e-09	3.872348e+00	3.118552e+02
3.090000e-06	4.259818e-07	4.643115e-09	3.300798e+00	3.044518e+02
3.100000e-06	3.521564e-07	4.532074e-09	2.728748e+00	2.969035e+02
3.110000e-06	2.782392e-07	4.416585e-09	2.155987e+00	2.891996e+02
3.120000e-06	2.042537e-07	4.297987e-09	1.582697e+00	2.813294e+02
3.130000e-06	1.302311e-07	4.178340e-09	1.009120e+00	2.732835e+02
3.140000e-06	5.615196e-08	4.053753e-09	4.351038e-01	2.650552e+02
3.150000e-06	-1.797482e-08	3.922632e-09	-1.392812e-01	2.566411e+02
3.160000e-06	-9.209923e-08	3.789478e-09	-7.136477e-01	2.480401e+02
3.170000e-06	-1.661781e-07	3.658359e-09	-1.287662e+00	2.392516e+02
3.180000e-06	-2.402202e-07	3.526827e-09	-1.861390e+00	2.302741e+02
3.190000e-06	-3.142279e-07	3.390856e-09	-2.434853e+00	2.211036e+02
3.200000e-06	-3.880680e-07	3.250161e-09	-3.007016e+00	2.117326e+02
3.210000e-06	-4.617945e-07	3.106183e-09	-3.578299e+00	2.021508e+02
3.220000e-06	-5.354941e-07	2.958022e-09	-4.149374e+00	1.923467e+02
3.230000e-06	-6.090517e-07	2.804167e-09	-4.719349e+00	1.823097e+02
3.240000e-06	-6.824408e-07	2.645745e-09	-5.288018e+00	1.720329e+02
3.250000e-06	-7.557157e-07	2.485534e-09	-5.855801e+00	1.615145e+02
3.260000e-06	-8.288315e-07	2.324712e-09	-6.422352e+00	1.507594e+02
3.270000e-06	-9.017412e-07	2.161012e-09	-6.987306e+00	1.397778e+02
3.280000e-06	-9.744691e-07	1.992572e-09	-7.550852e+00	1.285838e+02
3.290000e-06	-1.046994e-06	1.821913e-09	-8.112826e+00	1.171920e+02
3.300000e-06	-1.119284e-06	1.647340e-09	-8.672975e+00	1.056140e+02
3.310000e-06	-1.191312e-06	1.467776e-09	-9.231098e+00	9.385573e+01
3.320000e-06	-1.263052e-06	1.284567e-09	-9.786988e+00	8.191565e+01
3.330000e-06	-1.334523e-06	1.099217e-09	-1.034079e+01	6.978427e+01
3.340000e-06	-1.405883e-06	9.112021e-10	-1.089374e+01	5.744581e+01
3.350000e-06	-1.477057e-06	7.215414e-10	-1.144524e+01	4.488085e+01
3.360000e-06	-1.547923e-06	5.313695e-10	-1.199436e+01	3.206976e+01
3.370000e-06	-1.618461e-06	3.346969e-10	-1.254094e+01	1.899586e+01
3.380000e-06	-1.688539e-06	1.322345e-10	-1.308395e+01	5.647901e+00
3.390000e-06	-1.758026e-06	-7.649987e-11	-1.362238e+01	-7.979031e+00
3.400000e-06	-1.826870e-06	-2.937145e-10	-1.415583e+01	-2.188394e+01
3.410000e-06	-1.895195e-06	-5.143445e-10	-1.468527e+01	-3.606161e+01
3.420000e-06	-1.963045e-06	-7.343290e-10	-1.521102e+01	-5.050493e+01
3.430000e-06	-2.030449e-06	-9.544714e-10	-1.573331e+01	-6.520702e+01
3.440000e-06	-2.097543e-06	-1.178143e-09	-1.625320e+01	-8.016248e+01
3.450000e-06	-2.164339e-06	-1.408548e-09	-1.677077e+01	-9.536734e+01
3.460000e-06	-2.230708e-06	-1.643711e-09	-1.728505e+01	-1.108174e+02
3.470000e-06	-2.296568e-06	-1.882159e-09	-1.779537e+01	-1.265055e+02
3.480000e-06	-2.361949e-06	-2.125882e-09	-1.830199e+01	-1.424177e+02
3.490000e-06	-2.426864e-06	-2.374311e-09	-1.880500e+01	-1.585301e+02
3.500000e-06	-2.491257e-06	-2.624952e-09	-1.930396e+01	-1.748063e+02
3.510000e-06	-2.555089e-06	-2.873376e-09	-1.979858e+01	-1.911964e+02
3.520000e-06	-2.618398e-06	-3.123424e-09	-2.028914e+01	-2.076377e+02
3.530000e-06	-2.681309e-06	-3.373774e-09	-2.077661e+01	-2.240572e+02
3.540000e-06	-2.743625e-06	-3.622208e-09	-2.125948e+01	-2.403757e+02
3.550000e-06	-2.805080e-06	-3.866453e-09	-2.173568e+01	-2.565121e+02
3.560000e-06	-2.865678e-06	-4.105782e-09	-2.220523e+01	-2.723879e+02
3.570000e-06	-2.925561e-06	-4.345664e-09	-2.266924e+01	-2.879308e+02
3.580000e-06	-2.984890e-06	-4.584757e-09	-2.312897e+01	-3.030778e+02
3.590000e-06	-3.043673e-06	-4.815203e-09	-2.358446e+01	-3.177764e+02
3.600000e-06	-3.101789e-06	-5.033425e-09	-2.403478e+01	-3.319848e+02
3.610000e-06	-3.159198e-06	-5.243268e-09	-2.447963e+01	-3.456719e+02
3.620000e-06	-3.215932e-06	-5.444742e-09	-2.491924e+01	-3.588164e+02
3.630000e-06	-3.271929e-06	-5.637299e-09	-2.535314e+01	-3.714054e+02
3.640000e-06	-3.327297e-06	-5.819904e-09	-2.578217e+01	-3.834341e+02
3.650000e-06	-3.382039e-06	-5.995005e-09	-2.620634e+01	-3.949046e+02
3.660000e-06	-3.435868e-06	-6.164767e-09	-2.662345e+01	-4.058254e+02
3.670000e-06	-3.488554e-06	-6.329332e-09	-2.703170e+01	-4.162103e+02
3.680000e-06	-3.540305e-06	-6.484724e-09	-2.743270e+01	-4.260777e+02
3.690000e-06	-3.591303e-06	-6.628755e-09	-2.782786e+01	-4.354489e+02
3.700000e-06	-3.641430e-06	-6.763364e-09	-2.821628e+01	-4.443468e+02
3.710000e-06	-3.690692e-06	-6.891929e-09	-2.859800e+01	-4.527948e+02
3.720000e-06	-3.738879e-06	-7.013929e-09	-2.897139e+01	-4.608153e+02
3.730000e-06	-3.785765e-06	-7.130112e-09	-2.933469e+01	-4.684298e+02
3.740000e-06	-3.831732e-06	-7.241067e-09	-2.969087e+01	-4.756588e+02
3.750000e-06	-3.877065e-06	-7.348178e-09	-3.004215e+01	-4.825226e+02
3.760000e-06	-3.921656e-06	-7.451685e-09	-3.038767e+01	-4.890424e+02
3.770000e-06	-3.965535e-06	-7.548894e-09	-3.072767e+01	-4.952408e+02
3.780000e-06	-4.008823e-06	-7.639298e-09	-3.106310e+01	-5.011421e+02
3.790000e-06	-4.051405e-06	-7.725523e-09	-3.139305e+01	-5.067720e+02
3.800000e-06	-4.093093e-06	-7.809317e-09	-3.171608e+01	-5.121558e+02
3.810000e-06	-4.133917e-06	-7.890210e-09	-3.203241e+01	-5.173168e+02
3.820000e-06	-4.173910e-06	-7.967192e-09	-3.234230e+01	-5.222740e+02
3.830000e-06	-4.213202e-06	-8.038832e-09	-3.264677e+01	-5.270401e+02
3.840000e-06	-4.251527e-06	-8.108972e-09	-3.294373e+01	-5.316211e+02
3.850000e-06	-4.288531e-06	-8.178258e-09	-3.323047e+01	-5.360166e+02
3.860000e-06	-4.324452e-06	-8.244681e-09	-3.350881e+01	-5.402216e+02
3.870000e-06	-4.359557e-06	-8.305204e-09	-3.378082e+01	-5.442294e+02
3.880000e-06	-4.393814e-06	-8.361011e-09	-3.404627e+01	-5.480347e+02
3.890000e-06	-4.427080e-06	-8.415111e-09	-3.430404e+01	-5.516368e+02
3.900000e-06	-4.459370e-06	-8.467562e-09	-3.455425e+01	-5.550411e+02
3.910000e-06	-4.490865e-06	-8.518790e-09	-3.479829e+01	-5.582595e+02
3.920000e-06	-4.521477e-06	-8.569585e-09	-3.503549e+01	-5.613089e+02
3.930000e-06	-4.550723e-06	-8.617612e-09	-3.526211e+01	-5.642088e+02
3.940000e-06	-4.578692e-06	-8.660278e-09	-3.547883e+01	-5.669770e+02
3.950000e-06	-4.605855e-06	-8.697164e-09	-3.568931e+01	-5.696272e+02
3.960000e-06	-4.632077e-06	-8.729540e-09	-3.589250e+01	-5.721660e+02
3.970000e-06	-4.657151e-06	-8.760041e-09	-3.608678e+01	-5.745930e+02
3.980000e-06	-4.681213e-06	-8.791846e-09	-3.627324e+01	-5.769014e+02
3.990000e-06	-4.704484e-06	-8.827934e-09	-3.645355e+01	-5.790816e+02
4.000000e-06	-4.726749e-06	-8.863756e-09	-3.662608e+01	-5.811248e+02
4.010000e-06	-4.747660e-06	-8.896292e-09	-3.678811e+01	-5.830266e+02
4.020000e-06	-4.767452e-06	-8.923566e-09	-3.694147e+01	-5.847895e+02
4.030000e-06	-4.786344e-06	-8.945985e-09	-3.708786e+01	-5.864239e+02
4.040000e-06	-4.804245e-06	-8.964283e-09	-3.722657e+01	-5.879465e+02
4.050000e-06	-4.821117e-06	-8.979772e-09	-3.735730e+01	-5.893768e+02
4.060000e-06	-4.837076e-06	-8.997417e-09	-3.748097e+01	-5.907334e+02
4.070000e-06	-4.852145e-06	-9.014231e-09	-3.759773e+01	-5.920291e+02
4.080000e-06	-4.865939e-06	-9.031492e-09	-3.770462e+01	-5.932686e+02
4.090000e-06	-4.878287e-06	-9.052152e-09	-3.780030e+01	-5.944469e+02
4.100000e-06	-4.889399e-06	-9.072612e-09	-3.788640e+01	-5.955517e+02
4.110000e-06	-4.899352e-06	-9.088763e-09	-3.796352e+01	-5.965663e+02
4.120000e-06	-4.908171e-06	-9.099298e-09	-3.803186e+01	-5.974750e+02
4.130000e-06	-4.916048e-06	-9.106922e-09	-3.809290e+01	-5.982680e+02
4.140000e-06	-4.923045e-06	-9.114708e-09	-3.814712e+01	-5.989446e+02
4.150000e-06	-4.928827e-06	-9.121181e-09	-3.819192e+01	-5.995148e+02
4.160000e-06	-4.933269e-06	-9.125480e-09	-3.822633e+01	-5.999972e+02
4.170000e-06	-4.936689e-06	-9.130727e-09	-3.825284e+01	-6.004148e+02
4.180000e-06	-4.939189e-06	-9.138175e-09	-3.827221e+01	-6.007897e+02
4.190000e-06	-4.940664e-06	-9.147667e-09	-3.828364e+01	-6.011363e+02
4.200000e-06	-4.941090e-06	-9.152499e-09	-3.828694e+01	-6.014577e+02
