# Temperatura_=_55.53
# Concentracion g/m^3_=_18600.0
# C_Vs_to_Am_M_A/Vsm_=_65563218390.804596
# pendiente_HvsI_1/m_=_3716.3
# ordenada_HvsI_A/m_=_1297.0
# frecuencia_Hz_=_309982.1084449588

Tiempo_(s)	Campo_(V.s)	Magnetizacion_(V.s)	Campo_(kA/m)	Magnetizacion_(A/m)
0.000000e+00	-5.278668e-06	-1.143339e-08	-3.834497e+01	-7.529033e+02
1.000000e-08	-5.276341e-06	-1.144611e-08	-3.832806e+01	-7.530192e+02
2.000000e-08	-5.272073e-06	-1.144757e-08	-3.829706e+01	-7.529566e+02
3.000000e-08	-5.266171e-06	-1.144772e-08	-3.825419e+01	-7.527285e+02
4.000000e-08	-5.258632e-06	-1.144311e-08	-3.819943e+01	-7.523597e+02
5.000000e-08	-5.249315e-06	-1.143002e-08	-3.813175e+01	-7.518758e+02
6.000000e-08	-5.237893e-06	-1.140901e-08	-3.804877e+01	-7.512924e+02
7.000000e-08	-5.224444e-06	-1.136824e-08	-3.795108e+01	-7.506091e+02
8.000000e-08	-5.208903e-06	-1.140320e-08	-3.783819e+01	-7.498105e+02
9.000000e-08	-5.190885e-06	-1.151432e-08	-3.770731e+01	-7.488758e+02
1.000000e-07	-5.170632e-06	-1.146692e-08	-3.756018e+01	-7.477919e+02
1.100000e-07	-5.148470e-06	-1.140328e-08	-3.739919e+01	-7.465636e+02
1.200000e-07	-5.124629e-06	-1.138005e-08	-3.722601e+01	-7.452173e+02
1.300000e-07	-5.099399e-06	-1.117364e-08	-3.704274e+01	-7.437936e+02
1.400000e-07	-5.072545e-06	-1.130264e-08	-3.684767e+01	-7.423324e+02
1.500000e-07	-5.043787e-06	-1.138228e-08	-3.663876e+01	-7.408544e+02
1.600000e-07	-5.013383e-06	-1.106662e-08	-3.641790e+01	-7.393479e+02
1.700000e-07	-4.981246e-06	-1.127544e-08	-3.618445e+01	-7.377666e+02
1.800000e-07	-4.946862e-06	-1.129915e-08	-3.593469e+01	-7.360404e+02
1.900000e-07	-4.910691e-06	-1.105800e-08	-3.567194e+01	-7.340960e+02
2.000000e-07	-4.873080e-06	-1.121308e-08	-3.539873e+01	-7.318814e+02
2.100000e-07	-4.833632e-06	-1.105748e-08	-3.511217e+01	-7.293830e+02
2.200000e-07	-4.792189e-06	-1.093119e-08	-3.481112e+01	-7.266311e+02
2.300000e-07	-4.748638e-06	-1.102857e-08	-3.449476e+01	-7.236897e+02
2.400000e-07	-4.703197e-06	-1.093099e-08	-3.416467e+01	-7.206358e+02
2.500000e-07	-4.656110e-06	-1.095558e-08	-3.382262e+01	-7.175339e+02
2.600000e-07	-4.607046e-06	-1.090361e-08	-3.346622e+01	-7.144174e+02
2.700000e-07	-4.555707e-06	-1.079960e-08	-3.309328e+01	-7.112806e+02
2.800000e-07	-4.502357e-06	-1.078553e-08	-3.270574e+01	-7.080862e+02
2.900000e-07	-4.447277e-06	-1.070157e-08	-3.230563e+01	-7.047817e+02
3.000000e-07	-4.390584e-06	-1.065921e-08	-3.189381e+01	-7.013204e+02
3.100000e-07	-4.332099e-06	-1.058166e-08	-3.146896e+01	-6.976759e+02
3.200000e-07	-4.271824e-06	-1.058786e-08	-3.103112e+01	-6.938471e+02
3.300000e-07	-4.209993e-06	-1.053815e-08	-3.058197e+01	-6.898522e+02
3.400000e-07	-4.146674e-06	-1.043302e-08	-3.012201e+01	-6.857151e+02
3.500000e-07	-4.081846e-06	-1.041056e-08	-2.965109e+01	-6.814523e+02
3.600000e-07	-4.015269e-06	-1.028145e-08	-2.916747e+01	-6.770651e+02
3.700000e-07	-3.947014e-06	-1.022431e-08	-2.867165e+01	-6.725408e+02
3.800000e-07	-3.877360e-06	-1.019221e-08	-2.816567e+01	-6.678624e+02
3.900000e-07	-3.806382e-06	-1.010543e-08	-2.765008e+01	-6.630201e+02
4.000000e-07	-3.734121e-06	-1.004226e-08	-2.712517e+01	-6.580197e+02
4.100000e-07	-3.660361e-06	-9.946775e-09	-2.658937e+01	-6.528829e+02
4.200000e-07	-3.584967e-06	-9.888050e-09	-2.604169e+01	-6.476389e+02
4.300000e-07	-3.508078e-06	-9.799249e-09	-2.548316e+01	-6.423103e+02
4.400000e-07	-3.429703e-06	-9.712696e-09	-2.491383e+01	-6.369008e+02
4.500000e-07	-3.349780e-06	-9.623438e-09	-2.433327e+01	-6.313886e+02
4.600000e-07	-3.268392e-06	-9.533158e-09	-2.374205e+01	-6.257319e+02
4.700000e-07	-3.185825e-06	-9.479854e-09	-2.314227e+01	-6.198813e+02
4.800000e-07	-3.102216e-06	-9.381004e-09	-2.253492e+01	-6.137974e+02
4.900000e-07	-3.017595e-06	-9.281768e-09	-2.192022e+01	-6.074642e+02
5.000000e-07	-2.931933e-06	-9.167679e-09	-2.129797e+01	-6.008943e+02
5.100000e-07	-2.845244e-06	-9.070800e-09	-2.066824e+01	-5.941222e+02
5.200000e-07	-2.757702e-06	-8.978729e-09	-2.003232e+01	-5.871901e+02
5.300000e-07	-2.669307e-06	-8.866345e-09	-1.939021e+01	-5.801306e+02
5.400000e-07	-2.579737e-06	-8.755591e-09	-1.873956e+01	-5.729550e+02
5.500000e-07	-2.488842e-06	-8.641596e-09	-1.807929e+01	-5.656508e+02
5.600000e-07	-2.396893e-06	-8.543417e-09	-1.741136e+01	-5.581887e+02
5.700000e-07	-2.304142e-06	-8.430720e-09	-1.673760e+01	-5.505369e+02
5.800000e-07	-2.210623e-06	-8.300198e-09	-1.605827e+01	-5.426740e+02
5.900000e-07	-2.116273e-06	-8.164175e-09	-1.537290e+01	-5.345964e+02
6.000000e-07	-2.021145e-06	-8.042177e-09	-1.468188e+01	-5.263155e+02
6.100000e-07	-1.925368e-06	-7.925229e-09	-1.398614e+01	-5.178473e+02
6.200000e-07	-1.828907e-06	-7.791176e-09	-1.328543e+01	-5.091989e+02
6.300000e-07	-1.731668e-06	-7.650928e-09	-1.257908e+01	-5.003586e+02
6.400000e-07	-1.633594e-06	-7.515520e-09	-1.186665e+01	-4.912946e+02
6.500000e-07	-1.534736e-06	-7.382689e-09	-1.114853e+01	-4.819638e+02
6.600000e-07	-1.435258e-06	-7.233566e-09	-1.042591e+01	-4.723263e+02
6.700000e-07	-1.335292e-06	-7.068158e-09	-9.699745e+00	-4.623605e+02
6.800000e-07	-1.234883e-06	-6.901387e-09	-8.970358e+00	-4.520705e+02
6.900000e-07	-1.134034e-06	-6.745679e-09	-8.237775e+00	-4.414828e+02
7.000000e-07	-1.032795e-06	-6.590830e-09	-7.502364e+00	-4.306340e+02
7.100000e-07	-9.312239e-07	-6.423237e-09	-6.764538e+00	-4.195521e+02
7.200000e-07	-8.293177e-07	-6.245282e-09	-6.024278e+00	-4.082417e+02
7.300000e-07	-7.271157e-07	-6.067898e-09	-5.281868e+00	-3.966775e+02
7.400000e-07	-6.246785e-07	-5.893038e-09	-4.537750e+00	-3.848102e+02
7.500000e-07	-5.219684e-07	-5.706007e-09	-3.791650e+00	-3.725815e+02
7.600000e-07	-4.189966e-07	-5.502818e-09	-3.043649e+00	-3.599425e+02
7.700000e-07	-3.158606e-07	-5.298196e-09	-2.294455e+00	-3.468668e+02
7.800000e-07	-2.126335e-07	-5.096935e-09	-1.544599e+00	-3.333541e+02
7.900000e-07	-1.093694e-07	-4.892887e-09	-7.944747e-01	-3.194205e+02
8.000000e-07	-6.054577e-09	-4.678378e-09	-4.398128e-02	-3.050823e+02
8.100000e-07	9.730792e-08	-4.446106e-09	7.068581e-01	-2.903382e+02
8.200000e-07	2.006011e-07	-4.210073e-09	1.457194e+00	-2.751593e+02
8.300000e-07	3.038058e-07	-3.976834e-09	2.206887e+00	-2.594905e+02
8.400000e-07	4.069731e-07	-3.733078e-09	2.956309e+00	-2.432642e+02
8.500000e-07	5.099766e-07	-3.470326e-09	3.704540e+00	-2.264196e+02
8.600000e-07	6.127804e-07	-3.194405e-09	4.451321e+00	-2.089210e+02
8.700000e-07	7.153928e-07	-2.915457e-09	5.196712e+00	-1.907662e+02
8.800000e-07	8.176946e-07	-2.634885e-09	5.939846e+00	-1.719826e+02
8.900000e-07	9.196617e-07	-2.344663e-09	6.680549e+00	-1.526110e+02
9.000000e-07	1.021278e-06	-2.037309e-09	7.418701e+00	-1.326852e+02
9.100000e-07	1.122516e-06	-1.722286e-09	8.154111e+00	-1.122130e+02
9.200000e-07	1.223412e-06	-1.405591e-09	8.887037e+00	-9.116814e+01
9.300000e-07	1.323939e-06	-1.075835e-09	9.617272e+00	-6.949411e+01
9.400000e-07	1.424035e-06	-7.272473e-10	1.034439e+01	-4.711853e+01
9.500000e-07	1.523622e-06	-3.632318e-10	1.106780e+01	-2.397208e+01
9.600000e-07	1.622539e-06	6.437025e-12	1.178635e+01	-4.777932e-03
9.700000e-07	1.720595e-06	3.782981e-10	1.249864e+01	2.480525e+01
9.800000e-07	1.817746e-06	7.634621e-10	1.320436e+01	5.045164e+01
9.900000e-07	1.914164e-06	1.169753e-09	1.390475e+01	7.690506e+01
1.000000e-06	2.009879e-06	1.590464e-09	1.460003e+01	1.041185e+02
1.010000e-06	2.104837e-06	2.015840e-09	1.528983e+01	1.320274e+02
1.020000e-06	2.199064e-06	2.448481e-09	1.597430e+01	1.605418e+02
1.030000e-06	2.292555e-06	2.894910e-09	1.665344e+01	1.895347e+02
1.040000e-06	2.385306e-06	3.350192e-09	1.732719e+01	2.188295e+02
1.050000e-06	2.477304e-06	3.799755e-09	1.799548e+01	2.481962e+02
1.060000e-06	2.568332e-06	4.235883e-09	1.865672e+01	2.773596e+02
1.070000e-06	2.658073e-06	4.665037e-09	1.930861e+01	3.060204e+02
1.080000e-06	2.746657e-06	5.090104e-09	1.995209e+01	3.338862e+02
1.090000e-06	2.834282e-06	5.505524e-09	2.058861e+01	3.607028e+02
1.100000e-06	2.920936e-06	5.896685e-09	2.121808e+01	3.862791e+02
1.110000e-06	3.006587e-06	6.263954e-09	2.184026e+01	4.104971e+02
1.120000e-06	3.091247e-06	6.609209e-09	2.245524e+01	4.333085e+02
1.130000e-06	3.174922e-06	6.934947e-09	2.306307e+01	4.547183e+02
1.140000e-06	3.257379e-06	7.237873e-09	2.366205e+01	4.747642e+02
1.150000e-06	3.338508e-06	7.517860e-09	2.425138e+01	4.934975e+02
1.160000e-06	3.418352e-06	7.780582e-09	2.483138e+01	5.109729e+02
1.170000e-06	3.496918e-06	8.030465e-09	2.540210e+01	5.272460e+02
1.180000e-06	3.574216e-06	8.268047e-09	2.596359e+01	5.423784e+02
1.190000e-06	3.650172e-06	8.486471e-09	2.651535e+01	5.564435e+02
1.200000e-06	3.724459e-06	8.683448e-09	2.705498e+01	5.695296e+02
1.210000e-06	3.797081e-06	8.863468e-09	2.758252e+01	5.817366e+02
1.220000e-06	3.868314e-06	9.034430e-09	2.809996e+01	5.931672e+02
1.230000e-06	3.938102e-06	9.196280e-09	2.860692e+01	6.039153e+02
1.240000e-06	4.006531e-06	9.352980e-09	2.910399e+01	6.140569e+02
1.250000e-06	4.073447e-06	9.502871e-09	2.959008e+01	6.236451e+02
1.260000e-06	4.138651e-06	9.649784e-09	3.006373e+01	6.327127e+02
1.270000e-06	4.202309e-06	9.790213e-09	3.052615e+01	6.412788e+02
1.280000e-06	4.264447e-06	9.919330e-09	3.097753e+01	6.493580e+02
1.290000e-06	4.325154e-06	1.003324e-08	3.141851e+01	6.569671e+02
1.300000e-06	4.384339e-06	1.013871e-08	3.184844e+01	6.641284e+02
1.310000e-06	4.441660e-06	1.024246e-08	3.226483e+01	6.708687e+02
1.320000e-06	4.497199e-06	1.034162e-08	3.266827e+01	6.772154e+02
1.330000e-06	4.551056e-06	1.043453e-08	3.305950e+01	6.831931e+02
1.340000e-06	4.602970e-06	1.052169e-08	3.343661e+01	6.888221e+02
1.350000e-06	4.652736e-06	1.060659e-08	3.379811e+01	6.941197e+02
1.360000e-06	4.700648e-06	1.068766e-08	3.414616e+01	6.991030e+02
1.370000e-06	4.746952e-06	1.076164e-08	3.448251e+01	7.037918e+02
1.380000e-06	4.791623e-06	1.082769e-08	3.480701e+01	7.082091e+02
1.390000e-06	4.834410e-06	1.088931e-08	3.511782e+01	7.123796e+02
1.400000e-06	4.875197e-06	1.094880e-08	3.541410e+01	7.163254e+02
1.410000e-06	4.914212e-06	1.100807e-08	3.569751e+01	7.200623e+02
1.420000e-06	4.951552e-06	1.106441e-08	3.596875e+01	7.235978e+02
1.430000e-06	4.987169e-06	1.111680e-08	3.622748e+01	7.269311e+02
1.440000e-06	5.020799e-06	1.116699e-08	3.647178e+01	7.300571e+02
1.450000e-06	5.052520e-06	1.121592e-08	3.670220e+01	7.329701e+02
1.460000e-06	5.082506e-06	1.126231e-08	3.692002e+01	7.356679e+02
1.470000e-06	5.110745e-06	1.130221e-08	3.712515e+01	7.381521e+02
1.480000e-06	5.136887e-06	1.133549e-08	3.731505e+01	7.404276e+02
1.490000e-06	5.160880e-06	1.136622e-08	3.748935e+01	7.424996e+02
1.500000e-06	5.183013e-06	1.139686e-08	3.765012e+01	7.443722e+02
1.510000e-06	5.203381e-06	1.142393e-08	3.779808e+01	7.460486e+02
1.520000e-06	5.221856e-06	1.144790e-08	3.793228e+01	7.475337e+02
1.530000e-06	5.238230e-06	1.147186e-08	3.805123e+01	7.488374e+02
1.540000e-06	5.252565e-06	1.149521e-08	3.815535e+01	7.499772e+02
1.550000e-06	5.264743e-06	1.151501e-08	3.824382e+01	7.509769e+02
1.560000e-06	5.274622e-06	1.152918e-08	3.831558e+01	7.518621e+02
1.570000e-06	5.282428e-06	1.154043e-08	3.837229e+01	7.526522e+02
1.580000e-06	5.288397e-06	1.155083e-08	3.841564e+01	7.533542e+02
1.590000e-06	5.292497e-06	1.156025e-08	3.844543e+01	7.539592e+02
1.600000e-06	5.294503e-06	1.157084e-08	3.846000e+01	7.544447e+02
1.610000e-06	5.294462e-06	1.157968e-08	3.845970e+01	7.547827e+02
1.620000e-06	5.292710e-06	1.157517e-08	3.844698e+01	7.549504e+02
1.630000e-06	5.289325e-06	1.157683e-08	3.842238e+01	7.549388e+02
1.640000e-06	5.283956e-06	1.157798e-08	3.838338e+01	7.547565e+02
1.650000e-06	5.276622e-06	1.157217e-08	3.833011e+01	7.544257e+02
1.660000e-06	5.267641e-06	1.156543e-08	3.826487e+01	7.539732e+02
1.670000e-06	5.256859e-06	1.156820e-08	3.818655e+01	7.534182e+02
1.680000e-06	5.243976e-06	1.160719e-08	3.809296e+01	7.527652e+02
1.690000e-06	5.229095e-06	1.149262e-08	3.798486e+01	7.520023e+02
1.700000e-06	5.212186e-06	1.136935e-08	3.786203e+01	7.511092e+02
1.710000e-06	5.192585e-06	1.141831e-08	3.771965e+01	7.500690e+02
1.720000e-06	5.170217e-06	1.139180e-08	3.755716e+01	7.488809e+02
1.730000e-06	5.145933e-06	1.156220e-08	3.738076e+01	7.475652e+02
1.740000e-06	5.120788e-06	1.153476e-08	3.719811e+01	7.461598e+02
1.750000e-06	5.094725e-06	1.122150e-08	3.700878e+01	7.447068e+02
1.760000e-06	5.066420e-06	1.150411e-08	3.680317e+01	7.432339e+02
1.770000e-06	5.035877e-06	1.141654e-08	3.658131e+01	7.417395e+02
1.780000e-06	5.003941e-06	1.112145e-08	3.634931e+01	7.401867e+02
1.790000e-06	4.970147e-06	1.142986e-08	3.610383e+01	7.385103e+02
1.800000e-06	4.934612e-06	1.119574e-08	3.584570e+01	7.366357e+02
1.810000e-06	4.897250e-06	1.110182e-08	3.557429e+01	7.345023e+02
1.820000e-06	4.857622e-06	1.136918e-08	3.528643e+01	7.320844e+02
1.830000e-06	4.816333e-06	1.108920e-08	3.498650e+01	7.294002e+02
1.840000e-06	4.773392e-06	1.115634e-08	3.467458e+01	7.265059e+02
1.850000e-06	4.728532e-06	1.106439e-08	3.434870e+01	7.234772e+02
1.860000e-06	4.681958e-06	1.082996e-08	3.401039e+01	7.203847e+02
1.870000e-06	4.633410e-06	1.104395e-08	3.365772e+01	7.172719e+02
1.880000e-06	4.582930e-06	1.083011e-08	3.329103e+01	7.141443e+02
1.890000e-06	4.530483e-06	1.086426e-08	3.291005e+01	7.109721e+02
1.900000e-06	4.475903e-06	1.087219e-08	3.251358e+01	7.077051e+02
1.910000e-06	4.419660e-06	1.070572e-08	3.210502e+01	7.042931e+02
1.920000e-06	4.361811e-06	1.075178e-08	3.168480e+01	7.007028e+02
1.930000e-06	4.302492e-06	1.051487e-08	3.125389e+01	6.969261e+02
1.940000e-06	4.241404e-06	1.057208e-08	3.081014e+01	6.929769e+02
1.950000e-06	4.178440e-06	1.047684e-08	3.035276e+01	6.888789e+02
1.960000e-06	4.114045e-06	1.039225e-08	2.988499e+01	6.846519e+02
1.970000e-06	4.048155e-06	1.047660e-08	2.940636e+01	6.803016e+02
1.980000e-06	3.980896e-06	1.023973e-08	2.891778e+01	6.758189e+02
1.990000e-06	3.911972e-06	1.025640e-08	2.841710e+01	6.711868e+02
2.000000e-06	3.841240e-06	1.011330e-08	2.790329e+01	6.663922e+02
2.010000e-06	3.769129e-06	1.003676e-08	2.737947e+01	6.614360e+02
2.020000e-06	3.695659e-06	1.001313e-08	2.684577e+01	6.563360e+02
2.030000e-06	3.620821e-06	9.851573e-09	2.630214e+01	6.511205e+02
2.040000e-06	3.544318e-06	9.865232e-09	2.574641e+01	6.458154e+02
2.050000e-06	3.466168e-06	9.727498e-09	2.517872e+01	6.404307e+02
2.060000e-06	3.386736e-06	9.698468e-09	2.460171e+01	6.349521e+02
2.070000e-06	3.306124e-06	9.567838e-09	2.401614e+01	6.293425e+02
2.080000e-06	3.224310e-06	9.448006e-09	2.342183e+01	6.235527e+02
2.090000e-06	3.141371e-06	9.387981e-09	2.281935e+01	6.175389e+02
2.100000e-06	3.057348e-06	9.259626e-09	2.220899e+01	6.112776e+02
2.110000e-06	2.971875e-06	9.218868e-09	2.158811e+01	6.047732e+02
2.120000e-06	2.885085e-06	9.072035e-09	2.095766e+01	5.980553e+02
2.130000e-06	2.797319e-06	8.984326e-09	2.032011e+01	5.911655e+02
2.140000e-06	2.708607e-06	8.868796e-09	1.967569e+01	5.841409e+02
2.150000e-06	2.618930e-06	8.760965e-09	1.902426e+01	5.769995e+02
2.160000e-06	2.528326e-06	8.647541e-09	1.836610e+01	5.697351e+02
2.170000e-06	2.436888e-06	8.505885e-09	1.770189e+01	5.623223e+02
2.180000e-06	2.344464e-06	8.410972e-09	1.703051e+01	5.547282e+02
2.190000e-06	2.250953e-06	8.292492e-09	1.635123e+01	5.469275e+02
2.200000e-06	2.156507e-06	8.186074e-09	1.566517e+01	5.389112e+02
2.210000e-06	2.061251e-06	8.040763e-09	1.497321e+01	5.306874e+02
2.220000e-06	1.965219e-06	7.914421e-09	1.427562e+01	5.222721e+02
2.230000e-06	1.868542e-06	7.786939e-09	1.357335e+01	5.136761e+02
2.240000e-06	1.771256e-06	7.658911e-09	1.286665e+01	5.048938e+02
2.250000e-06	1.673298e-06	7.522385e-09	1.215506e+01	4.958985e+02
2.260000e-06	1.574782e-06	7.370126e-09	1.143943e+01	4.866491e+02
2.270000e-06	1.475865e-06	7.227502e-09	1.072089e+01	4.771032e+02
2.280000e-06	1.376545e-06	7.081733e-09	9.999414e+00	4.672327e+02
2.290000e-06	1.276755e-06	6.935463e-09	9.274525e+00	4.570340e+02
2.300000e-06	1.176459e-06	6.764078e-09	8.545958e+00	4.465284e+02
2.310000e-06	1.075571e-06	6.598876e-09	7.813093e+00	4.357514e+02
2.320000e-06	9.741106e-07	6.434544e-09	7.076073e+00	4.247350e+02
2.330000e-06	8.721736e-07	6.273379e-09	6.335589e+00	4.134919e+02
2.340000e-06	7.698795e-07	6.098496e-09	5.592511e+00	4.020051e+02
2.350000e-06	6.673041e-07	5.908858e-09	4.847389e+00	3.902310e+02
2.360000e-06	5.644735e-07	5.722544e-09	4.100413e+00	3.781119e+02
2.370000e-06	4.614349e-07	5.535355e-09	3.351927e+00	3.655947e+02
2.380000e-06	3.582305e-07	5.343485e-09	2.602236e+00	3.526456e+02
2.390000e-06	2.548781e-07	5.136627e-09	1.851470e+00	3.392572e+02
2.400000e-06	1.514269e-07	4.924338e-09	1.099986e+00	3.254426e+02
2.410000e-06	4.795131e-08	4.711891e-09	3.483249e-01	3.112197e+02
2.420000e-06	-5.551500e-08	4.499194e-09	-4.032686e-01	2.965939e+02
2.430000e-06	-1.590228e-07	4.266066e-09	-1.155163e+00	2.815445e+02
2.440000e-06	-2.625264e-07	4.018717e-09	-1.907028e+00	2.660231e+02
2.450000e-06	-3.658698e-07	3.770644e-09	-2.657729e+00	2.499636e+02
2.460000e-06	-4.690613e-07	3.519389e-09	-3.407326e+00	2.333014e+02
2.470000e-06	-5.720758e-07	3.264461e-09	-4.155637e+00	2.159921e+02
2.480000e-06	-6.748734e-07	2.994108e-09	-4.902373e+00	1.980238e+02
2.490000e-06	-7.773741e-07	2.710287e-09	-5.646952e+00	1.794165e+02
2.500000e-06	-8.794931e-07	2.418634e-09	-6.388759e+00	1.602095e+02
2.510000e-06	-9.812205e-07	2.119261e-09	-7.127720e+00	1.404405e+02
2.520000e-06	-1.082460e-06	1.806018e-09	-7.863136e+00	1.201262e+02
2.530000e-06	-1.183106e-06	1.477386e-09	-8.594244e+00	9.925032e+01
2.540000e-06	-1.283179e-06	1.146869e-09	-9.321187e+00	7.776377e+01
2.550000e-06	-1.382734e-06	8.174011e-10	-1.004437e+01	5.559688e+01
2.560000e-06	-1.481834e-06	4.817506e-10	-1.076425e+01	3.267755e+01
2.570000e-06	-1.580494e-06	1.250521e-10	-1.148093e+01	8.948994e+00
2.580000e-06	-1.678604e-06	-2.537056e-10	-1.219361e+01	-1.561906e+01
2.590000e-06	-1.776060e-06	-6.431824e-10	-1.290154e+01	-4.102791e+01
2.600000e-06	-1.872852e-06	-1.041375e-09	-1.360466e+01	-6.725416e+01
2.610000e-06	-1.968980e-06	-1.451243e-09	-1.430294e+01	-9.425554e+01
2.620000e-06	-2.064456e-06	-1.876915e-09	-1.499649e+01	-1.219729e+02
2.630000e-06	-2.159295e-06	-2.312502e-09	-1.568542e+01	-1.503247e+02
2.640000e-06	-2.253397e-06	-2.747919e-09	-1.636898e+01	-1.791958e+02
2.650000e-06	-2.346411e-06	-3.186241e-09	-1.704465e+01	-2.084249e+02
2.660000e-06	-2.438265e-06	-3.633573e-09	-1.771189e+01	-2.377968e+02
2.670000e-06	-2.529199e-06	-4.085894e-09	-1.837245e+01	-2.670476e+02
2.680000e-06	-2.619228e-06	-4.528692e-09	-1.902643e+01	-2.958820e+02
2.690000e-06	-2.708226e-06	-4.952773e-09	-1.967292e+01	-3.240024e+02
2.700000e-06	-2.796220e-06	-5.361929e-09	-2.031213e+01	-3.511408e+02
2.710000e-06	-2.883397e-06	-5.761069e-09	-2.094539e+01	-3.770860e+02
2.720000e-06	-2.969537e-06	-6.144810e-09	-2.157113e+01	-4.016992e+02
2.730000e-06	-3.054305e-06	-6.502413e-09	-2.218689e+01	-4.249132e+02
2.740000e-06	-3.137838e-06	-6.835278e-09	-2.279368e+01	-4.467200e+02
2.750000e-06	-3.220314e-06	-7.147710e-09	-2.339280e+01	-4.671500e+02
2.760000e-06	-3.301699e-06	-7.442019e-09	-2.398400e+01	-4.862521e+02
2.770000e-06	-3.381926e-06	-7.713685e-09	-2.456678e+01	-5.040806e+02
2.780000e-06	-3.460949e-06	-7.962350e-09	-2.514081e+01	-5.206906e+02
2.790000e-06	-3.538521e-06	-8.195866e-09	-2.570430e+01	-5.361414e+02
2.800000e-06	-3.614491e-06	-8.419976e-09	-2.625616e+01	-5.505023e+02
2.810000e-06	-3.688966e-06	-8.631894e-09	-2.679715e+01	-5.638577e+02
2.820000e-06	-3.762030e-06	-8.823975e-09	-2.732790e+01	-5.763046e+02
2.830000e-06	-3.833769e-06	-8.999132e-09	-2.784902e+01	-5.879462e+02
2.840000e-06	-3.904073e-06	-9.163874e-09	-2.835973e+01	-5.988800e+02
2.850000e-06	-3.972672e-06	-9.320107e-09	-2.885804e+01	-6.091877e+02
2.860000e-06	-4.039689e-06	-9.466725e-09	-2.934486e+01	-6.189292e+02
2.870000e-06	-4.105319e-06	-9.600985e-09	-2.982160e+01	-6.281425e+02
2.880000e-06	-4.169486e-06	-9.726341e-09	-3.028772e+01	-6.368496e+02
2.890000e-06	-4.232144e-06	-9.849720e-09	-3.074288e+01	-6.450657e+02
2.900000e-06	-4.293020e-06	-9.969235e-09	-3.118508e+01	-6.528064e+02
2.910000e-06	-4.352170e-06	-1.007915e-08	-3.161476e+01	-6.600925e+02
2.920000e-06	-4.409796e-06	-1.018086e-08	-3.203337e+01	-6.669495e+02
2.930000e-06	-4.465887e-06	-1.027725e-08	-3.244081e+01	-6.734053e+02
2.940000e-06	-4.520239e-06	-1.036936e-08	-3.283563e+01	-6.794854e+02
2.950000e-06	-4.572538e-06	-1.045501e-08	-3.321554e+01	-6.852115e+02
2.960000e-06	-4.622863e-06	-1.053398e-08	-3.358111e+01	-6.906015e+02
2.970000e-06	-4.671205e-06	-1.060985e-08	-3.393228e+01	-6.956721e+02
2.980000e-06	-4.717548e-06	-1.068293e-08	-3.426892e+01	-7.004421e+02
2.990000e-06	-4.762151e-06	-1.075051e-08	-3.459292e+01	-7.049338e+02
3.000000e-06	-4.805194e-06	-1.081254e-08	-3.490559e+01	-7.091716e+02
3.010000e-06	-4.846720e-06	-1.087234e-08	-3.520724e+01	-7.131790e+02
3.020000e-06	-4.886621e-06	-1.092949e-08	-3.549709e+01	-7.169738e+02
3.030000e-06	-4.924636e-06	-1.098527e-08	-3.577324e+01	-7.205659e+02
3.040000e-06	-4.960655e-06	-1.103578e-08	-3.603488e+01	-7.239567e+02
3.050000e-06	-4.994822e-06	-1.107941e-08	-3.628307e+01	-7.271418e+02
3.060000e-06	-5.027249e-06	-1.111967e-08	-3.651863e+01	-7.301155e+02
3.070000e-06	-5.057830e-06	-1.115979e-08	-3.674077e+01	-7.328740e+02
3.080000e-06	-5.086359e-06	-1.119826e-08	-3.694801e+01	-7.354182e+02
3.090000e-06	-5.112937e-06	-1.123417e-08	-3.714108e+01	-7.377521e+02
3.100000e-06	-5.137696e-06	-1.126579e-08	-3.732093e+01	-7.398810e+02
3.110000e-06	-5.160549e-06	-1.129493e-08	-3.748694e+01	-7.418096e+02
3.120000e-06	-5.181323e-06	-1.131945e-08	-3.763784e+01	-7.435411e+02
3.130000e-06	-5.200120e-06	-1.133646e-08	-3.777439e+01	-7.450793e+02
3.140000e-06	-5.217159e-06	-1.134910e-08	-3.789816e+01	-7.464327e+02
3.150000e-06	-5.232282e-06	-1.136416e-08	-3.800801e+01	-7.476165e+02
3.160000e-06	-5.245148e-06	-1.138369e-08	-3.810147e+01	-7.486529e+02
3.170000e-06	-5.255761e-06	-1.140136e-08	-3.817857e+01	-7.495677e+02
3.180000e-06	-5.264446e-06	-1.141349e-08	-3.824166e+01	-7.503829e+02
3.190000e-06	-5.271180e-06	-1.142060e-08	-3.829058e+01	-7.511097e+02
3.200000e-06	-5.275789e-06	-1.142729e-08	-3.832406e+01	-7.517435e+02
3.210000e-06	-5.278453e-06	-1.142894e-08	-3.834341e+01	-7.522652e+02
3.220000e-06	-5.279314e-06	-1.142694e-08	-3.834966e+01	-7.526475e+02
