# Temperatura_=_21.33
# Concentracion g/m^3_=_18600.0
# C_Vs_to_Am_M_A/Vsm_=_65563218390.804596
# pendiente_HvsI_1/m_=_3716.3
# ordenada_HvsI_A/m_=_1297.0
# frecuencia_Hz_=_309979.80834009364

Tiempo_(s)	Campo_(V.s)	Magnetizacion_(V.s)	Campo_(kA/m)	Magnetizacion_(A/m)
0.000000e+00	-5.262056e-06	-9.459634e-09	-3.833976e+01	-6.214385e+02
1.000000e-08	-5.260392e-06	-9.466925e-09	-3.832764e+01	-6.218700e+02
2.000000e-08	-5.256707e-06	-9.470705e-09	-3.830079e+01	-6.220788e+02
3.000000e-08	-5.251252e-06	-9.474010e-09	-3.826105e+01	-6.220860e+02
4.000000e-08	-5.244180e-06	-9.473630e-09	-3.820952e+01	-6.219420e+02
5.000000e-08	-5.235441e-06	-9.466669e-09	-3.814585e+01	-6.217054e+02
6.000000e-08	-5.224665e-06	-9.458935e-09	-3.806733e+01	-6.214175e+02
7.000000e-08	-5.211757e-06	-9.449711e-09	-3.797328e+01	-6.210842e+02
8.000000e-08	-5.196804e-06	-9.439848e-09	-3.786433e+01	-6.206741e+02
9.000000e-08	-5.179447e-06	-9.463222e-09	-3.773787e+01	-6.201327e+02
1.000000e-07	-5.159796e-06	-9.463638e-09	-3.759469e+01	-6.194083e+02
1.100000e-07	-5.138263e-06	-9.433136e-09	-3.743780e+01	-6.184783e+02
1.200000e-07	-5.114935e-06	-9.432418e-09	-3.726783e+01	-6.173639e+02
1.300000e-07	-5.090119e-06	-9.361389e-09	-3.708702e+01	-6.161263e+02
1.400000e-07	-5.063791e-06	-9.321248e-09	-3.689519e+01	-6.148451e+02
1.500000e-07	-5.035593e-06	-9.387283e-09	-3.668974e+01	-6.135874e+02
1.600000e-07	-5.005676e-06	-9.290140e-09	-3.647176e+01	-6.123790e+02
1.700000e-07	-4.974092e-06	-9.276478e-09	-3.624164e+01	-6.111907e+02
1.800000e-07	-4.940367e-06	-9.351010e-09	-3.599591e+01	-6.099459e+02
1.900000e-07	-4.904704e-06	-9.257562e-09	-3.573607e+01	-6.085459e+02
2.000000e-07	-4.867661e-06	-9.278685e-09	-3.546617e+01	-6.069046e+02
2.100000e-07	-4.828851e-06	-9.264532e-09	-3.518340e+01	-6.049790e+02
2.200000e-07	-4.788038e-06	-9.142950e-09	-3.488603e+01	-6.027833e+02
2.300000e-07	-4.745179e-06	-9.127176e-09	-3.457376e+01	-6.003815e+02
2.400000e-07	-4.700309e-06	-9.118762e-09	-3.424683e+01	-5.978626e+02
2.500000e-07	-4.653731e-06	-9.092038e-09	-3.390746e+01	-5.953074e+02
2.600000e-07	-4.605322e-06	-9.056774e-09	-3.355475e+01	-5.927613e+02
2.700000e-07	-4.554772e-06	-8.990537e-09	-3.318644e+01	-5.902221e+02
2.800000e-07	-4.502099e-06	-8.953468e-09	-3.280266e+01	-5.876465e+02
2.900000e-07	-4.447617e-06	-8.916089e-09	-3.240570e+01	-5.849725e+02
3.000000e-07	-4.391536e-06	-8.889393e-09	-3.199709e+01	-5.821459e+02
3.100000e-07	-4.333729e-06	-8.821977e-09	-3.157590e+01	-5.791408e+02
3.200000e-07	-4.274111e-06	-8.759486e-09	-3.114152e+01	-5.759659e+02
3.300000e-07	-4.212852e-06	-8.749059e-09	-3.069518e+01	-5.726551e+02
3.400000e-07	-4.150123e-06	-8.690819e-09	-3.023813e+01	-5.692479e+02
3.500000e-07	-4.085919e-06	-8.632722e-09	-2.977034e+01	-5.657692e+02
3.600000e-07	-4.020063e-06	-8.559798e-09	-2.929050e+01	-5.622179e+02
3.700000e-07	-3.952489e-06	-8.499103e-09	-2.879815e+01	-5.585683e+02
3.800000e-07	-3.883382e-06	-8.471700e-09	-2.829464e+01	-5.547843e+02
3.900000e-07	-3.812943e-06	-8.416671e-09	-2.778141e+01	-5.508381e+02
4.000000e-07	-3.741226e-06	-8.343006e-09	-2.725888e+01	-5.467253e+02
4.100000e-07	-3.668075e-06	-8.261874e-09	-2.672589e+01	-5.424692e+02
4.200000e-07	-3.593376e-06	-8.208522e-09	-2.618163e+01	-5.381115e+02
4.300000e-07	-3.517141e-06	-8.157836e-09	-2.562618e+01	-5.336942e+02
4.400000e-07	-3.439378e-06	-8.082560e-09	-2.505958e+01	-5.292408e+02
4.500000e-07	-3.360056e-06	-7.998390e-09	-2.448164e+01	-5.247438e+02
4.600000e-07	-3.279285e-06	-7.922356e-09	-2.389313e+01	-5.201667e+02
4.700000e-07	-3.197259e-06	-7.875166e-09	-2.329549e+01	-5.154570e+02
4.800000e-07	-3.114141e-06	-7.811786e-09	-2.268989e+01	-5.105664e+02
4.900000e-07	-3.030057e-06	-7.721581e-09	-2.207724e+01	-5.054692e+02
5.000000e-07	-2.944929e-06	-7.629384e-09	-2.145699e+01	-5.001705e+02
5.100000e-07	-2.858786e-06	-7.549525e-09	-2.082934e+01	-4.947018e+02
5.200000e-07	-2.771747e-06	-7.474624e-09	-2.019517e+01	-4.891060e+02
5.300000e-07	-2.683832e-06	-7.383941e-09	-1.955462e+01	-4.834182e+02
5.400000e-07	-2.594836e-06	-7.284459e-09	-1.890618e+01	-4.776514e+02
5.500000e-07	-2.504559e-06	-7.195124e-09	-1.824842e+01	-4.717922e+02
5.600000e-07	-2.413164e-06	-7.121316e-09	-1.758251e+01	-4.658087e+02
5.700000e-07	-2.320906e-06	-7.038197e-09	-1.691031e+01	-4.596657e+02
5.800000e-07	-2.227870e-06	-6.929152e-09	-1.623244e+01	-4.533411e+02
5.900000e-07	-2.134020e-06	-6.811096e-09	-1.554864e+01	-4.468342e+02
6.000000e-07	-2.039343e-06	-6.707595e-09	-1.485882e+01	-4.401645e+02
6.100000e-07	-1.943962e-06	-6.615391e-09	-1.416387e+01	-4.333597e+02
6.200000e-07	-1.847930e-06	-6.513486e-09	-1.346417e+01	-4.264401e+02
6.300000e-07	-1.751124e-06	-6.398866e-09	-1.275883e+01	-4.194058e+02
6.400000e-07	-1.653523e-06	-6.290687e-09	-1.204770e+01	-4.122331e+02
6.500000e-07	-1.555225e-06	-6.190340e-09	-1.133150e+01	-4.048818e+02
6.600000e-07	-1.456284e-06	-6.077650e-09	-1.061060e+01	-3.973103e+02
6.700000e-07	-1.356746e-06	-5.942823e-09	-9.885359e+00	-3.894918e+02
6.800000e-07	-1.256673e-06	-5.801881e-09	-9.156223e+00	-3.814237e+02
6.900000e-07	-1.156172e-06	-5.675565e-09	-8.423959e+00	-3.731275e+02
7.000000e-07	-1.055316e-06	-5.560315e-09	-7.689116e+00	-3.646373e+02
7.100000e-07	-9.541128e-07	-5.436106e-09	-6.951743e+00	-3.559829e+02
7.200000e-07	-8.525954e-07	-5.297538e-09	-6.212079e+00	-3.471751e+02
7.300000e-07	-7.507983e-07	-5.157980e-09	-5.470377e+00	-3.381985e+02
7.400000e-07	-6.487690e-07	-5.023140e-09	-4.726983e+00	-3.290158e+02
7.500000e-07	-5.465016e-07	-4.882120e-09	-3.981855e+00	-3.195809e+02
7.600000e-07	-4.439905e-07	-4.722281e-09	-3.234951e+00	-3.098552e+02
7.700000e-07	-3.412574e-07	-4.555588e-09	-2.486429e+00	-2.998201e+02
7.800000e-07	-2.383889e-07	-4.400350e-09	-1.736921e+00	-2.894800e+02
7.900000e-07	-1.355038e-07	-4.252373e-09	-9.872914e-01	-2.788546e+02
8.000000e-07	-3.257544e-08	-4.095599e-09	-2.373473e-01	-2.679645e+02
8.100000e-07	7.044014e-08	-3.920551e-09	5.132326e-01	-2.568168e+02
8.200000e-07	1.734551e-07	-3.738409e-09	1.263808e+00	-2.453961e+02
8.300000e-07	2.764037e-07	-3.560218e-09	2.013900e+00	-2.336660e+02
8.400000e-07	3.792696e-07	-3.378404e-09	2.763389e+00	-2.215806e+02
8.500000e-07	4.819718e-07	-3.181614e-09	3.511686e+00	-2.090998e+02
8.600000e-07	5.845148e-07	-2.974681e-09	4.258822e+00	-1.962031e+02
8.700000e-07	6.868090e-07	-2.771067e-09	5.004146e+00	-1.828966e+02
8.800000e-07	7.887884e-07	-2.572862e-09	5.747176e+00	-1.692084e+02
8.900000e-07	8.905222e-07	-2.368186e-09	6.488417e+00	-1.551773e+02
9.000000e-07	9.919558e-07	-2.148404e-09	7.227470e+00	-1.408381e+02
9.100000e-07	1.093063e-06	-1.921532e-09	7.964149e+00	-1.262100e+02
9.200000e-07	1.193863e-06	-1.696483e-09	8.698585e+00	-1.112923e+02
9.300000e-07	1.294264e-06	-1.469553e-09	9.430109e+00	-9.606922e+01
9.400000e-07	1.394131e-06	-1.229417e-09	1.015775e+01	-8.051885e+01
9.500000e-07	1.493380e-06	-9.781578e-10	1.088089e+01	-6.462372e+01
9.600000e-07	1.591940e-06	-7.281698e-10	1.159900e+01	-4.837642e+01
9.700000e-07	1.689799e-06	-4.844592e-10	1.231201e+01	-3.177905e+01
9.800000e-07	1.786926e-06	-2.373980e-10	1.301968e+01	-1.483700e+01
9.900000e-07	1.883236e-06	2.475178e-11	1.372141e+01	2.448801e+00
1.000000e-06	1.978807e-06	2.997323e-10	1.441775e+01	2.008684e+01
1.010000e-06	2.073692e-06	5.754793e-10	1.510909e+01	3.809407e+01
1.020000e-06	2.167844e-06	8.508528e-10	1.579509e+01	5.648884e+01
1.030000e-06	2.261284e-06	1.138032e-09	1.647590e+01	7.528046e+01
1.040000e-06	2.354009e-06	1.438702e-09	1.715150e+01	9.445999e+01
1.050000e-06	2.445938e-06	1.740441e-09	1.782131e+01	1.139959e+02
1.060000e-06	2.536853e-06	2.035357e-09	1.848371e+01	1.338361e+02
1.070000e-06	2.626551e-06	2.333097e-09	1.913726e+01	1.539156e+02
1.080000e-06	2.715112e-06	2.642776e-09	1.978252e+01	1.741639e+02
1.090000e-06	2.802743e-06	2.961020e-09	2.042101e+01	1.945107e+02
1.100000e-06	2.889474e-06	3.276261e-09	2.105294e+01	2.148846e+02
1.110000e-06	2.975192e-06	3.585249e-09	2.167749e+01	2.352075e+02
1.120000e-06	3.059893e-06	3.892465e-09	2.229463e+01	2.553868e+02
1.130000e-06	3.143558e-06	4.196468e-09	2.290422e+01	2.753110e+02
1.140000e-06	3.225966e-06	4.491375e-09	2.350465e+01	2.948522e+02
1.150000e-06	3.307115e-06	4.774171e-09	2.409591e+01	3.138766e+02
1.160000e-06	3.387036e-06	5.049788e-09	2.467822e+01	3.322607e+02
1.170000e-06	3.465678e-06	5.322975e-09	2.525121e+01	3.499073e+02
1.180000e-06	3.543068e-06	5.587524e-09	2.581508e+01	3.667566e+02
1.190000e-06	3.619166e-06	5.832713e-09	2.636954e+01	3.827876e+02
1.200000e-06	3.693686e-06	6.059151e-09	2.691249e+01	3.980105e+02
1.210000e-06	3.766515e-06	6.274500e-09	2.744313e+01	4.124524e+02
1.220000e-06	3.837943e-06	6.482327e-09	2.796357e+01	4.261437e+02
1.230000e-06	3.907940e-06	6.680865e-09	2.847357e+01	4.391087e+02
1.240000e-06	3.976549e-06	6.868039e-09	2.897346e+01	4.513644e+02
1.250000e-06	4.043728e-06	7.046069e-09	2.946293e+01	4.629256e+02
1.260000e-06	4.109134e-06	7.217398e-09	2.993948e+01	4.738131e+02
1.270000e-06	4.172898e-06	7.378103e-09	3.040407e+01	4.840597e+02
1.280000e-06	4.235246e-06	7.524897e-09	3.085834e+01	4.937096e+02
1.290000e-06	4.296217e-06	7.660928e-09	3.130259e+01	5.028121e+02
1.300000e-06	4.355678e-06	7.791327e-09	3.173582e+01	5.114113e+02
1.310000e-06	4.413301e-06	7.919021e-09	3.215567e+01	5.195378e+02
1.320000e-06	4.469135e-06	8.040805e-09	3.256248e+01	5.272056e+02
1.330000e-06	4.523294e-06	8.152952e-09	3.295708e+01	5.344175e+02
1.340000e-06	4.575568e-06	8.254895e-09	3.333796e+01	5.411756e+02
1.350000e-06	4.625689e-06	8.350312e-09	3.370314e+01	5.474933e+02
1.360000e-06	4.673858e-06	8.442405e-09	3.405411e+01	5.534028e+02
1.370000e-06	4.720370e-06	8.528105e-09	3.439300e+01	5.589532e+02
1.380000e-06	4.765304e-06	8.606635e-09	3.472039e+01	5.642009e+02
1.390000e-06	4.808463e-06	8.682233e-09	3.503485e+01	5.691953e+02
1.400000e-06	4.849619e-06	8.755631e-09	3.533472e+01	5.739649e+02
1.410000e-06	4.888976e-06	8.824315e-09	3.562148e+01	5.785126e+02
1.420000e-06	4.926666e-06	8.887047e-09	3.589609e+01	5.828202e+02
1.430000e-06	4.962685e-06	8.947430e-09	3.615852e+01	5.868614e+02
1.440000e-06	4.996704e-06	9.007554e-09	3.640639e+01	5.906179e+02
1.450000e-06	5.028677e-06	9.064421e-09	3.663935e+01	5.940912e+02
1.460000e-06	5.058946e-06	9.116674e-09	3.685989e+01	5.973045e+02
1.470000e-06	5.087596e-06	9.163968e-09	3.706864e+01	6.002946e+02
1.480000e-06	5.114224e-06	9.208529e-09	3.726265e+01	6.030961e+02
1.490000e-06	5.138662e-06	9.250311e-09	3.744071e+01	6.057266e+02
1.500000e-06	5.161245e-06	9.287591e-09	3.760525e+01	6.081791e+02
1.510000e-06	5.182078e-06	9.319242e-09	3.775704e+01	6.104259e+02
1.520000e-06	5.201028e-06	9.347839e-09	3.789511e+01	6.124331e+02
1.530000e-06	5.217899e-06	9.376810e-09	3.801803e+01	6.141800e+02
1.540000e-06	5.232702e-06	9.403410e-09	3.812589e+01	6.156733e+02
1.550000e-06	5.245466e-06	9.424791e-09	3.821889e+01	6.169511e+02
1.560000e-06	5.255969e-06	9.442427e-09	3.829542e+01	6.180731e+02
1.570000e-06	5.264326e-06	9.459352e-09	3.835631e+01	6.191000e+02
1.580000e-06	5.270818e-06	9.475065e-09	3.840361e+01	6.200712e+02
1.590000e-06	5.275475e-06	9.487161e-09	3.843754e+01	6.209905e+02
1.600000e-06	5.278080e-06	9.496994e-09	3.845652e+01	6.218252e+02
1.610000e-06	5.278558e-06	9.507799e-09	3.846000e+01	6.225204e+02
1.620000e-06	5.277190e-06	9.516814e-09	3.845004e+01	6.230229e+02
1.630000e-06	5.274167e-06	9.522438e-09	3.842801e+01	6.233042e+02
1.640000e-06	5.269284e-06	9.524291e-09	3.839243e+01	6.233732e+02
1.650000e-06	5.262386e-06	9.522266e-09	3.834217e+01	6.232726e+02
1.660000e-06	5.253719e-06	9.519833e-09	3.827902e+01	6.230613e+02
1.670000e-06	5.243410e-06	9.518252e-09	3.820391e+01	6.227887e+02
1.680000e-06	5.231216e-06	9.522073e-09	3.811506e+01	6.224731e+02
1.690000e-06	5.216893e-06	9.513003e-09	3.801071e+01	6.220943e+02
1.700000e-06	5.200522e-06	9.462303e-09	3.789142e+01	6.216028e+02
1.710000e-06	5.181729e-06	9.451652e-09	3.775450e+01	6.209429e+02
1.720000e-06	5.160124e-06	9.443142e-09	3.759708e+01	6.200802e+02
1.730000e-06	5.136346e-06	9.447418e-09	3.742383e+01	6.190214e+02
1.740000e-06	5.111495e-06	9.493307e-09	3.724277e+01	6.178164e+02
1.750000e-06	5.085841e-06	9.389049e-09	3.705585e+01	6.165420e+02
1.760000e-06	5.058328e-06	9.397645e-09	3.685539e+01	6.152729e+02
1.770000e-06	5.028418e-06	9.444060e-09	3.663746e+01	6.140504e+02
1.780000e-06	4.996897e-06	9.298398e-09	3.640780e+01	6.128635e+02
1.790000e-06	4.963596e-06	9.335988e-09	3.616516e+01	6.116486e+02
1.800000e-06	4.928458e-06	9.328749e-09	3.590914e+01	6.103105e+02
1.810000e-06	4.891681e-06	9.209448e-09	3.564118e+01	6.087553e+02
1.820000e-06	4.852723e-06	9.292906e-09	3.535734e+01	6.069237e+02
1.830000e-06	4.811932e-06	9.273839e-09	3.506013e+01	6.048113e+02
1.840000e-06	4.769529e-06	9.192917e-09	3.475118e+01	6.024679e+02
1.850000e-06	4.725151e-06	9.158537e-09	3.442783e+01	5.999781e+02
1.860000e-06	4.679046e-06	9.056535e-09	3.409191e+01	5.974288e+02
1.870000e-06	4.631101e-06	9.082854e-09	3.374258e+01	5.948791e+02
1.880000e-06	4.581228e-06	9.053001e-09	3.337920e+01	5.923421e+02
1.890000e-06	4.529496e-06	8.992464e-09	3.300227e+01	5.897860e+02
1.900000e-06	4.475573e-06	8.975782e-09	3.260939e+01	5.871518e+02
1.910000e-06	4.419850e-06	8.897853e-09	3.220339e+01	5.843800e+02
1.920000e-06	4.362567e-06	8.905062e-09	3.178601e+01	5.814343e+02
1.930000e-06	4.303749e-06	8.815647e-09	3.135746e+01	5.783126e+02
1.940000e-06	4.243295e-06	8.735021e-09	3.091699e+01	5.750423e+02
1.950000e-06	4.180919e-06	8.722993e-09	3.046252e+01	5.716636e+02
1.960000e-06	4.116973e-06	8.659738e-09	2.999660e+01	5.682081e+02
1.970000e-06	4.051613e-06	8.652542e-09	2.952038e+01	5.646833e+02
1.980000e-06	3.984843e-06	8.558092e-09	2.903389e+01	5.610704e+02
1.990000e-06	3.916544e-06	8.482108e-09	2.853626e+01	5.573348e+02
2.000000e-06	3.846452e-06	8.443823e-09	2.802556e+01	5.534439e+02
2.010000e-06	3.774858e-06	8.377079e-09	2.750392e+01	5.493847e+02
2.020000e-06	3.701957e-06	8.329927e-09	2.697276e+01	5.451720e+02
2.030000e-06	3.627725e-06	8.222106e-09	2.643190e+01	5.408433e+02
2.040000e-06	3.551951e-06	8.164016e-09	2.587980e+01	5.364428e+02
2.050000e-06	3.474513e-06	8.114239e-09	2.531558e+01	5.320016e+02
2.060000e-06	3.395639e-06	8.061359e-09	2.474090e+01	5.275227e+02
2.070000e-06	3.315498e-06	7.983446e-09	2.415699e+01	5.229780e+02
2.080000e-06	3.234198e-06	7.875601e-09	2.356463e+01	5.183182e+02
2.090000e-06	3.151801e-06	7.819182e-09	2.296428e+01	5.134913e+02
2.100000e-06	3.068304e-06	7.747301e-09	2.235591e+01	5.084628e+02
2.110000e-06	2.983540e-06	7.675056e-09	2.173831e+01	5.032278e+02
2.120000e-06	2.897462e-06	7.577246e-09	2.111114e+01	4.978105e+02
2.130000e-06	2.810229e-06	7.487140e-09	2.047556e+01	4.922524e+02
2.140000e-06	2.722013e-06	7.417489e-09	1.983281e+01	4.865929e+02
2.150000e-06	2.632816e-06	7.336365e-09	1.918291e+01	4.808531e+02
2.160000e-06	2.542681e-06	7.241160e-09	1.852618e+01	4.750278e+02
2.170000e-06	2.451708e-06	7.128071e-09	1.786334e+01	4.690896e+02
2.180000e-06	2.359822e-06	7.042474e-09	1.719386e+01	4.630025e+02
2.190000e-06	2.267005e-06	6.963798e-09	1.651758e+01	4.567388e+02
2.200000e-06	2.173255e-06	6.872882e-09	1.583451e+01	4.502906e+02
2.210000e-06	2.078555e-06	6.759481e-09	1.514452e+01	4.436716e+02
2.220000e-06	1.982960e-06	6.645003e-09	1.444801e+01	4.369087e+02
2.230000e-06	1.886687e-06	6.549773e-09	1.374656e+01	4.300262e+02
2.240000e-06	1.789868e-06	6.452887e-09	1.304112e+01	4.230316e+02
2.250000e-06	1.692387e-06	6.341606e-09	1.233087e+01	4.159086e+02
2.260000e-06	1.594325e-06	6.218093e-09	1.161638e+01	4.086208e+02
2.270000e-06	1.495809e-06	6.105591e-09	1.089858e+01	4.011254e+02
2.280000e-06	1.396812e-06	6.001063e-09	1.017728e+01	3.933892e+02
2.290000e-06	1.297311e-06	5.887693e-09	9.452313e+00	3.854013e+02
2.300000e-06	1.197340e-06	5.754284e-09	8.723916e+00	3.771764e+02
2.310000e-06	1.096927e-06	5.615992e-09	7.992299e+00	3.687461e+02
2.320000e-06	9.960368e-07	5.488812e-09	7.257205e+00	3.601435e+02
2.330000e-06	8.947407e-07	5.362761e-09	6.519153e+00	3.513867e+02
2.340000e-06	7.931168e-07	5.226932e-09	5.778713e+00	3.424690e+02
2.350000e-06	6.911928e-07	5.080212e-09	5.036087e+00	3.333588e+02
2.360000e-06	5.889539e-07	4.937581e-09	4.291166e+00	3.240112e+02
2.370000e-06	4.863820e-07	4.799873e-09	3.543819e+00	3.143834e+02
2.380000e-06	3.835447e-07	4.653552e-09	2.794538e+00	3.044497e+02
2.390000e-06	2.805367e-07	4.489305e-09	2.044013e+00	2.942074e+02
2.400000e-06	1.774592e-07	4.318595e-09	1.292982e+00	2.836725e+02
2.410000e-06	7.428665e-08	4.156719e-09	5.412586e-01	2.728672e+02
2.420000e-06	-2.895037e-08	3.998880e-09	-2.109348e-01	2.618042e+02
2.430000e-06	-1.321568e-07	3.829843e-09	-9.629053e-01	2.504757e+02
2.440000e-06	-2.353015e-07	3.645837e-09	-1.714426e+00	2.388512e+02
2.450000e-06	-3.383360e-07	3.459982e-09	-2.465143e+00	2.268864e+02
2.460000e-06	-4.411661e-07	3.276599e-09	-3.214372e+00	2.145374e+02
2.470000e-06	-5.437566e-07	3.088195e-09	-3.961854e+00	2.017763e+02
2.480000e-06	-6.461499e-07	2.885104e-09	-4.707901e+00	1.886007e+02
2.490000e-06	-7.482560e-07	2.673497e-09	-5.451854e+00	1.750325e+02
2.500000e-06	-8.499949e-07	2.462679e-09	-6.193132e+00	1.611087e+02
2.510000e-06	-9.513550e-07	2.249718e-09	-6.931650e+00	1.468669e+02
2.520000e-06	-1.052274e-06	2.025876e-09	-7.666951e+00	1.323322e+02
2.530000e-06	-1.152702e-06	1.789707e-09	-8.398680e+00	1.175101e+02
2.540000e-06	-1.252656e-06	1.554005e-09	-9.126951e+00	1.023888e+02
2.550000e-06	-1.352091e-06	1.322850e-09	-9.851443e+00	8.694730e+01
2.560000e-06	-1.450964e-06	1.088224e-09	-1.057184e+01	7.116567e+01
2.570000e-06	-1.549359e-06	8.408482e-10	-1.128876e+01	5.503307e+01
2.580000e-06	-1.647321e-06	5.836341e-10	-1.200252e+01	3.854899e+01
2.590000e-06	-1.744683e-06	3.258158e-10	-1.271190e+01	2.171861e+01
2.600000e-06	-1.841315e-06	6.718968e-11	-1.341597e+01	4.545086e+00
2.610000e-06	-1.937319e-06	-2.010843e-10	-1.411547e+01	-1.297684e+01
2.620000e-06	-2.032801e-06	-4.802729e-10	-1.481115e+01	-3.086193e+01
2.630000e-06	-2.127639e-06	-7.644584e-10	-1.550215e+01	-4.912911e+01
2.640000e-06	-2.221577e-06	-1.046189e-09	-1.618659e+01	-6.779177e+01
2.650000e-06	-2.314461e-06	-1.329888e-09	-1.686335e+01	-8.684760e+01
2.660000e-06	-2.406313e-06	-1.625926e-09	-1.753259e+01	-1.062724e+02
2.670000e-06	-2.497221e-06	-1.930719e-09	-1.819495e+01	-1.260201e+02
2.680000e-06	-2.587189e-06	-2.237169e-09	-1.885047e+01	-1.460289e+02
2.690000e-06	-2.676177e-06	-2.541401e-09	-1.949884e+01	-1.662293e+02
2.700000e-06	-2.764267e-06	-2.848264e-09	-2.014068e+01	-1.865508e+02
2.710000e-06	-2.851496e-06	-3.161139e-09	-2.077623e+01	-2.069226e+02
2.720000e-06	-2.937614e-06	-3.475002e-09	-2.140370e+01	-2.272698e+02
2.730000e-06	-3.022417e-06	-3.784521e-09	-2.202158e+01	-2.475051e+02
2.740000e-06	-3.105990e-06	-4.087758e-09	-2.263049e+01	-2.675233e+02
2.750000e-06	-3.188521e-06	-4.388422e-09	-2.323182e+01	-2.872008e+02
2.760000e-06	-3.269997e-06	-4.685670e-09	-2.382547e+01	-3.064043e+02
2.770000e-06	-3.350312e-06	-4.970620e-09	-2.441064e+01	-3.250050e+02
2.780000e-06	-3.429408e-06	-5.239840e-09	-2.498694e+01	-3.428958e+02
2.790000e-06	-3.507055e-06	-5.498065e-09	-2.555268e+01	-3.600040e+02
2.800000e-06	-3.583145e-06	-5.750451e-09	-2.610708e+01	-3.762969e+02
2.810000e-06	-3.657768e-06	-5.993188e-09	-2.665079e+01	-3.917758e+02
2.820000e-06	-3.730953e-06	-6.220462e-09	-2.718402e+01	-4.064639e+02
2.830000e-06	-3.802829e-06	-6.431846e-09	-2.770772e+01	-4.203921e+02
2.840000e-06	-3.873322e-06	-6.631228e-09	-2.822134e+01	-4.335871e+02
2.850000e-06	-3.942104e-06	-6.820802e-09	-2.872249e+01	-4.460678e+02
2.860000e-06	-4.009271e-06	-6.998198e-09	-2.921187e+01	-4.578490e+02
2.870000e-06	-4.075054e-06	-7.162556e-09	-2.969117e+01	-4.689488e+02
2.880000e-06	-4.139433e-06	-7.318030e-09	-3.016024e+01	-4.793958e+02
2.890000e-06	-4.202350e-06	-7.469812e-09	-3.061866e+01	-4.892308e+02
2.900000e-06	-4.263508e-06	-7.616265e-09	-3.106426e+01	-4.985026e+02
2.910000e-06	-4.322857e-06	-7.750724e-09	-3.149669e+01	-5.072581e+02
2.920000e-06	-4.380710e-06	-7.872123e-09	-3.191821e+01	-5.155329e+02
2.930000e-06	-4.437074e-06	-7.986202e-09	-3.232888e+01	-5.233461e+02
2.940000e-06	-4.491742e-06	-8.096448e-09	-3.272719e+01	-5.307032e+02
2.950000e-06	-4.544400e-06	-8.199800e-09	-3.311087e+01	-5.376051e+02
2.960000e-06	-4.595052e-06	-8.294573e-09	-3.347992e+01	-5.440605e+02
2.970000e-06	-4.643754e-06	-8.385338e-09	-3.383477e+01	-5.500951e+02
2.980000e-06	-4.690430e-06	-8.474773e-09	-3.417486e+01	-5.557535e+02
2.990000e-06	-4.735360e-06	-8.560869e-09	-3.450221e+01	-5.610912e+02
3.000000e-06	-4.778782e-06	-8.640884e-09	-3.481859e+01	-5.661613e+02
3.010000e-06	-4.820650e-06	-8.714150e-09	-3.512365e+01	-5.710002e+02
3.020000e-06	-4.860914e-06	-8.782731e-09	-3.541701e+01	-5.756191e+02
3.030000e-06	-4.899386e-06	-8.848814e-09	-3.569732e+01	-5.800054e+02
3.040000e-06	-4.935820e-06	-8.909911e-09	-3.596278e+01	-5.841335e+02
3.050000e-06	-4.970316e-06	-8.965947e-09	-3.621412e+01	-5.879811e+02
3.060000e-06	-5.003066e-06	-9.018586e-09	-3.645274e+01	-5.915425e+02
3.070000e-06	-5.034053e-06	-9.070582e-09	-3.667852e+01	-5.948344e+02
3.080000e-06	-5.062980e-06	-9.118269e-09	-3.688928e+01	-5.978907e+02
3.090000e-06	-5.089938e-06	-9.160467e-09	-3.708570e+01	-6.007485e+02
3.100000e-06	-5.115137e-06	-9.198131e-09	-3.726930e+01	-6.034321e+02
3.110000e-06	-5.138488e-06	-9.233150e-09	-3.743944e+01	-6.059427e+02
3.120000e-06	-5.159754e-06	-9.266464e-09	-3.759439e+01	-6.082580e+02
3.130000e-06	-5.179020e-06	-9.297810e-09	-3.773476e+01	-6.103442e+02
3.140000e-06	-5.196473e-06	-9.325037e-09	-3.786192e+01	-6.121742e+02
3.150000e-06	-5.211981e-06	-9.348619e-09	-3.797492e+01	-6.137449e+02
3.160000e-06	-5.225280e-06	-9.371373e-09	-3.807182e+01	-6.150848e+02
3.170000e-06	-5.236332e-06	-9.391066e-09	-3.815234e+01	-6.162485e+02
3.180000e-06	-5.245438e-06	-9.405378e-09	-3.821869e+01	-6.172989e+02
3.190000e-06	-5.252650e-06	-9.416590e-09	-3.827123e+01	-6.182843e+02
3.200000e-06	-5.257763e-06	-9.430041e-09	-3.830849e+01	-6.192209e+02
3.210000e-06	-5.260857e-06	-9.443066e-09	-3.833103e+01	-6.200868e+02
3.220000e-06	-5.262167e-06	-9.453010e-09	-3.834057e+01	-6.208319e+02
