# Temperatura_=_59.15
# Concentracion g/m^3_=_18600.0
# C_Vs_to_Am_M_A/Vsm_=_65563218390.804596
# pendiente_HvsI_1/m_=_3716.3
# ordenada_HvsI_A/m_=_1297.0
# frecuencia_Hz_=_309978.45771628193

Tiempo_(s)	Campo_(V.s)	Magnetizacion_(V.s)	Campo_(kA/m)	Magnetizacion_(A/m)
0.000000e+00	-5.265847e-06	-1.161262e-08	-3.834928e+01	-7.651868e+02
1.000000e-08	-5.264244e-06	-1.161807e-08	-3.833760e+01	-7.653947e+02
2.000000e-08	-5.260625e-06	-1.162440e-08	-3.831124e+01	-7.653879e+02
3.000000e-08	-5.255202e-06	-1.162653e-08	-3.827175e+01	-7.651526e+02
4.000000e-08	-5.248110e-06	-1.162266e-08	-3.822010e+01	-7.647024e+02
5.000000e-08	-5.239376e-06	-1.161085e-08	-3.815650e+01	-7.640742e+02
6.000000e-08	-5.228632e-06	-1.159669e-08	-3.807825e+01	-7.633170e+02
7.000000e-08	-5.215789e-06	-1.157932e-08	-3.798472e+01	-7.624746e+02
8.000000e-08	-5.200959e-06	-1.156255e-08	-3.787672e+01	-7.615717e+02
9.000000e-08	-5.183720e-06	-1.160342e-08	-3.775118e+01	-7.606080e+02
1.000000e-07	-5.164145e-06	-1.162351e-08	-3.760861e+01	-7.595617e+02
1.100000e-07	-5.142606e-06	-1.157605e-08	-3.745176e+01	-7.584019e+02
1.200000e-07	-5.119265e-06	-1.156295e-08	-3.728177e+01	-7.571026e+02
1.300000e-07	-5.094471e-06	-1.147822e-08	-3.710121e+01	-7.556537e+02
1.400000e-07	-5.068165e-06	-1.138629e-08	-3.690963e+01	-7.540625e+02
1.500000e-07	-5.039979e-06	-1.149419e-08	-3.670436e+01	-7.523472e+02
1.600000e-07	-5.010060e-06	-1.140981e-08	-3.648647e+01	-7.505238e+02
1.700000e-07	-4.978535e-06	-1.132211e-08	-3.625689e+01	-7.485947e+02
1.800000e-07	-4.944913e-06	-1.143268e-08	-3.601203e+01	-7.465428e+02
1.900000e-07	-4.909267e-06	-1.131019e-08	-3.575243e+01	-7.443354e+02
2.000000e-07	-4.872214e-06	-1.127078e-08	-3.548259e+01	-7.419364e+02
2.100000e-07	-4.833460e-06	-1.127848e-08	-3.520035e+01	-7.393220e+02
2.200000e-07	-4.792713e-06	-1.114425e-08	-3.490361e+01	-7.364925e+02
2.300000e-07	-4.749901e-06	-1.113882e-08	-3.459182e+01	-7.334761e+02
2.400000e-07	-4.705111e-06	-1.112743e-08	-3.426563e+01	-7.303221e+02
2.500000e-07	-4.658669e-06	-1.107435e-08	-3.392741e+01	-7.270853e+02
2.600000e-07	-4.610369e-06	-1.106138e-08	-3.357566e+01	-7.238085e+02
2.700000e-07	-4.559858e-06	-1.097015e-08	-3.320781e+01	-7.205085e+02
2.800000e-07	-4.507238e-06	-1.091273e-08	-3.282459e+01	-7.171723e+02
2.900000e-07	-4.452781e-06	-1.086496e-08	-3.242800e+01	-7.137629e+02
3.000000e-07	-4.396685e-06	-1.080835e-08	-3.201948e+01	-7.102335e+02
3.100000e-07	-4.338874e-06	-1.075875e-08	-3.159846e+01	-7.065431e+02
3.200000e-07	-4.279222e-06	-1.071279e-08	-3.116404e+01	-7.026692e+02
3.300000e-07	-4.217961e-06	-1.069209e-08	-3.071789e+01	-6.986113e+02
3.400000e-07	-4.155212e-06	-1.059445e-08	-3.026092e+01	-6.943873e+02
3.500000e-07	-4.091007e-06	-1.052423e-08	-2.979334e+01	-6.900232e+02
3.600000e-07	-4.025172e-06	-1.044966e-08	-2.931388e+01	-6.855428e+02
3.700000e-07	-3.957591e-06	-1.035570e-08	-2.882172e+01	-6.809600e+02
3.800000e-07	-3.888522e-06	-1.031234e-08	-2.831871e+01	-6.762776e+02
3.900000e-07	-3.818140e-06	-1.025508e-08	-2.780615e+01	-6.714911e+02
4.000000e-07	-3.746458e-06	-1.019115e-08	-2.728411e+01	-6.665947e+02
4.100000e-07	-3.673349e-06	-1.011299e-08	-2.675168e+01	-6.615858e+02
4.200000e-07	-3.598596e-06	-1.003136e-08	-2.620729e+01	-6.564657e+02
4.300000e-07	-3.522283e-06	-9.947331e-09	-2.565152e+01	-6.512355e+02
4.400000e-07	-3.444541e-06	-9.852315e-09	-2.508535e+01	-6.458908e+02
4.500000e-07	-3.365269e-06	-9.772028e-09	-2.450805e+01	-6.404170e+02
4.600000e-07	-3.284490e-06	-9.685600e-09	-2.391976e+01	-6.347884e+02
4.700000e-07	-3.202441e-06	-9.615756e-09	-2.332223e+01	-6.289734e+02
4.800000e-07	-3.119283e-06	-9.543924e-09	-2.271662e+01	-6.229428e+02
4.900000e-07	-3.035069e-06	-9.444741e-09	-2.210332e+01	-6.166788e+02
5.000000e-07	-2.949895e-06	-9.333161e-09	-2.148303e+01	-6.101813e+02
5.100000e-07	-2.863733e-06	-9.217751e-09	-2.085554e+01	-6.034675e+02
5.200000e-07	-2.776619e-06	-9.116521e-09	-2.022112e+01	-5.965663e+02
5.300000e-07	-2.688576e-06	-9.012821e-09	-1.957994e+01	-5.895085e+02
5.400000e-07	-2.599575e-06	-8.907071e-09	-1.893177e+01	-5.823170e+02
5.500000e-07	-2.509406e-06	-8.799152e-09	-1.827510e+01	-5.750000e+02
5.600000e-07	-2.417946e-06	-8.692005e-09	-1.760903e+01	-5.675491e+02
5.700000e-07	-2.325602e-06	-8.583890e-09	-1.693652e+01	-5.599434e+02
5.800000e-07	-2.232570e-06	-8.457271e-09	-1.625900e+01	-5.521555e+02
5.900000e-07	-2.138717e-06	-8.321095e-09	-1.557550e+01	-5.441583e+02
6.000000e-07	-2.044067e-06	-8.190758e-09	-1.488620e+01	-5.359287e+02
6.100000e-07	-1.948679e-06	-8.069804e-09	-1.419153e+01	-5.274493e+02
6.200000e-07	-1.852579e-06	-7.942352e-09	-1.349167e+01	-5.187073e+02
6.300000e-07	-1.755797e-06	-7.800824e-09	-1.278684e+01	-5.096925e+02
6.400000e-07	-1.658314e-06	-7.656652e-09	-1.207690e+01	-5.003975e+02
6.500000e-07	-1.560025e-06	-7.513137e-09	-1.136110e+01	-4.908183e+02
6.600000e-07	-1.460930e-06	-7.365339e-09	-1.063943e+01	-4.809561e+02
6.700000e-07	-1.361187e-06	-7.204637e-09	-9.913035e+00	-4.708181e+02
6.800000e-07	-1.260990e-06	-7.037354e-09	-9.183335e+00	-4.604154e+02
6.900000e-07	-1.160499e-06	-6.872879e-09	-8.451500e+00	-4.497583e+02
7.000000e-07	-1.059700e-06	-6.713292e-09	-7.717412e+00	-4.388493e+02
7.100000e-07	-9.585060e-07	-6.548930e-09	-6.980455e+00	-4.276783e+02
7.200000e-07	-8.569557e-07	-6.370676e-09	-6.240901e+00	-4.162206e+02
7.300000e-07	-7.551211e-07	-6.187928e-09	-5.499276e+00	-4.044399e+02
7.400000e-07	-6.530269e-07	-6.005892e-09	-4.755761e+00	-3.922963e+02
7.500000e-07	-5.506829e-07	-5.818219e-09	-4.010426e+00	-3.797550e+02
7.600000e-07	-4.480911e-07	-5.615737e-09	-3.263286e+00	-3.667939e+02
7.700000e-07	-3.453267e-07	-5.404362e-09	-2.514890e+00	-3.534042e+02
7.800000e-07	-2.424747e-07	-5.191190e-09	-1.765856e+00	-3.395868e+02
7.900000e-07	-1.395696e-07	-4.978431e-09	-1.016436e+00	-3.253429e+02
8.000000e-07	-3.660022e-08	-4.761298e-09	-2.665463e-01	-3.106642e+02
8.100000e-07	6.644160e-08	-4.529035e-09	4.838704e-01	-2.955273e+02
8.200000e-07	1.694927e-07	-4.285828e-09	1.234355e+00	-2.798943e+02
8.300000e-07	2.724350e-07	-4.040273e-09	1.984047e+00	-2.637202e+02
8.400000e-07	3.752482e-07	-3.788332e-09	2.732798e+00	-2.469642e+02
8.500000e-07	4.779697e-07	-3.520967e-09	3.480882e+00	-2.295996e+02
8.600000e-07	5.805502e-07	-3.238795e-09	4.227938e+00	-2.116187e+02
8.700000e-07	6.829240e-07	-2.949321e-09	4.973490e+00	-1.930295e+02
8.800000e-07	7.850440e-07	-2.659373e-09	5.717193e+00	-1.738463e+02
8.900000e-07	8.868485e-07	-2.364550e-09	6.458599e+00	-1.540769e+02
9.000000e-07	9.883068e-07	-2.056822e-09	7.197484e+00	-1.337129e+02
9.100000e-07	1.089448e-06	-1.735713e-09	7.934058e+00	-1.127260e+02
9.200000e-07	1.190265e-06	-1.403994e-09	8.668275e+00	-9.107238e+01
9.300000e-07	1.290731e-06	-1.061264e-09	9.399928e+00	-6.870300e+01
9.400000e-07	1.390767e-06	-7.040635e-10	1.012845e+01	-4.557456e+01
9.500000e-07	1.490200e-06	-3.316995e-10	1.085259e+01	-2.165689e+01
9.600000e-07	1.588905e-06	5.063814e-11	1.157142e+01	3.065928e+00
9.700000e-07	1.686864e-06	4.370580e-10	1.228482e+01	2.860002e+01
9.800000e-07	1.784065e-06	8.312079e-10	1.299270e+01	5.494734e+01
9.900000e-07	1.880486e-06	1.241949e-09	1.369491e+01	8.210690e+01
1.000000e-06	1.976168e-06	1.673142e-09	1.439172e+01	1.100673e+02
1.010000e-06	2.071117e-06	2.115594e-09	1.508320e+01	1.387900e+02
1.020000e-06	2.165299e-06	2.562023e-09	1.576909e+01	1.681876e+02
1.030000e-06	2.258766e-06	3.019178e-09	1.644978e+01	1.981052e+02
1.040000e-06	2.351527e-06	3.486597e-09	1.712533e+01	2.283121e+02
1.050000e-06	2.443467e-06	3.950788e-09	1.779489e+01	2.585114e+02
1.060000e-06	2.534418e-06	4.400547e-09	1.845726e+01	2.883665e+02
1.070000e-06	2.624282e-06	4.836468e-09	1.911171e+01	3.175387e+02
1.080000e-06	2.713095e-06	5.263320e-09	1.975849e+01	3.457275e+02
1.090000e-06	2.800916e-06	5.679263e-09	2.039807e+01	3.727002e+02
1.100000e-06	2.887741e-06	6.071844e-09	2.103038e+01	3.983062e+02
1.110000e-06	2.973508e-06	6.438872e-09	2.165499e+01	4.224716e+02
1.120000e-06	3.058286e-06	6.783151e-09	2.227240e+01	4.451802e+02
1.130000e-06	3.142072e-06	7.106730e-09	2.288258e+01	4.664493e+02
1.140000e-06	3.224676e-06	7.406677e-09	2.348416e+01	4.863095e+02
1.150000e-06	3.305988e-06	7.681789e-09	2.407632e+01	5.047962e+02
1.160000e-06	3.386032e-06	7.938202e-09	2.465926e+01	5.219518e+02
1.170000e-06	3.464836e-06	8.182136e-09	2.523316e+01	5.378366e+02
1.180000e-06	3.542386e-06	8.411466e-09	2.579793e+01	5.525380e+02
1.190000e-06	3.618595e-06	8.620094e-09	2.635293e+01	5.661732e+02
1.200000e-06	3.693249e-06	8.810434e-09	2.689661e+01	5.788800e+02
1.210000e-06	3.766250e-06	8.990070e-09	2.742824e+01	5.907987e+02
1.220000e-06	3.837748e-06	9.163253e-09	2.794894e+01	6.020498e+02
1.230000e-06	3.907853e-06	9.326573e-09	2.845949e+01	6.127175e+02
1.240000e-06	3.976543e-06	9.480573e-09	2.895974e+01	6.228441e+02
1.250000e-06	4.043727e-06	9.627838e-09	2.944901e+01	6.324381e+02
1.260000e-06	4.109232e-06	9.772293e-09	2.992606e+01	6.414915e+02
1.270000e-06	4.173137e-06	9.909559e-09	3.039146e+01	6.500006e+02
1.280000e-06	4.235586e-06	1.003366e-08	3.084625e+01	6.579806e+02
1.290000e-06	4.296596e-06	1.014564e-08	3.129056e+01	6.654697e+02
1.300000e-06	4.356141e-06	1.025414e-08	3.172421e+01	6.725214e+02
1.310000e-06	4.413909e-06	1.036148e-08	3.214491e+01	6.791897e+02
1.320000e-06	4.469850e-06	1.046122e-08	3.255231e+01	6.855150e+02
1.330000e-06	4.524149e-06	1.055069e-08	3.294775e+01	6.915154e+02
1.340000e-06	4.576583e-06	1.063431e-08	3.332961e+01	6.971906e+02
1.350000e-06	4.626892e-06	1.071749e-08	3.369599e+01	7.025335e+02
1.360000e-06	4.675203e-06	1.079839e-08	3.404782e+01	7.075455e+02
1.370000e-06	4.721755e-06	1.087289e-08	3.438685e+01	7.122483e+02
1.380000e-06	4.766690e-06	1.094167e-08	3.471409e+01	7.166857e+02
1.390000e-06	4.809912e-06	1.100813e-08	3.502887e+01	7.209144e+02
1.400000e-06	4.851137e-06	1.107162e-08	3.532909e+01	7.249873e+02
1.410000e-06	4.890529e-06	1.113095e-08	3.561597e+01	7.289357e+02
1.420000e-06	4.928299e-06	1.118662e-08	3.589103e+01	7.327585e+02
1.430000e-06	4.964363e-06	1.124159e-08	3.615367e+01	7.364233e+02
1.440000e-06	4.998422e-06	1.129788e-08	3.640171e+01	7.398781e+02
1.450000e-06	5.030495e-06	1.135343e-08	3.663529e+01	7.430712e+02
1.460000e-06	5.060863e-06	1.140328e-08	3.685645e+01	7.459696e+02
1.470000e-06	5.089541e-06	1.144462e-08	3.706530e+01	7.485700e+02
1.480000e-06	5.116244e-06	1.148020e-08	3.725977e+01	7.508982e+02
1.490000e-06	5.140772e-06	1.151264e-08	3.743840e+01	7.529980e+02
1.500000e-06	5.163356e-06	1.154273e-08	3.760287e+01	7.549150e+02
1.510000e-06	5.184221e-06	1.156828e-08	3.775482e+01	7.566823e+02
1.520000e-06	5.203208e-06	1.159198e-08	3.789310e+01	7.583129e+02
1.530000e-06	5.220067e-06	1.161904e-08	3.801588e+01	7.598029e+02
1.540000e-06	5.234920e-06	1.164672e-08	3.812404e+01	7.611414e+02
1.550000e-06	5.247758e-06	1.167013e-08	3.821754e+01	7.623217e+02
1.560000e-06	5.258328e-06	1.168657e-08	3.829452e+01	7.633494e+02
1.570000e-06	5.266746e-06	1.169879e-08	3.835582e+01	7.642418e+02
1.580000e-06	5.273234e-06	1.171148e-08	3.840307e+01	7.650201e+02
1.590000e-06	5.277854e-06	1.172397e-08	3.843672e+01	7.656970e+02
1.600000e-06	5.280472e-06	1.173313e-08	3.845578e+01	7.662678e+02
1.610000e-06	5.281051e-06	1.174063e-08	3.846000e+01	7.667077e+02
1.620000e-06	5.279802e-06	1.174337e-08	3.845090e+01	7.669790e+02
1.630000e-06	5.276863e-06	1.174355e-08	3.842950e+01	7.670446e+02
1.640000e-06	5.272118e-06	1.174416e-08	3.839494e+01	7.668835e+02
1.650000e-06	5.265367e-06	1.173841e-08	3.834577e+01	7.665001e+02
1.660000e-06	5.256803e-06	1.172708e-08	3.828341e+01	7.659248e+02
1.670000e-06	5.246559e-06	1.171626e-08	3.820881e+01	7.652045e+02
1.680000e-06	5.234387e-06	1.171694e-08	3.812016e+01	7.643865e+02
1.690000e-06	5.220178e-06	1.170241e-08	3.801668e+01	7.635027e+02
1.700000e-06	5.203957e-06	1.160292e-08	3.789855e+01	7.625609e+02
1.710000e-06	5.185265e-06	1.156788e-08	3.776243e+01	7.615452e+02
1.720000e-06	5.163761e-06	1.157558e-08	3.760582e+01	7.604260e+02
1.730000e-06	5.140087e-06	1.158144e-08	3.743341e+01	7.591743e+02
1.740000e-06	5.115238e-06	1.168876e-08	3.725244e+01	7.577743e+02
1.750000e-06	5.089571e-06	1.154919e-08	3.706552e+01	7.562280e+02
1.760000e-06	5.062188e-06	1.146807e-08	3.686610e+01	7.545513e+02
1.770000e-06	5.032425e-06	1.159854e-08	3.664935e+01	7.527623e+02
1.780000e-06	5.000986e-06	1.143410e-08	3.642038e+01	7.508689e+02
1.790000e-06	4.967812e-06	1.142603e-08	3.617879e+01	7.488603e+02
1.800000e-06	4.932796e-06	1.147955e-08	3.592378e+01	7.467077e+02
1.810000e-06	4.896123e-06	1.130789e-08	3.565670e+01	7.443747e+02
1.820000e-06	4.857279e-06	1.138662e-08	3.537382e+01	7.418316e+02
1.830000e-06	4.816545e-06	1.135463e-08	3.507716e+01	7.390703e+02
1.840000e-06	4.774188e-06	1.122623e-08	3.476869e+01	7.361101e+02
1.850000e-06	4.729868e-06	1.124613e-08	3.444593e+01	7.329951e+02
1.860000e-06	4.683823e-06	1.107818e-08	3.411060e+01	7.297802e+02
1.870000e-06	4.635958e-06	1.108933e-08	3.376202e+01	7.265138e+02
1.880000e-06	4.586166e-06	1.108388e-08	3.339940e+01	7.232221e+02
1.890000e-06	4.534542e-06	1.095135e-08	3.302344e+01	7.199014e+02
1.900000e-06	4.480732e-06	1.099624e-08	3.263156e+01	7.165213e+02
1.910000e-06	4.425131e-06	1.088990e-08	3.222664e+01	7.130364e+02
1.920000e-06	4.367973e-06	1.083735e-08	3.181038e+01	7.094020e+02
1.930000e-06	4.309202e-06	1.074728e-08	3.138237e+01	7.055890e+02
1.940000e-06	4.248788e-06	1.064832e-08	3.094240e+01	7.015898e+02
1.950000e-06	4.186515e-06	1.066268e-08	3.048889e+01	6.974173e+02
1.960000e-06	4.122734e-06	1.054178e-08	3.002439e+01	6.930962e+02
1.970000e-06	4.057502e-06	1.054557e-08	2.954933e+01	6.886520e+02
1.980000e-06	3.990777e-06	1.045996e-08	2.906340e+01	6.841020e+02
1.990000e-06	3.922546e-06	1.034170e-08	2.856649e+01	6.794527e+02
2.000000e-06	3.852525e-06	1.030003e-08	2.805655e+01	6.747012e+02
2.010000e-06	3.781004e-06	1.016761e-08	2.753569e+01	6.698414e+02
2.020000e-06	3.708171e-06	1.013440e-08	2.700528e+01	6.648695e+02
2.030000e-06	3.633936e-06	1.003459e-08	2.646465e+01	6.597857e+02
2.040000e-06	3.558183e-06	9.974070e-09	2.591297e+01	6.545918e+02
2.050000e-06	3.480697e-06	9.913369e-09	2.534867e+01	6.492858e+02
2.060000e-06	3.401750e-06	9.809570e-09	2.477373e+01	6.438566e+02
2.070000e-06	3.321651e-06	9.736601e-09	2.419039e+01	6.382819e+02
2.080000e-06	3.240418e-06	9.592899e-09	2.359880e+01	6.325311e+02
2.090000e-06	3.157980e-06	9.523712e-09	2.299844e+01	6.265733e+02
2.100000e-06	3.074443e-06	9.429410e-09	2.239007e+01	6.203860e+02
2.110000e-06	2.989748e-06	9.344942e-09	2.177326e+01	6.139633e+02
2.120000e-06	2.903669e-06	9.252581e-09	2.114638e+01	6.073170e+02
2.130000e-06	2.816366e-06	9.129035e-09	2.051058e+01	6.004734e+02
2.140000e-06	2.728118e-06	9.032653e-09	1.986791e+01	5.934637e+02
2.150000e-06	2.638985e-06	8.905822e-09	1.921878e+01	5.863143e+02
2.160000e-06	2.548860e-06	8.798047e-09	1.856244e+01	5.790386e+02
2.170000e-06	2.457842e-06	8.676715e-09	1.789958e+01	5.716333e+02
2.180000e-06	2.365999e-06	8.569237e-09	1.723072e+01	5.640810e+02
2.190000e-06	2.273283e-06	8.464319e-09	1.655550e+01	5.563556e+02
2.200000e-06	2.179518e-06	8.341055e-09	1.587265e+01	5.484292e+02
2.210000e-06	2.084678e-06	8.211314e-09	1.518196e+01	5.402773e+02
2.220000e-06	1.989053e-06	8.073159e-09	1.448556e+01	5.318806e+02
2.230000e-06	1.892768e-06	7.947228e-09	1.378435e+01	5.232250e+02
2.240000e-06	1.795822e-06	7.814782e-09	1.307832e+01	5.142997e+02
2.250000e-06	1.698260e-06	7.676439e-09	1.236782e+01	5.050962e+02
2.260000e-06	1.600152e-06	7.531693e-09	1.165333e+01	4.956093e+02
2.270000e-06	1.501528e-06	7.385406e-09	1.093509e+01	4.858384e+02
2.280000e-06	1.402433e-06	7.236344e-09	1.021342e+01	4.757887e+02
2.290000e-06	1.302904e-06	7.079818e-09	9.488585e+00	4.654707e+02
2.300000e-06	1.202937e-06	6.912687e-09	8.760555e+00	4.548953e+02
2.310000e-06	1.102543e-06	6.744277e-09	8.029424e+00	4.440685e+02
2.320000e-06	1.001693e-06	6.578487e-09	7.294971e+00	4.329846e+02
2.330000e-06	9.003875e-07	6.409258e-09	6.557199e+00	4.216234e+02
2.340000e-06	7.986774e-07	6.232438e-09	5.816481e+00	4.099517e+02
2.350000e-06	6.965822e-07	6.045744e-09	5.072958e+00	3.979297e+02
2.360000e-06	5.941012e-07	5.857043e-09	4.326626e+00	3.855202e+02
2.370000e-06	4.913184e-07	5.663584e-09	3.578096e+00	3.726964e+02
2.380000e-06	3.883511e-07	5.462411e-09	2.828222e+00	3.594455e+02
2.390000e-06	2.852344e-07	5.249983e-09	2.077260e+00	3.457661e+02
2.400000e-06	1.819961e-07	5.033247e-09	1.325413e+00	3.316604e+02
2.410000e-06	7.870759e-08	4.814649e-09	5.731991e-01	3.171240e+02
2.420000e-06	-2.459447e-08	4.591199e-09	-1.791127e-01	3.021387e+02
2.430000e-06	-1.278978e-07	4.355990e-09	-9.314338e-01	2.866707e+02
2.440000e-06	-2.311395e-07	4.108145e-09	-1.683306e+00	2.706763e+02
2.450000e-06	-3.342712e-07	3.856034e-09	-2.434377e+00	2.541119e+02
2.460000e-06	-4.372914e-07	3.595566e-09	-3.184636e+00	2.369455e+02
2.470000e-06	-5.400972e-07	3.326138e-09	-3.933334e+00	2.191632e+02
2.480000e-06	-6.426051e-07	3.046040e-09	-4.679862e+00	2.007688e+02
2.490000e-06	-7.448203e-07	2.756764e-09	-5.424259e+00	1.817760e+02
2.500000e-06	-8.466665e-07	2.461413e-09	-6.165968e+00	1.621958e+02
2.510000e-06	-9.480653e-07	2.156044e-09	-6.904420e+00	1.420259e+02
2.520000e-06	-1.049015e-06	1.837934e-09	-7.639599e+00	1.212442e+02
2.530000e-06	-1.149510e-06	1.505778e-09	-8.371468e+00	9.981104e+01
2.540000e-06	-1.249527e-06	1.165137e-09	-9.099860e+00	7.767775e+01
2.550000e-06	-1.349101e-06	8.202545e-10	-9.825016e+00	5.479810e+01
2.560000e-06	-1.448155e-06	4.681872e-10	-1.054639e+01	3.113730e+01
2.570000e-06	-1.546690e-06	1.010171e-10	-1.126399e+01	6.675101e+00
2.580000e-06	-1.644758e-06	-2.855580e-10	-1.197818e+01	-1.859709e+01
2.590000e-06	-1.742206e-06	-6.857811e-10	-1.268786e+01	-4.468211e+01
2.600000e-06	-1.838970e-06	-1.096878e-09	-1.339256e+01	-7.158027e+01
2.610000e-06	-1.935110e-06	-1.519156e-09	-1.409271e+01	-9.928491e+01
2.620000e-06	-2.030664e-06	-1.953366e-09	-1.478860e+01	-1.277685e+02
2.630000e-06	-2.125510e-06	-2.399202e-09	-1.547932e+01	-1.569618e+02
2.640000e-06	-2.219509e-06	-2.851313e-09	-1.616389e+01	-1.867329e+02
2.650000e-06	-2.312515e-06	-3.307892e-09	-1.684122e+01	-2.168756e+02
2.660000e-06	-2.404448e-06	-3.767335e-09	-1.751073e+01	-2.471120e+02
2.670000e-06	-2.495432e-06	-4.226945e-09	-1.817333e+01	-2.771146e+02
2.680000e-06	-2.585553e-06	-4.680639e-09	-1.882965e+01	-3.065409e+02
2.690000e-06	-2.674732e-06	-5.118285e-09	-1.947911e+01	-3.350740e+02
2.700000e-06	-2.762935e-06	-5.535442e-09	-2.012146e+01	-3.624572e+02
2.710000e-06	-2.850217e-06	-5.931816e-09	-2.075711e+01	-3.885131e+02
2.720000e-06	-2.936482e-06	-6.309314e-09	-2.138534e+01	-4.131448e+02
2.730000e-06	-3.021505e-06	-6.666714e-09	-2.200453e+01	-4.363201e+02
2.740000e-06	-3.105214e-06	-7.000392e-09	-2.261416e+01	-4.580481e+02
2.750000e-06	-3.187807e-06	-7.310418e-09	-2.321566e+01	-4.783567e+02
2.760000e-06	-3.269324e-06	-7.601239e-09	-2.380931e+01	-4.972799e+02
2.770000e-06	-3.349715e-06	-7.873593e-09	-2.439477e+01	-5.148571e+02
2.780000e-06	-3.428891e-06	-8.124007e-09	-2.497138e+01	-5.311415e+02
2.790000e-06	-3.506621e-06	-8.352402e-09	-2.553746e+01	-5.462110e+02
2.800000e-06	-3.582803e-06	-8.562504e-09	-2.609227e+01	-5.601738e+02
2.810000e-06	-3.657530e-06	-8.761612e-09	-2.663648e+01	-5.731626e+02
2.820000e-06	-3.730840e-06	-8.950375e-09	-2.717037e+01	-5.853193e+02
2.830000e-06	-3.802764e-06	-9.127654e-09	-2.769417e+01	-5.967730e+02
2.840000e-06	-3.873318e-06	-9.292983e-09	-2.820799e+01	-6.076208e+02
2.850000e-06	-3.942211e-06	-9.447358e-09	-2.870970e+01	-6.179182e+02
2.860000e-06	-4.009516e-06	-9.594149e-09	-2.919987e+01	-6.276831e+02
2.870000e-06	-4.075442e-06	-9.731649e-09	-2.967998e+01	-6.369105e+02
2.880000e-06	-4.139927e-06	-9.857510e-09	-3.014960e+01	-6.455932e+02
2.890000e-06	-4.202959e-06	-9.975475e-09	-3.060864e+01	-6.537393e+02
2.900000e-06	-4.264284e-06	-1.009013e-08	-3.105525e+01	-6.613801e+02
2.910000e-06	-4.323801e-06	-1.020024e-08	-3.148869e+01	-6.685653e+02
2.920000e-06	-4.381721e-06	-1.030644e-08	-3.191050e+01	-6.753508e+02
2.930000e-06	-4.438161e-06	-1.040598e-08	-3.232153e+01	-6.817824e+02
2.940000e-06	-4.492939e-06	-1.049608e-08	-3.272046e+01	-6.878857e+02
2.950000e-06	-4.545716e-06	-1.057903e-08	-3.310482e+01	-6.936654e+02
2.960000e-06	-4.596486e-06	-1.065743e-08	-3.347456e+01	-6.991149e+02
2.970000e-06	-4.645298e-06	-1.073345e-08	-3.383004e+01	-7.042312e+02
2.980000e-06	-4.692087e-06	-1.080640e-08	-3.417079e+01	-7.090288e+02
2.990000e-06	-4.737070e-06	-1.087635e-08	-3.449838e+01	-7.135447e+02
3.000000e-06	-4.780506e-06	-1.094324e-08	-3.481471e+01	-7.178334e+02
3.010000e-06	-4.822389e-06	-1.100806e-08	-3.511973e+01	-7.219508e+02
3.020000e-06	-4.862648e-06	-1.106874e-08	-3.541292e+01	-7.259368e+02
3.030000e-06	-4.901193e-06	-1.112487e-08	-3.569363e+01	-7.298015e+02
3.040000e-06	-4.937766e-06	-1.117729e-08	-3.595997e+01	-7.335213e+02
3.050000e-06	-4.972383e-06	-1.122462e-08	-3.621208e+01	-7.370488e+02
3.060000e-06	-5.005242e-06	-1.127049e-08	-3.645138e+01	-7.403300e+02
3.070000e-06	-5.036305e-06	-1.131683e-08	-3.667760e+01	-7.433243e+02
3.080000e-06	-5.065332e-06	-1.135872e-08	-3.688899e+01	-7.460181e+02
3.090000e-06	-5.092411e-06	-1.139422e-08	-3.708620e+01	-7.484287e+02
3.100000e-06	-5.117709e-06	-1.142736e-08	-3.727044e+01	-7.505959e+02
3.110000e-06	-5.141119e-06	-1.145768e-08	-3.744093e+01	-7.525664e+02
3.120000e-06	-5.162472e-06	-1.148258e-08	-3.759643e+01	-7.543786e+02
3.130000e-06	-5.181832e-06	-1.150220e-08	-3.773742e+01	-7.560521e+02
3.140000e-06	-5.199358e-06	-1.151891e-08	-3.786506e+01	-7.575876e+02
3.150000e-06	-5.214973e-06	-1.153698e-08	-3.797877e+01	-7.589751e+02
3.160000e-06	-5.228410e-06	-1.155818e-08	-3.807663e+01	-7.602055e+02
3.170000e-06	-5.239619e-06	-1.157743e-08	-3.815826e+01	-7.612800e+02
3.180000e-06	-5.248848e-06	-1.159046e-08	-3.822547e+01	-7.622128e+02
3.190000e-06	-5.256117e-06	-1.160016e-08	-3.827842e+01	-7.630249e+02
3.200000e-06	-5.261281e-06	-1.160980e-08	-3.831602e+01	-7.637331e+02
3.210000e-06	-5.264482e-06	-1.161542e-08	-3.833933e+01	-7.643390e+02
3.220000e-06	-5.265892e-06	-1.161463e-08	-3.834960e+01	-7.648239e+02
