# Temperatura_=_44.22
# Concentracion g/m^3_=_18600.0
# C_Vs_to_Am_M_A/Vsm_=_65563218390.804596
# pendiente_HvsI_1/m_=_3716.3
# ordenada_HvsI_A/m_=_1297.0
# frecuencia_Hz_=_309976.80357228563

Tiempo_(s)	Campo_(V.s)	Magnetizacion_(V.s)	Campo_(kA/m)	Magnetizacion_(A/m)
0.000000e+00	-5.252486e-06	-1.044363e-08	-3.834929e+01	-6.877182e+02
1.000000e-08	-5.250577e-06	-1.045193e-08	-3.833535e+01	-6.879970e+02
2.000000e-08	-5.246682e-06	-1.045930e-08	-3.830691e+01	-6.881010e+02
3.000000e-08	-5.241063e-06	-1.046386e-08	-3.826588e+01	-6.880281e+02
4.000000e-08	-5.233791e-06	-1.046004e-08	-3.821279e+01	-6.878028e+02
5.000000e-08	-5.224801e-06	-1.044915e-08	-3.814715e+01	-6.874625e+02
6.000000e-08	-5.213751e-06	-1.043731e-08	-3.806647e+01	-6.870366e+02
7.000000e-08	-5.200627e-06	-1.042080e-08	-3.797065e+01	-6.865297e+02
8.000000e-08	-5.185455e-06	-1.043130e-08	-3.785988e+01	-6.859164e+02
9.000000e-08	-5.167889e-06	-1.048326e-08	-3.773163e+01	-6.851524e+02
1.000000e-07	-5.148075e-06	-1.047143e-08	-3.758696e+01	-6.841960e+02
1.100000e-07	-5.126261e-06	-1.042969e-08	-3.742769e+01	-6.830315e+02
1.200000e-07	-5.102724e-06	-1.040630e-08	-3.725584e+01	-6.816828e+02
1.300000e-07	-5.077847e-06	-1.028723e-08	-3.707421e+01	-6.802109e+02
1.400000e-07	-5.051410e-06	-1.030136e-08	-3.688119e+01	-6.786932e+02
1.500000e-07	-5.023048e-06	-1.035978e-08	-3.667412e+01	-6.771939e+02
1.600000e-07	-4.992963e-06	-1.020894e-08	-3.645446e+01	-6.757364e+02
1.700000e-07	-4.961213e-06	-1.026136e-08	-3.622265e+01	-6.742902e+02
1.800000e-07	-4.927300e-06	-1.030147e-08	-3.597505e+01	-6.727778e+02
1.900000e-07	-4.891487e-06	-1.016959e-08	-3.571357e+01	-6.711005e+02
2.000000e-07	-4.854249e-06	-1.020865e-08	-3.544169e+01	-6.691732e+02
2.100000e-07	-4.815229e-06	-1.015106e-08	-3.515680e+01	-6.669538e+02
2.200000e-07	-4.774270e-06	-1.005153e-08	-3.485775e+01	-6.644575e+02
2.300000e-07	-4.731251e-06	-1.006248e-08	-3.454366e+01	-6.617482e+02
2.400000e-07	-4.686330e-06	-1.001872e-08	-3.421569e+01	-6.589131e+02
2.500000e-07	-4.639773e-06	-1.000033e-08	-3.387576e+01	-6.560302e+02
2.600000e-07	-4.591278e-06	-9.955411e-09	-3.352169e+01	-6.531413e+02
2.700000e-07	-4.540600e-06	-9.893088e-09	-3.315168e+01	-6.502426e+02
2.800000e-07	-4.487832e-06	-9.866530e-09	-3.276642e+01	-6.472933e+02
2.900000e-07	-4.433245e-06	-9.804814e-09	-3.236787e+01	-6.442398e+02
3.000000e-07	-4.377085e-06	-9.760631e-09	-3.195783e+01	-6.410415e+02
3.100000e-07	-4.319182e-06	-9.696673e-09	-3.153507e+01	-6.376890e+02
3.200000e-07	-4.259439e-06	-9.661399e-09	-3.109888e+01	-6.342052e+02
3.300000e-07	-4.198103e-06	-9.623963e-09	-3.065105e+01	-6.306308e+02
3.400000e-07	-4.135260e-06	-9.547595e-09	-3.019223e+01	-6.270006e+02
3.500000e-07	-4.070958e-06	-9.506166e-09	-2.972275e+01	-6.233229e+02
3.600000e-07	-4.005036e-06	-9.430738e-09	-2.924144e+01	-6.195710e+02
3.700000e-07	-3.937425e-06	-9.376182e-09	-2.874780e+01	-6.156920e+02
3.800000e-07	-3.868323e-06	-9.337672e-09	-2.824328e+01	-6.116282e+02
3.900000e-07	-3.797870e-06	-9.268208e-09	-2.772889e+01	-6.073430e+02
4.000000e-07	-3.726147e-06	-9.201812e-09	-2.720523e+01	-6.028384e+02
4.100000e-07	-3.653054e-06	-9.119983e-09	-2.667156e+01	-5.981570e+02
4.200000e-07	-3.578344e-06	-9.051679e-09	-2.612609e+01	-5.933659e+02
4.300000e-07	-3.502009e-06	-8.977947e-09	-2.556876e+01	-5.885299e+02
4.400000e-07	-3.424220e-06	-8.906619e-09	-2.500081e+01	-5.836854e+02
4.500000e-07	-3.344948e-06	-8.832316e-09	-2.442203e+01	-5.788244e+02
4.600000e-07	-3.264173e-06	-8.755383e-09	-2.383227e+01	-5.738973e+02
4.700000e-07	-3.182085e-06	-8.695586e-09	-2.323294e+01	-5.688322e+02
4.800000e-07	-3.098919e-06	-8.615079e-09	-2.262573e+01	-5.635620e+02
4.900000e-07	-3.014779e-06	-8.527095e-09	-2.201141e+01	-5.580493e+02
5.000000e-07	-2.929678e-06	-8.432783e-09	-2.139007e+01	-5.522974e+02
5.100000e-07	-2.843571e-06	-8.344024e-09	-2.076139e+01	-5.463440e+02
5.200000e-07	-2.756500e-06	-8.258551e-09	-2.012567e+01	-5.402409e+02
5.300000e-07	-2.668609e-06	-8.165418e-09	-1.948396e+01	-5.340289e+02
5.400000e-07	-2.579683e-06	-8.067879e-09	-1.883470e+01	-5.277186e+02
5.500000e-07	-2.489445e-06	-7.967430e-09	-1.817586e+01	-5.212864e+02
5.600000e-07	-2.398071e-06	-7.875790e-09	-1.750872e+01	-5.146853e+02
5.700000e-07	-2.305858e-06	-7.776890e-09	-1.683546e+01	-5.078671e+02
5.800000e-07	-2.212880e-06	-7.663894e-09	-1.615661e+01	-5.008045e+02
5.900000e-07	-2.119096e-06	-7.543748e-09	-1.547187e+01	-4.935035e+02
6.000000e-07	-2.024548e-06	-7.430488e-09	-1.478157e+01	-4.860006e+02
6.100000e-07	-1.929313e-06	-7.320865e-09	-1.408624e+01	-4.783467e+02
6.200000e-07	-1.833407e-06	-7.199935e-09	-1.338601e+01	-4.705833e+02
6.300000e-07	-1.736852e-06	-7.073795e-09	-1.268105e+01	-4.627227e+02
6.400000e-07	-1.639521e-06	-6.952126e-09	-1.197042e+01	-4.547400e+02
6.500000e-07	-1.541396e-06	-6.834757e-09	-1.125399e+01	-4.465805e+02
6.600000e-07	-1.442520e-06	-6.708481e-09	-1.053208e+01	-4.381782e+02
6.700000e-07	-1.342971e-06	-6.567879e-09	-9.805256e+00	-4.294785e+02
6.800000e-07	-1.242929e-06	-6.422404e-09	-9.074836e+00	-4.204546e+02
6.900000e-07	-1.142509e-06	-6.281520e-09	-8.341650e+00	-4.111109e+02
7.000000e-07	-1.041768e-06	-6.141265e-09	-7.606126e+00	-4.014741e+02
7.100000e-07	-9.406879e-07	-5.991599e-09	-6.868120e+00	-3.915756e+02
7.200000e-07	-8.392695e-07	-5.832029e-09	-6.127648e+00	-3.814340e+02
7.300000e-07	-7.375779e-07	-5.672894e-09	-5.385181e+00	-3.710459e+02
7.400000e-07	-6.356471e-07	-5.515492e-09	-4.640966e+00	-3.603879e+02
7.500000e-07	-5.334831e-07	-5.349051e-09	-3.895050e+00	-3.494286e+02
7.600000e-07	-4.311162e-07	-5.168231e-09	-3.147652e+00	-3.381431e+02
7.700000e-07	-3.285675e-07	-4.984616e-09	-2.398926e+00	-3.265238e+02
7.800000e-07	-2.258943e-07	-4.806289e-09	-1.649293e+00	-3.145799e+02
7.900000e-07	-1.231386e-07	-4.627640e-09	-8.990553e-01	-3.023268e+02
8.000000e-07	-2.036316e-08	-4.441159e-09	-1.486748e-01	-2.897703e+02
8.100000e-07	8.241010e-08	-4.240695e-09	6.016900e-01	-2.768921e+02
8.200000e-07	1.851962e-07	-4.034264e-09	1.352148e+00	-2.636450e+02
8.300000e-07	2.879216e-07	-3.827360e-09	2.102164e+00	-2.499613e+02
8.400000e-07	3.905287e-07	-3.611594e-09	2.851316e+00	-2.357702e+02
8.500000e-07	4.930075e-07	-3.380684e-09	3.599531e+00	-2.210201e+02
8.600000e-07	5.953511e-07	-3.140113e-09	4.346758e+00	-2.056930e+02
8.700000e-07	6.974911e-07	-2.899860e-09	5.092500e+00	-1.898084e+02
8.800000e-07	7.993284e-07	-2.659044e-09	5.836031e+00	-1.734126e+02
8.900000e-07	9.008382e-07	-2.410429e-09	6.577171e+00	-1.565588e+02
9.000000e-07	1.002017e-06	-2.146954e-09	7.315898e+00	-1.392857e+02
9.100000e-07	1.102881e-06	-1.873354e-09	8.052323e+00	-1.216036e+02
9.200000e-07	1.203412e-06	-1.597871e-09	8.786314e+00	-1.034921e+02
9.300000e-07	1.303573e-06	-1.315583e-09	9.517608e+00	-8.491046e+01
9.400000e-07	1.403350e-06	-1.019677e-09	1.024610e+01	-6.581314e+01
9.500000e-07	1.502514e-06	-7.127639e-10	1.097011e+01	-4.616453e+01
9.600000e-07	1.600855e-06	-4.040634e-10	1.168811e+01	-2.594546e+01
9.700000e-07	1.698344e-06	-9.479642e-11	1.239989e+01	-5.149672e+00
9.800000e-07	1.795049e-06	2.242719e-10	1.310596e+01	1.622661e+01
9.900000e-07	1.891134e-06	5.608146e-10	1.380749e+01	3.819500e+01
1.000000e-06	1.986545e-06	9.121623e-10	1.450410e+01	6.077784e+01
1.010000e-06	2.081168e-06	1.270381e-09	1.519496e+01	8.399952e+01
1.020000e-06	2.175012e-06	1.634807e-09	1.588013e+01	1.078675e+02
1.030000e-06	2.268130e-06	2.010797e-09	1.656000e+01	1.323494e+02
1.040000e-06	2.360579e-06	2.397613e-09	1.723499e+01	1.573557e+02
1.050000e-06	2.452271e-06	2.786729e-09	1.790444e+01	1.827346e+02
1.060000e-06	2.542833e-06	3.171651e-09	1.856565e+01	2.082837e+02
1.070000e-06	2.632114e-06	3.555215e-09	1.921751e+01	2.337733e+02
1.080000e-06	2.720377e-06	3.940181e-09	1.986193e+01	2.589757e+02
1.090000e-06	2.807725e-06	4.321467e-09	2.049967e+01	2.836891e+02
1.100000e-06	2.894069e-06	4.689045e-09	2.113008e+01	3.077503e+02
1.110000e-06	2.979393e-06	5.041960e-09	2.175305e+01	3.310333e+02
1.120000e-06	3.063827e-06	5.383185e-09	2.236951e+01	3.534396e+02
1.130000e-06	3.147248e-06	5.712564e-09	2.297859e+01	3.748850e+02
1.140000e-06	3.229362e-06	6.024127e-09	2.357811e+01	3.952934e+02
1.150000e-06	3.310205e-06	6.314900e-09	2.416836e+01	4.145993e+02
1.160000e-06	3.389826e-06	6.587986e-09	2.474969e+01	4.327587e+02
1.170000e-06	3.468174e-06	6.846547e-09	2.532172e+01	4.497623e+02
1.180000e-06	3.545242e-06	7.090489e-09	2.588441e+01	4.656432e+02
1.190000e-06	3.620973e-06	7.314917e-09	2.643733e+01	4.804731e+02
1.200000e-06	3.695088e-06	7.521278e-09	2.697846e+01	4.943474e+02
1.210000e-06	3.767582e-06	7.715987e-09	2.750775e+01	5.073628e+02
1.220000e-06	3.838660e-06	7.902978e-09	2.802671e+01	5.195960e+02
1.230000e-06	3.908309e-06	8.080261e-09	2.853522e+01	5.310934e+02
1.240000e-06	3.976647e-06	8.246687e-09	2.903417e+01	5.418733e+02
1.250000e-06	4.043468e-06	8.402687e-09	2.952204e+01	5.519418e+02
1.260000e-06	4.108523e-06	8.551753e-09	2.999702e+01	5.613140e+02
1.270000e-06	4.172003e-06	8.689797e-09	3.046049e+01	5.700310e+02
1.280000e-06	4.234013e-06	8.812807e-09	3.091324e+01	5.781646e+02
1.290000e-06	4.294662e-06	8.925033e-09	3.135605e+01	5.858078e+02
1.300000e-06	4.353815e-06	9.036059e-09	3.178794e+01	5.930547e+02
1.310000e-06	4.411121e-06	9.148053e-09	3.220633e+01	5.999765e+02
1.320000e-06	4.466672e-06	9.254281e-09	3.261193e+01	6.066072e+02
1.330000e-06	4.520541e-06	9.352424e-09	3.300523e+01	6.129411e+02
1.340000e-06	4.572500e-06	9.442856e-09	3.338459e+01	6.189467e+02
1.350000e-06	4.622309e-06	9.529096e-09	3.374826e+01	6.245888e+02
1.360000e-06	4.670158e-06	9.611640e-09	3.409761e+01	6.298505e+02
1.370000e-06	4.716366e-06	9.686800e-09	3.443498e+01	6.347454e+02
1.380000e-06	4.761029e-06	9.754797e-09	3.476108e+01	6.393161e+02
1.390000e-06	4.803872e-06	9.820229e-09	3.507388e+01	6.436192e+02
1.400000e-06	4.844692e-06	9.885177e-09	3.537191e+01	6.477050e+02
1.410000e-06	4.883753e-06	9.947713e-09	3.565710e+01	6.516008e+02
1.420000e-06	4.921178e-06	1.000357e-08	3.593035e+01	6.553054e+02
1.430000e-06	4.956879e-06	1.005482e-08	3.619101e+01	6.587965e+02
1.440000e-06	4.990586e-06	1.010641e-08	3.643711e+01	6.620481e+02
1.450000e-06	5.022382e-06	1.015875e-08	3.666925e+01	6.650485e+02
1.460000e-06	5.052436e-06	1.020639e-08	3.688868e+01	6.678110e+02
1.470000e-06	5.080729e-06	1.024563e-08	3.709526e+01	6.703718e+02
1.480000e-06	5.106973e-06	1.028059e-08	3.728687e+01	6.727757e+02
1.490000e-06	5.131075e-06	1.031669e-08	3.746284e+01	6.750566e+02
1.500000e-06	5.153315e-06	1.035334e-08	3.762522e+01	6.772218e+02
1.510000e-06	5.173837e-06	1.038483e-08	3.777506e+01	6.792472e+02
1.520000e-06	5.192503e-06	1.041140e-08	3.791134e+01	6.810876e+02
1.530000e-06	5.209088e-06	1.043691e-08	3.803243e+01	6.826959e+02
1.540000e-06	5.223654e-06	1.046185e-08	3.813878e+01	6.840457e+02
1.550000e-06	5.236143e-06	1.048459e-08	3.822996e+01	6.851448e+02
1.560000e-06	5.246351e-06	1.050127e-08	3.830449e+01	6.860352e+02
1.570000e-06	5.254442e-06	1.051201e-08	3.836356e+01	6.867789e+02
1.580000e-06	5.260642e-06	1.052114e-08	3.840883e+01	6.874344e+02
1.590000e-06	5.265014e-06	1.053039e-08	3.844075e+01	6.880362e+02
1.600000e-06	5.267362e-06	1.053879e-08	3.845789e+01	6.885836e+02
1.610000e-06	5.267650e-06	1.054493e-08	3.846000e+01	6.890450e+02
1.620000e-06	5.266151e-06	1.054603e-08	3.844905e+01	6.893755e+02
1.630000e-06	5.262979e-06	1.055159e-08	3.842589e+01	6.895383e+02
1.640000e-06	5.257934e-06	1.055710e-08	3.838906e+01	6.895216e+02
1.650000e-06	5.250861e-06	1.055529e-08	3.833742e+01	6.893423e+02
1.660000e-06	5.242082e-06	1.054819e-08	3.827332e+01	6.890359e+02
1.670000e-06	5.231633e-06	1.054273e-08	3.819704e+01	6.886365e+02
1.680000e-06	5.219240e-06	1.055294e-08	3.810655e+01	6.881579e+02
1.690000e-06	5.204807e-06	1.050444e-08	3.800117e+01	6.875840e+02
1.700000e-06	5.188301e-06	1.042590e-08	3.788066e+01	6.868746e+02
1.710000e-06	5.169265e-06	1.042615e-08	3.774167e+01	6.859843e+02
1.720000e-06	5.147415e-06	1.041823e-08	3.758214e+01	6.848870e+02
1.730000e-06	5.123482e-06	1.048404e-08	3.740741e+01	6.835933e+02
1.740000e-06	5.098542e-06	1.049841e-08	3.722531e+01	6.821537e+02
1.750000e-06	5.072771e-06	1.033122e-08	3.703716e+01	6.806433e+02
1.760000e-06	5.045061e-06	1.039965e-08	3.683484e+01	6.791340e+02
1.770000e-06	5.014982e-06	1.040634e-08	3.661523e+01	6.776647e+02
1.780000e-06	4.983310e-06	1.025884e-08	3.638398e+01	6.762224e+02
1.790000e-06	4.949889e-06	1.036022e-08	3.613997e+01	6.747426e+02
1.800000e-06	4.914730e-06	1.029218e-08	3.588327e+01	6.731298e+02
1.810000e-06	4.877856e-06	1.019884e-08	3.561404e+01	6.712909e+02
1.820000e-06	4.838740e-06	1.029961e-08	3.532845e+01	6.691674e+02
1.830000e-06	4.797833e-06	1.020323e-08	3.502979e+01	6.667560e+02
1.840000e-06	4.755273e-06	1.017047e-08	3.471904e+01	6.641070e+02
1.850000e-06	4.710770e-06	1.012232e-08	3.439413e+01	6.613037e+02
1.860000e-06	4.664613e-06	1.000130e-08	3.405712e+01	6.584303e+02
1.870000e-06	4.616584e-06	1.005364e-08	3.370646e+01	6.555425e+02
1.880000e-06	4.566666e-06	9.953534e-09	3.334200e+01	6.526509e+02
1.890000e-06	4.514895e-06	9.917960e-09	3.296400e+01	6.497246e+02
1.900000e-06	4.460931e-06	9.914609e-09	3.257000e+01	6.467110e+02
1.910000e-06	4.405213e-06	9.820129e-09	3.216320e+01	6.435629e+02
1.920000e-06	4.347932e-06	9.808651e-09	3.174498e+01	6.402598e+02
1.930000e-06	4.289092e-06	9.686463e-09	3.131539e+01	6.368151e+02
1.940000e-06	4.228557e-06	9.661004e-09	3.087341e+01	6.332661e+02
1.950000e-06	4.166123e-06	9.616089e-09	3.041756e+01	6.296522e+02
1.960000e-06	4.102162e-06	9.540731e-09	2.995057e+01	6.259919e+02
1.970000e-06	4.036772e-06	9.544919e-09	2.947315e+01	6.222696e+02
1.980000e-06	3.970007e-06	9.423378e-09	2.898569e+01	6.184390e+02
1.990000e-06	3.901667e-06	9.378280e-09	2.848672e+01	6.144410e+02
2.000000e-06	3.831534e-06	9.299719e-09	2.797467e+01	6.102297e+02
2.010000e-06	3.759965e-06	9.223967e-09	2.745213e+01	6.057937e+02
2.020000e-06	3.687079e-06	9.178474e-09	2.691998e+01	6.011634e+02
2.030000e-06	3.612841e-06	9.072650e-09	2.637796e+01	5.964007e+02
2.040000e-06	3.537054e-06	9.031080e-09	2.582462e+01	5.915742e+02
2.050000e-06	3.459590e-06	8.944630e-09	2.525905e+01	5.867320e+02
2.060000e-06	3.380681e-06	8.886885e-09	2.468292e+01	5.818808e+02
2.070000e-06	3.300573e-06	8.793889e-09	2.409804e+01	5.769832e+02
2.080000e-06	3.219311e-06	8.697082e-09	2.350473e+01	5.719715e+02
2.090000e-06	3.136894e-06	8.633775e-09	2.290299e+01	5.667740e+02
2.100000e-06	3.053402e-06	8.538148e-09	2.229340e+01	5.613418e+02
2.110000e-06	2.968650e-06	8.469010e-09	2.167462e+01	5.556649e+02
2.120000e-06	2.882594e-06	8.360736e-09	2.104631e+01	5.497717e+02
2.130000e-06	2.795437e-06	8.276222e-09	2.040996e+01	5.437122e+02
2.140000e-06	2.707305e-06	8.184003e-09	1.976649e+01	5.375332e+02
2.150000e-06	2.618221e-06	8.087302e-09	1.911607e+01	5.312564e+02
2.160000e-06	2.528154e-06	7.986452e-09	1.845848e+01	5.248687e+02
2.170000e-06	2.437198e-06	7.870015e-09	1.779439e+01	5.183284e+02
2.180000e-06	2.345443e-06	7.779085e-09	1.712447e+01	5.115853e+02
2.190000e-06	2.252819e-06	7.672918e-09	1.644821e+01	5.046033e+02
2.200000e-06	2.159128e-06	7.567569e-09	1.576415e+01	4.973770e+02
2.210000e-06	2.064368e-06	7.444879e-09	1.507230e+01	4.899346e+02
2.220000e-06	1.968820e-06	7.329504e-09	1.437468e+01	4.823247e+02
2.230000e-06	1.872690e-06	7.220561e-09	1.367283e+01	4.745943e+02
2.240000e-06	1.775935e-06	7.101355e-09	1.296640e+01	4.667668e+02
2.250000e-06	1.678515e-06	6.979261e-09	1.225512e+01	4.588291e+02
2.260000e-06	1.580519e-06	6.850778e-09	1.153963e+01	4.507345e+02
2.270000e-06	1.481982e-06	6.727615e-09	1.082020e+01	4.424180e+02
2.280000e-06	1.383010e-06	6.599589e-09	1.009759e+01	4.338193e+02
2.290000e-06	1.283676e-06	6.464373e-09	9.372337e+00	4.249015e+02
2.300000e-06	1.184002e-06	6.318332e-09	8.644601e+00	4.156593e+02
2.310000e-06	1.083939e-06	6.172003e-09	7.914020e+00	4.061140e+02
2.320000e-06	9.833535e-07	6.028341e-09	7.179629e+00	3.962976e+02
2.330000e-06	8.822888e-07	5.878573e-09	6.441739e+00	3.862343e+02
2.340000e-06	7.808341e-07	5.719981e-09	5.701001e+00	3.759281e+02
2.350000e-06	6.790077e-07	5.553887e-09	4.957549e+00	3.653611e+02
2.360000e-06	5.768094e-07	5.389241e-09	4.211382e+00	3.545029e+02
2.370000e-06	4.743131e-07	5.223970e-09	3.463040e+00	3.433249e+02
2.380000e-06	3.716234e-07	5.049129e-09	2.713285e+00	3.318135e+02
2.390000e-06	2.687263e-07	4.864636e-09	1.962016e+00	3.199731e+02
2.400000e-06	1.657338e-07	4.677158e-09	1.210050e+00	3.078189e+02
2.410000e-06	6.275124e-08	4.488676e-09	4.581574e-01	2.953615e+02
2.420000e-06	-4.027812e-08	4.297078e-09	-2.940773e-01	2.825914e+02
2.430000e-06	-1.432970e-07	4.095417e-09	-1.046235e+00	2.694704e+02
2.440000e-06	-2.462575e-07	3.886018e-09	-1.797967e+00	2.559359e+02
2.450000e-06	-3.491594e-07	3.673435e-09	-2.549271e+00	2.419158e+02
2.460000e-06	-4.519599e-07	3.455264e-09	-3.299835e+00	2.273501e+02
2.470000e-06	-5.545190e-07	3.227146e-09	-4.048636e+00	2.122089e+02
2.480000e-06	-6.567428e-07	2.984994e-09	-4.794989e+00	1.965003e+02
2.490000e-06	-7.586294e-07	2.734422e-09	-5.538881e+00	1.802638e+02
2.500000e-06	-8.600790e-07	2.479355e-09	-6.279581e+00	1.635529e+02
2.510000e-06	-9.609912e-07	2.219039e-09	-7.016358e+00	1.464128e+02
2.520000e-06	-1.061399e-06	1.948017e-09	-7.749450e+00	1.288639e+02
2.530000e-06	-1.161389e-06	1.667995e-09	-8.479496e+00	1.108950e+02
2.540000e-06	-1.261000e-06	1.385917e-09	-9.206770e+00	9.247051e+01
2.550000e-06	-1.360203e-06	1.101486e-09	-9.931074e+00	7.354444e+01
2.560000e-06	-1.458952e-06	8.101905e-10	-1.065206e+01	5.407683e+01
2.570000e-06	-1.557189e-06	5.061083e-10	-1.136930e+01	3.404316e+01
2.580000e-06	-1.654878e-06	1.903704e-10	-1.208255e+01	1.343394e+01
2.590000e-06	-1.751995e-06	-1.339342e-10	-1.279161e+01	-7.754113e+00
2.600000e-06	-1.848439e-06	-4.660619e-10	-1.349576e+01	-2.952930e+01
2.610000e-06	-1.944234e-06	-8.083577e-10	-1.419518e+01	-5.191087e+01
2.620000e-06	-2.039515e-06	-1.161075e-09	-1.489084e+01	-7.492421e+01
2.630000e-06	-2.134165e-06	-1.521588e-09	-1.558190e+01	-9.858470e+01
2.640000e-06	-2.227880e-06	-1.885543e-09	-1.626613e+01	-1.228751e+02
2.650000e-06	-2.320465e-06	-2.256258e-09	-1.694211e+01	-1.477256e+02
2.660000e-06	-2.412006e-06	-2.639017e-09	-1.761046e+01	-1.730039e+02
2.670000e-06	-2.502637e-06	-3.030222e-09	-1.827217e+01	-1.985217e+02
2.680000e-06	-2.592353e-06	-3.424716e-09	-1.892721e+01	-2.240550e+02
2.690000e-06	-2.681114e-06	-3.812937e-09	-1.957527e+01	-2.493724e+02
2.700000e-06	-2.768913e-06	-4.191400e-09	-2.021630e+01	-2.742619e+02
2.710000e-06	-2.855836e-06	-4.561852e-09	-2.085094e+01	-2.985472e+02
2.720000e-06	-2.941700e-06	-4.922355e-09	-2.147784e+01	-3.220913e+02
2.730000e-06	-3.026220e-06	-5.269435e-09	-2.209494e+01	-3.447881e+02
2.740000e-06	-3.109559e-06	-5.599264e-09	-2.270341e+01	-3.665501e+02
2.750000e-06	-3.191884e-06	-5.914075e-09	-2.330448e+01	-3.872987e+02
2.760000e-06	-3.273127e-06	-6.216717e-09	-2.389765e+01	-4.069642e+02
2.770000e-06	-3.353227e-06	-6.503426e-09	-2.448247e+01	-4.254942e+02
2.780000e-06	-3.432097e-06	-6.769273e-09	-2.505832e+01	-4.428668e+02
2.790000e-06	-3.509404e-06	-7.014800e-09	-2.562275e+01	-4.591015e+02
2.800000e-06	-3.585068e-06	-7.247024e-09	-2.617519e+01	-4.742586e+02
2.810000e-06	-3.659316e-06	-7.469203e-09	-2.671728e+01	-4.884282e+02
2.820000e-06	-3.732154e-06	-7.678139e-09	-2.724908e+01	-5.017091e+02
2.830000e-06	-3.803717e-06	-7.869884e-09	-2.777158e+01	-5.141863e+02
2.840000e-06	-3.873891e-06	-8.044632e-09	-2.828393e+01	-5.259162e+02
2.850000e-06	-3.942325e-06	-8.208277e-09	-2.878358e+01	-5.369249e+02
2.860000e-06	-4.009239e-06	-8.363381e-09	-2.927213e+01	-5.472203e+02
2.870000e-06	-4.074816e-06	-8.506529e-09	-2.975092e+01	-5.568125e+02
2.880000e-06	-4.138945e-06	-8.636495e-09	-3.021913e+01	-5.657328e+02
2.890000e-06	-4.201571e-06	-8.760277e-09	-3.067638e+01	-5.740435e+02
2.900000e-06	-4.262401e-06	-8.882710e-09	-3.112051e+01	-5.818328e+02
2.910000e-06	-4.321445e-06	-9.000209e-09	-3.155159e+01	-5.891968e+02
2.920000e-06	-4.378994e-06	-9.107821e-09	-3.197177e+01	-5.962166e+02
2.930000e-06	-4.435082e-06	-9.203521e-09	-3.238128e+01	-6.029388e+02
2.940000e-06	-4.489457e-06	-9.293644e-09	-3.277828e+01	-6.093697e+02
2.950000e-06	-4.541819e-06	-9.382279e-09	-3.316059e+01	-6.154841e+02
2.960000e-06	-4.592221e-06	-9.468642e-09	-3.352858e+01	-6.212453e+02
2.970000e-06	-4.640638e-06	-9.551553e-09	-3.388208e+01	-6.266284e+02
2.980000e-06	-4.686989e-06	-9.629906e-09	-3.422050e+01	-6.316369e+02
2.990000e-06	-4.731597e-06	-9.704155e-09	-3.454619e+01	-6.363050e+02
3.000000e-06	-4.774703e-06	-9.773811e-09	-3.486091e+01	-6.406870e+02
3.010000e-06	-4.816237e-06	-9.837730e-09	-3.516416e+01	-6.448374e+02
3.020000e-06	-4.856176e-06	-9.893319e-09	-3.545575e+01	-6.487922e+02
3.030000e-06	-4.894284e-06	-9.945549e-09	-3.573399e+01	-6.525590e+02
3.040000e-06	-4.930377e-06	-9.996576e-09	-3.599751e+01	-6.561209e+02
3.050000e-06	-4.964649e-06	-1.004486e-08	-3.624774e+01	-6.594508e+02
3.060000e-06	-4.997213e-06	-1.009060e-08	-3.648549e+01	-6.625309e+02
3.070000e-06	-5.027953e-06	-1.013483e-08	-3.670993e+01	-6.653660e+02
3.080000e-06	-5.056636e-06	-1.017460e-08	-3.691935e+01	-6.679859e+02
3.090000e-06	-5.083378e-06	-1.021124e-08	-3.711460e+01	-6.704347e+02
3.100000e-06	-5.108347e-06	-1.024503e-08	-3.729690e+01	-6.727519e+02
3.110000e-06	-5.131423e-06	-1.027693e-08	-3.746538e+01	-6.749545e+02
3.120000e-06	-5.152422e-06	-1.030484e-08	-3.761870e+01	-6.770282e+02
3.130000e-06	-5.171469e-06	-1.032786e-08	-3.775776e+01	-6.789327e+02
3.140000e-06	-5.188734e-06	-1.034876e-08	-3.788382e+01	-6.806190e+02
3.150000e-06	-5.204094e-06	-1.036956e-08	-3.799596e+01	-6.820519e+02
3.160000e-06	-5.217194e-06	-1.039161e-08	-3.809161e+01	-6.832275e+02
3.170000e-06	-5.227989e-06	-1.040907e-08	-3.817043e+01	-6.841779e+02
3.180000e-06	-5.236862e-06	-1.041960e-08	-3.823521e+01	-6.849608e+02
3.190000e-06	-5.243822e-06	-1.042602e-08	-3.828603e+01	-6.856385e+02
3.200000e-06	-5.248706e-06	-1.043380e-08	-3.832169e+01	-6.862551e+02
3.210000e-06	-5.251632e-06	-1.043867e-08	-3.834305e+01	-6.868212e+02
3.220000e-06	-5.252778e-06	-1.044029e-08	-3.835141e+01	-6.873140e+02
