# Temperatura_=_60.16
# Concentracion g/m^3_=_18600.0
# C_Vs_to_Am_M_A/Vsm_=_65563218390.804596
# pendiente_HvsI_1/m_=_3716.3
# ordenada_HvsI_A/m_=_1297.0
# frecuencia_Hz_=_309980.9075430909

Tiempo_(s)	Campo_(V.s)	Magnetizacion_(V.s)	Campo_(kA/m)	Magnetizacion_(A/m)
0.000000e+00	-5.268290e-06	-9.980144e-09	-3.834225e+01	-6.592520e+02
1.000000e-08	-5.266468e-06	-9.980556e-09	-3.832899e+01	-6.592472e+02
2.000000e-08	-5.262683e-06	-9.982282e-09	-3.830144e+01	-6.590468e+02
3.000000e-08	-5.257160e-06	-9.983549e-09	-3.826125e+01	-6.586514e+02
4.000000e-08	-5.250013e-06	-9.979062e-09	-3.820923e+01	-6.580875e+02
5.000000e-08	-5.241160e-06	-9.966422e-09	-3.814480e+01	-6.573994e+02
6.000000e-08	-5.230221e-06	-9.951342e-09	-3.806518e+01	-6.566344e+02
7.000000e-08	-5.217189e-06	-9.935890e-09	-3.797034e+01	-6.558278e+02
8.000000e-08	-5.202141e-06	-9.930934e-09	-3.786082e+01	-6.549927e+02
9.000000e-08	-5.184684e-06	-9.958226e-09	-3.773377e+01	-6.541182e+02
1.000000e-07	-5.164933e-06	-9.963303e-09	-3.759003e+01	-6.531773e+02
1.100000e-07	-5.143254e-06	-9.938016e-09	-3.743224e+01	-6.521393e+02
1.200000e-07	-5.119787e-06	-9.920858e-09	-3.726146e+01	-6.509819e+02
1.300000e-07	-5.094829e-06	-9.851701e-09	-3.707982e+01	-6.496979e+02
1.400000e-07	-5.068305e-06	-9.792403e-09	-3.688677e+01	-6.482944e+02
1.500000e-07	-5.039915e-06	-9.833642e-09	-3.668015e+01	-6.467847e+02
1.600000e-07	-5.009795e-06	-9.795736e-09	-3.646094e+01	-6.451773e+02
1.700000e-07	-4.978040e-06	-9.755393e-09	-3.622983e+01	-6.434685e+02
1.800000e-07	-4.944212e-06	-9.783506e-09	-3.598363e+01	-6.416397e+02
1.900000e-07	-4.908469e-06	-9.721474e-09	-3.572350e+01	-6.396636e+02
2.000000e-07	-4.871297e-06	-9.692026e-09	-3.545296e+01	-6.375144e+02
2.100000e-07	-4.832364e-06	-9.655977e-09	-3.516961e+01	-6.351790e+02
2.200000e-07	-4.791463e-06	-9.579148e-09	-3.487193e+01	-6.326632e+02
2.300000e-07	-4.748500e-06	-9.563302e-09	-3.455925e+01	-6.299915e+02
2.400000e-07	-4.703595e-06	-9.539156e-09	-3.423244e+01	-6.271993e+02
2.500000e-07	-4.657015e-06	-9.509295e-09	-3.389343e+01	-6.243210e+02
2.600000e-07	-4.608529e-06	-9.483076e-09	-3.354055e+01	-6.213791e+02
2.700000e-07	-4.557826e-06	-9.419237e-09	-3.317154e+01	-6.183779e+02
2.800000e-07	-4.505002e-06	-9.364287e-09	-3.278709e+01	-6.153043e+02
2.900000e-07	-4.450384e-06	-9.316347e-09	-3.238958e+01	-6.121338e+02
3.000000e-07	-4.394169e-06	-9.262709e-09	-3.198046e+01	-6.088397e+02
3.100000e-07	-4.336148e-06	-9.202331e-09	-3.155819e+01	-6.054012e+02
3.200000e-07	-4.276291e-06	-9.170825e-09	-3.112255e+01	-6.018071e+02
3.300000e-07	-4.214899e-06	-9.142824e-09	-3.067574e+01	-5.980552e+02
3.400000e-07	-4.152036e-06	-9.062404e-09	-3.021823e+01	-5.941491e+02
3.500000e-07	-4.087717e-06	-8.998982e-09	-2.975012e+01	-5.900945e+02
3.600000e-07	-4.021744e-06	-8.931672e-09	-2.926997e+01	-5.858971e+02
3.700000e-07	-3.954049e-06	-8.855220e-09	-2.877729e+01	-5.815648e+02
3.800000e-07	-3.884888e-06	-8.797457e-09	-2.827394e+01	-5.771095e+02
3.900000e-07	-3.814369e-06	-8.742129e-09	-2.776071e+01	-5.725494e+02
4.000000e-07	-3.742531e-06	-8.682208e-09	-2.723788e+01	-5.679068e+02
4.100000e-07	-3.669220e-06	-8.605916e-09	-2.670433e+01	-5.632020e+02
4.200000e-07	-3.594287e-06	-8.534980e-09	-2.615897e+01	-5.584446e+02
4.300000e-07	-3.517869e-06	-8.455522e-09	-2.560281e+01	-5.536252e+02
4.400000e-07	-3.440013e-06	-8.372626e-09	-2.503618e+01	-5.487130e+02
4.500000e-07	-3.360571e-06	-8.300920e-09	-2.445800e+01	-5.436597e+02
4.600000e-07	-3.279643e-06	-8.225590e-09	-2.386902e+01	-5.384114e+02
4.700000e-07	-3.197531e-06	-8.153050e-09	-2.327141e+01	-5.329238e+02
4.800000e-07	-3.114332e-06	-8.073598e-09	-2.266589e+01	-5.271756e+02
4.900000e-07	-3.030103e-06	-7.985336e-09	-2.205288e+01	-5.211755e+02
5.000000e-07	-2.944828e-06	-7.885681e-09	-2.143225e+01	-5.149594e+02
5.100000e-07	-2.858472e-06	-7.781748e-09	-2.080376e+01	-5.085781e+02
5.200000e-07	-2.771267e-06	-7.681177e-09	-2.016909e+01	-5.020812e+02
5.300000e-07	-2.683256e-06	-7.580739e-09	-1.952855e+01	-4.955014e+02
5.400000e-07	-2.594117e-06	-7.484253e-09	-1.887980e+01	-4.888461e+02
5.500000e-07	-2.503676e-06	-7.386594e-09	-1.822158e+01	-4.820982e+02
5.600000e-07	-2.412115e-06	-7.289161e-09	-1.755520e+01	-4.752248e+02
5.700000e-07	-2.319678e-06	-7.189404e-09	-1.688245e+01	-4.681901e+02
5.800000e-07	-2.226510e-06	-7.078447e-09	-1.620439e+01	-4.609669e+02
5.900000e-07	-2.132552e-06	-6.957483e-09	-1.552057e+01	-4.535411e+02
6.000000e-07	-2.037750e-06	-6.833975e-09	-1.483061e+01	-4.459101e+02
6.100000e-07	-1.942256e-06	-6.711655e-09	-1.413560e+01	-4.380740e+02
6.200000e-07	-1.846094e-06	-6.586109e-09	-1.343574e+01	-4.300278e+02
6.300000e-07	-1.749187e-06	-6.458730e-09	-1.273046e+01	-4.217561e+02
6.400000e-07	-1.651444e-06	-6.334454e-09	-1.201910e+01	-4.132352e+02
6.500000e-07	-1.552855e-06	-6.208113e-09	-1.130157e+01	-4.044408e+02
6.600000e-07	-1.453602e-06	-6.072418e-09	-1.057922e+01	-3.953583e+02
6.700000e-07	-1.353887e-06	-5.925687e-09	-9.853495e+00	-3.859903e+02
6.800000e-07	-1.253709e-06	-5.771117e-09	-9.124404e+00	-3.763572e+02
6.900000e-07	-1.153083e-06	-5.615672e-09	-8.392058e+00	-3.664887e+02
7.000000e-07	-1.052089e-06	-5.462658e-09	-7.657028e+00	-3.564106e+02
7.100000e-07	-9.507681e-07	-5.307744e-09	-6.919624e+00	-3.461302e+02
7.200000e-07	-8.491467e-07	-5.146212e-09	-6.180031e+00	-3.356275e+02
7.300000e-07	-7.471780e-07	-4.983507e-09	-5.437910e+00	-3.248563e+02
7.400000e-07	-6.449576e-07	-4.820005e-09	-4.693957e+00	-3.137539e+02
7.500000e-07	-5.425017e-07	-4.646449e-09	-3.948290e+00	-3.022578e+02
7.600000e-07	-4.397515e-07	-4.459344e-09	-3.200481e+00	-2.903213e+02
7.700000e-07	-3.368486e-07	-4.265549e-09	-2.451561e+00	-2.779226e+02
7.800000e-07	-2.338613e-07	-4.068429e-09	-1.702026e+00	-2.650635e+02
7.900000e-07	-1.308180e-07	-3.867881e-09	-9.520844e-01	-2.517587e+02
8.000000e-07	-2.771820e-08	-3.661144e-09	-2.017311e-01	-2.380199e+02
8.100000e-07	7.545301e-08	-3.441800e-09	5.491418e-01	-2.238413e+02
8.200000e-07	1.786060e-07	-3.216135e-09	1.299882e+00	-2.091931e+02
8.300000e-07	2.816599e-07	-2.988991e-09	2.049901e+00	-1.940250e+02
8.400000e-07	3.846223e-07	-2.752658e-09	2.799254e+00	-1.782781e+02
8.500000e-07	4.874737e-07	-2.499066e-09	3.547799e+00	-1.619009e+02
8.600000e-07	5.901550e-07	-2.232053e-09	4.295107e+00	-1.448606e+02
8.700000e-07	6.926254e-07	-1.959375e-09	5.040880e+00	-1.271469e+02
8.800000e-07	7.948126e-07	-1.683653e-09	5.784591e+00	-1.087651e+02
8.900000e-07	8.966673e-07	-1.399028e-09	6.525882e+00	-8.972071e+01
9.000000e-07	9.981446e-07	-1.098534e-09	7.264427e+00	-7.000267e+01
9.100000e-07	1.099281e-06	-7.838325e-10	8.000492e+00	-4.957160e+01
9.200000e-07	1.200129e-06	-4.587337e-10	8.734455e+00	-2.835823e+01
9.300000e-07	1.300596e-06	-1.195708e-10	9.465648e+00	-6.274303e+00
9.400000e-07	1.400560e-06	2.365038e-10	1.019318e+01	1.676657e+01
9.500000e-07	1.499935e-06	6.093379e-10	1.091642e+01	4.082316e+01
9.600000e-07	1.598662e-06	9.939146e-10	1.163495e+01	6.590239e+01
9.700000e-07	1.696681e-06	1.386051e-09	1.234833e+01	9.194199e+01
9.800000e-07	1.793898e-06	1.789919e-09	1.305587e+01	1.188030e+02
9.900000e-07	1.890274e-06	2.208916e-09	1.375728e+01	1.462723e+02
1.000000e-06	1.985885e-06	2.638760e-09	1.445313e+01	1.740745e+02
1.010000e-06	2.080798e-06	3.066545e-09	1.514390e+01	2.018892e+02
1.020000e-06	2.174988e-06	3.484774e-09	1.582941e+01	2.293738e+02
1.030000e-06	2.268456e-06	3.893642e-09	1.650967e+01	2.561884e+02
1.040000e-06	2.361231e-06	4.290387e-09	1.718488e+01	2.820218e+02
1.050000e-06	2.453221e-06	4.665117e-09	1.785437e+01	3.066170e+02
1.060000e-06	2.544195e-06	5.011039e-09	1.851647e+01	3.297914e+02
1.070000e-06	2.633977e-06	5.331856e-09	1.916990e+01	3.514490e+02
1.080000e-06	2.722609e-06	5.636722e-09	1.981496e+01	3.715807e+02
1.090000e-06	2.810265e-06	5.928059e-09	2.045292e+01	3.902513e+02
1.100000e-06	2.896995e-06	6.196402e-09	2.108413e+01	4.075753e+02
1.110000e-06	2.982721e-06	6.441873e-09	2.170804e+01	4.236869e+02
1.120000e-06	3.067497e-06	6.670209e-09	2.232503e+01	4.387123e+02
1.130000e-06	3.151300e-06	6.885461e-09	2.293494e+01	4.527501e+02
1.140000e-06	3.233918e-06	7.083632e-09	2.353623e+01	4.658658e+02
1.150000e-06	3.315177e-06	7.264413e-09	2.412763e+01	4.780996e+02
1.160000e-06	3.395118e-06	7.433275e-09	2.470943e+01	4.894829e+02
1.170000e-06	3.473794e-06	7.594933e-09	2.528203e+01	5.000573e+02
1.180000e-06	3.551187e-06	7.749403e-09	2.584529e+01	5.098862e+02
1.190000e-06	3.627218e-06	7.893385e-09	2.639864e+01	5.190564e+02
1.200000e-06	3.701696e-06	8.026696e-09	2.694069e+01	5.276681e+02
1.210000e-06	3.774529e-06	8.153862e-09	2.747076e+01	5.358178e+02
1.220000e-06	3.845867e-06	8.279089e-09	2.798996e+01	5.435815e+02
1.230000e-06	3.915824e-06	8.397186e-09	2.849909e+01	5.510040e+02
1.240000e-06	3.984412e-06	8.506138e-09	2.899827e+01	5.580995e+02
1.250000e-06	4.051539e-06	8.606303e-09	2.948682e+01	5.648613e+02
1.260000e-06	4.117000e-06	8.705662e-09	2.996324e+01	5.712779e+02
1.270000e-06	4.180861e-06	8.800987e-09	3.042802e+01	5.773470e+02
1.280000e-06	4.243238e-06	8.889364e-09	3.088199e+01	5.830825e+02
1.290000e-06	4.304177e-06	8.973102e-09	3.132550e+01	5.885130e+02
1.300000e-06	4.363632e-06	9.055096e-09	3.175821e+01	5.936711e+02
1.310000e-06	4.421262e-06	9.133871e-09	3.217764e+01	5.985822e+02
1.320000e-06	4.477046e-06	9.207062e-09	3.258363e+01	6.032553e+02
1.330000e-06	4.531160e-06	9.275544e-09	3.297746e+01	6.076831e+02
1.340000e-06	4.583449e-06	9.338509e-09	3.335803e+01	6.118493e+02
1.350000e-06	4.633651e-06	9.398184e-09	3.372339e+01	6.157426e+02
1.360000e-06	4.681857e-06	9.454828e-09	3.407423e+01	6.193686e+02
1.370000e-06	4.728337e-06	9.509128e-09	3.441251e+01	6.227554e+02
1.380000e-06	4.773226e-06	9.560272e-09	3.473921e+01	6.259501e+02
1.390000e-06	4.816379e-06	9.608981e-09	3.505327e+01	6.290061e+02
1.400000e-06	4.857542e-06	9.657290e-09	3.535285e+01	6.319663e+02
1.410000e-06	4.896865e-06	9.706225e-09	3.563904e+01	6.348495e+02
1.420000e-06	4.934497e-06	9.751553e-09	3.591293e+01	6.376451e+02
1.430000e-06	4.970414e-06	9.793155e-09	3.617433e+01	6.403176e+02
1.440000e-06	5.004385e-06	9.832375e-09	3.642157e+01	6.428209e+02
1.450000e-06	5.036366e-06	9.869310e-09	3.665432e+01	6.451141e+02
1.460000e-06	5.066616e-06	9.903634e-09	3.687448e+01	6.471751e+02
1.470000e-06	5.095171e-06	9.933134e-09	3.708230e+01	6.490062e+02
1.480000e-06	5.121731e-06	9.960057e-09	3.727560e+01	6.506299e+02
1.490000e-06	5.146076e-06	9.984898e-09	3.745278e+01	6.520783e+02
1.500000e-06	5.168475e-06	1.000781e-08	3.761580e+01	6.533810e+02
1.510000e-06	5.189165e-06	1.002786e-08	3.776638e+01	6.545568e+02
1.520000e-06	5.207937e-06	1.004716e-08	3.790301e+01	6.556123e+02
1.530000e-06	5.224647e-06	1.006579e-08	3.802462e+01	6.565470e+02
1.540000e-06	5.239382e-06	1.008099e-08	3.813186e+01	6.573617e+02
1.550000e-06	5.252049e-06	1.009304e-08	3.822404e+01	6.580649e+02
1.560000e-06	5.262449e-06	1.010115e-08	3.829974e+01	6.586741e+02
1.570000e-06	5.270693e-06	1.010855e-08	3.835974e+01	6.592099e+02
1.580000e-06	5.277024e-06	1.011743e-08	3.840581e+01	6.596863e+02
1.590000e-06	5.281535e-06	1.012730e-08	3.843864e+01	6.601017e+02
1.600000e-06	5.284054e-06	1.013722e-08	3.845698e+01	6.604348e+02
1.610000e-06	5.284469e-06	1.014410e-08	3.846000e+01	6.606489e+02
1.620000e-06	5.283021e-06	1.014416e-08	3.844946e+01	6.607031e+02
1.630000e-06	5.279915e-06	1.014150e-08	3.842685e+01	6.605672e+02
1.640000e-06	5.274989e-06	1.013582e-08	3.839100e+01	6.602330e+02
1.650000e-06	5.268076e-06	1.012642e-08	3.834069e+01	6.597194e+02
1.660000e-06	5.259389e-06	1.011575e-08	3.827746e+01	6.590662e+02
1.670000e-06	5.249008e-06	1.010630e-08	3.820192e+01	6.583215e+02
1.680000e-06	5.236695e-06	1.010316e-08	3.811230e+01	6.575260e+02
1.690000e-06	5.222302e-06	1.007509e-08	3.800755e+01	6.567005e+02
1.700000e-06	5.205820e-06	1.001109e-08	3.788760e+01	6.558414e+02
1.710000e-06	5.186880e-06	9.982925e-09	3.774975e+01	6.549256e+02
1.720000e-06	5.165143e-06	9.970820e-09	3.759155e+01	6.539222e+02
1.730000e-06	5.141255e-06	9.986764e-09	3.741770e+01	6.528050e+02
1.740000e-06	5.116302e-06	1.003899e-08	3.723609e+01	6.515618e+02
1.750000e-06	5.090548e-06	9.956323e-09	3.704865e+01	6.501957e+02
1.760000e-06	5.062981e-06	9.906193e-09	3.684802e+01	6.487191e+02
1.770000e-06	5.033010e-06	9.941785e-09	3.662990e+01	6.471431e+02
1.780000e-06	5.001392e-06	9.866813e-09	3.639978e+01	6.454686e+02
1.790000e-06	4.968064e-06	9.853867e-09	3.615722e+01	6.436814e+02
1.800000e-06	4.932929e-06	9.828054e-09	3.590151e+01	6.417561e+02
1.810000e-06	4.896027e-06	9.753731e-09	3.563294e+01	6.396651e+02
1.820000e-06	4.856894e-06	9.784665e-09	3.534814e+01	6.373902e+02
1.830000e-06	4.815956e-06	9.733099e-09	3.505019e+01	6.349308e+02
1.840000e-06	4.773424e-06	9.684734e-09	3.474065e+01	6.323060e+02
1.850000e-06	4.728875e-06	9.649663e-09	3.441642e+01	6.295489e+02
1.860000e-06	4.682569e-06	9.537201e-09	3.407942e+01	6.266954e+02
1.870000e-06	4.634493e-06	9.542250e-09	3.372952e+01	6.237728e+02
1.880000e-06	4.584545e-06	9.486903e-09	3.336600e+01	6.207917e+02
1.890000e-06	4.532752e-06	9.412183e-09	3.298905e+01	6.177440e+02
1.900000e-06	4.478776e-06	9.414167e-09	3.259622e+01	6.146079e+02
1.910000e-06	4.423008e-06	9.346826e-09	3.219035e+01	6.113565e+02
1.920000e-06	4.365628e-06	9.302236e-09	3.177274e+01	6.079665e+02
1.930000e-06	4.306662e-06	9.206613e-09	3.134358e+01	6.044233e+02
1.940000e-06	4.246037e-06	9.146912e-09	3.090236e+01	6.007223e+02
1.950000e-06	4.183532e-06	9.114771e-09	3.044745e+01	5.968655e+02
1.960000e-06	4.119493e-06	9.030290e-09	2.998139e+01	5.928583e+02
1.970000e-06	4.053990e-06	9.006305e-09	2.950466e+01	5.887065e+02
1.980000e-06	3.987069e-06	8.919388e-09	2.901761e+01	5.844168e+02
1.990000e-06	3.918546e-06	8.841929e-09	2.851891e+01	5.799996e+02
2.000000e-06	3.848251e-06	8.767779e-09	2.800730e+01	5.754712e+02
2.010000e-06	3.776554e-06	8.680232e-09	2.748550e+01	5.708530e+02
2.020000e-06	3.703543e-06	8.633716e-09	2.695413e+01	5.661668e+02
2.030000e-06	3.629196e-06	8.544135e-09	2.641304e+01	5.614266e+02
2.040000e-06	3.553294e-06	8.487605e-09	2.586063e+01	5.566298e+02
2.050000e-06	3.475634e-06	8.407093e-09	2.529543e+01	5.517523e+02
2.060000e-06	3.396540e-06	8.326591e-09	2.471978e+01	5.467506e+02
2.070000e-06	3.316282e-06	8.245896e-09	2.413567e+01	5.415709e+02
2.080000e-06	3.234886e-06	8.138106e-09	2.354327e+01	5.361642e+02
2.090000e-06	3.152389e-06	8.061942e-09	2.294287e+01	5.305006e+02
2.100000e-06	3.068841e-06	7.970715e-09	2.233481e+01	5.245790e+02
2.110000e-06	2.983965e-06	7.889851e-09	2.171709e+01	5.184276e+02
2.120000e-06	2.897672e-06	7.788853e-09	2.108906e+01	5.120939e+02
2.130000e-06	2.810261e-06	7.680306e-09	2.045289e+01	5.056298e+02
2.140000e-06	2.721876e-06	7.579327e-09	1.980962e+01	4.990748e+02
2.150000e-06	2.632510e-06	7.475531e-09	1.915922e+01	4.924449e+02
2.160000e-06	2.542161e-06	7.376695e-09	1.850167e+01	4.857302e+02
2.170000e-06	2.451011e-06	7.265142e-09	1.783828e+01	4.789015e+02
2.180000e-06	2.359047e-06	7.159603e-09	1.716898e+01	4.719225e+02
2.190000e-06	2.266095e-06	7.052414e-09	1.649249e+01	4.647624e+02
2.200000e-06	2.172061e-06	6.938172e-09	1.580811e+01	4.574028e+02
2.210000e-06	2.077091e-06	6.818059e-09	1.511692e+01	4.498380e+02
2.220000e-06	1.981362e-06	6.699469e-09	1.442022e+01	4.420682e+02
2.230000e-06	1.884981e-06	6.585364e-09	1.371876e+01	4.340911e+02
2.240000e-06	1.787997e-06	6.467716e-09	1.301292e+01	4.258945e+02
2.250000e-06	1.690300e-06	6.339964e-09	1.230188e+01	4.174569e+02
2.260000e-06	1.591987e-06	6.203517e-09	1.158637e+01	4.087529e+02
2.270000e-06	1.493246e-06	6.060451e-09	1.086774e+01	3.997640e+02
2.280000e-06	1.394114e-06	5.916669e-09	1.014626e+01	3.904866e+02
2.290000e-06	1.294572e-06	5.775236e-09	9.421805e+00	3.809360e+02
2.300000e-06	1.194594e-06	5.626407e-09	8.694174e+00	3.711402e+02
2.310000e-06	1.094106e-06	5.475483e-09	7.962828e+00	3.611278e+02
2.320000e-06	9.930908e-07	5.322192e-09	7.227646e+00	3.509135e+02
2.330000e-06	8.916310e-07	5.167209e-09	6.489228e+00	3.404866e+02
2.340000e-06	7.898005e-07	5.004146e-09	5.748113e+00	3.298084e+02
2.350000e-06	6.875910e-07	4.832034e-09	5.004240e+00	3.188199e+02
2.360000e-06	5.850345e-07	4.656416e-09	4.257840e+00	3.074568e+02
2.370000e-06	4.822139e-07	4.475760e-09	3.509519e+00	2.956658e+02
2.380000e-06	3.791908e-07	4.290767e-09	2.759724e+00	2.834168e+02
2.390000e-06	2.760572e-07	4.096194e-09	2.009125e+00	2.707047e+02
2.400000e-06	1.728649e-07	3.895629e-09	1.258099e+00	2.575417e+02
2.410000e-06	6.959404e-08	3.689879e-09	5.065006e-01	2.439423e+02
2.420000e-06	-3.376739e-08	3.479469e-09	-2.457567e-01	2.299074e+02
2.430000e-06	-1.371353e-07	3.259496e-09	-9.980615e-01	2.154152e+02
2.440000e-06	-2.404156e-07	3.027955e-09	-1.749728e+00	2.004208e+02
2.450000e-06	-3.435570e-07	2.790052e-09	-2.500384e+00	1.848666e+02
2.460000e-06	-4.464902e-07	2.543721e-09	-3.249524e+00	1.686970e+02
2.470000e-06	-5.492497e-07	2.289801e-09	-3.997401e+00	1.518722e+02
2.480000e-06	-6.518365e-07	2.023230e-09	-4.744021e+00	1.343753e+02
2.490000e-06	-7.540980e-07	1.743965e-09	-5.488273e+00	1.162076e+02
2.500000e-06	-8.560178e-07	1.455637e-09	-6.230038e+00	9.737661e+01
2.510000e-06	-9.575644e-07	1.159848e-09	-6.969087e+00	7.787821e+01
2.520000e-06	-1.058579e-06	8.541475e-10	-7.704263e+00	5.768287e+01
2.530000e-06	-1.159056e-06	5.331447e-10	-8.435531e+00	3.673033e+01
2.540000e-06	-1.259035e-06	2.002144e-10	-9.163169e+00	1.493656e+01
2.550000e-06	-1.358529e-06	-1.423689e-10	-9.887277e+00	-7.788142e+00
2.560000e-06	-1.457545e-06	-4.975232e-10	-1.060791e+01	-3.151425e+01
2.570000e-06	-1.556100e-06	-8.723388e-10	-1.132518e+01	-5.626767e+01
2.580000e-06	-1.654187e-06	-1.268009e-09	-1.203906e+01	-8.200969e+01
2.590000e-06	-1.751667e-06	-1.677638e-09	-1.274851e+01	-1.086262e+02
2.600000e-06	-1.848502e-06	-2.093737e-09	-1.345327e+01	-1.359270e+02
2.610000e-06	-1.944707e-06	-2.513765e-09	-1.415344e+01	-1.636551e+02
2.620000e-06	-2.040244e-06	-2.937047e-09	-1.484876e+01	-1.915022e+02
2.630000e-06	-2.135070e-06	-3.357806e-09	-1.553889e+01	-2.191304e+02
2.640000e-06	-2.229080e-06	-3.768428e-09	-1.622309e+01	-2.461958e+02
2.650000e-06	-2.322084e-06	-4.165879e-09	-1.689997e+01	-2.723754e+02
2.660000e-06	-2.414004e-06	-4.550468e-09	-1.756895e+01	-2.973921e+02
2.670000e-06	-2.504967e-06	-4.919665e-09	-1.823097e+01	-3.210376e+02
2.680000e-06	-2.595034e-06	-5.265162e-09	-1.888647e+01	-3.431874e+02
2.690000e-06	-2.684174e-06	-5.580997e-09	-1.953524e+01	-3.638054e+02
2.700000e-06	-2.772376e-06	-5.868502e-09	-2.017716e+01	-3.829346e+02
2.710000e-06	-2.859631e-06	-6.133213e-09	-2.081219e+01	-4.006768e+02
2.720000e-06	-2.945820e-06	-6.382876e-09	-2.143948e+01	-4.171631e+02
2.730000e-06	-3.030769e-06	-6.618705e-09	-2.205773e+01	-4.325250e+02
2.740000e-06	-3.114462e-06	-6.839310e-09	-2.266684e+01	-4.468713e+02
2.750000e-06	-3.197017e-06	-7.046058e-09	-2.326766e+01	-4.602778e+02
2.760000e-06	-3.278481e-06	-7.241716e-09	-2.386056e+01	-4.727912e+02
2.770000e-06	-3.358844e-06	-7.423379e-09	-2.444543e+01	-4.844438e+02
2.780000e-06	-3.437954e-06	-7.587001e-09	-2.502119e+01	-4.952722e+02
2.790000e-06	-3.515572e-06	-7.734213e-09	-2.558609e+01	-5.053320e+02
2.800000e-06	-3.591648e-06	-7.872350e-09	-2.613976e+01	-5.147030e+02
2.810000e-06	-3.666285e-06	-8.005668e-09	-2.668297e+01	-5.234828e+02
2.820000e-06	-3.739540e-06	-8.132097e-09	-2.721611e+01	-5.317711e+02
2.830000e-06	-3.811393e-06	-8.250836e-09	-2.773905e+01	-5.396521e+02
2.840000e-06	-3.881785e-06	-8.361931e-09	-2.825136e+01	-5.471810e+02
2.850000e-06	-3.950581e-06	-8.467741e-09	-2.875205e+01	-5.543813e+02
2.860000e-06	-4.017809e-06	-8.569499e-09	-2.924134e+01	-5.612514e+02
2.870000e-06	-4.083641e-06	-8.665886e-09	-2.972046e+01	-5.677796e+02
2.880000e-06	-4.148077e-06	-8.756753e-09	-3.018941e+01	-5.739593e+02
2.890000e-06	-4.210974e-06	-8.845053e-09	-3.064718e+01	-5.797992e+02
2.900000e-06	-4.272119e-06	-8.932401e-09	-3.109218e+01	-5.853238e+02
2.910000e-06	-4.331490e-06	-9.014651e-09	-3.152428e+01	-5.905658e+02
2.920000e-06	-4.389285e-06	-9.088001e-09	-3.194491e+01	-5.955541e+02
2.930000e-06	-4.445628e-06	-9.153980e-09	-3.235497e+01	-6.003035e+02
2.940000e-06	-4.500289e-06	-9.218169e-09	-3.275279e+01	-6.048114e+02
2.950000e-06	-4.552851e-06	-9.282149e-09	-3.313533e+01	-6.090631e+02
2.960000e-06	-4.603386e-06	-9.342047e-09	-3.350313e+01	-6.130443e+02
2.970000e-06	-4.652014e-06	-9.397178e-09	-3.385704e+01	-6.167538e+02
2.980000e-06	-4.698621e-06	-9.449767e-09	-3.419624e+01	-6.202127e+02
2.990000e-06	-4.743448e-06	-9.500825e-09	-3.452249e+01	-6.234631e+02
3.000000e-06	-4.786755e-06	-9.547943e-09	-3.483767e+01	-6.265579e+02
3.010000e-06	-4.828510e-06	-9.590162e-09	-3.514156e+01	-6.295451e+02
3.020000e-06	-4.868645e-06	-9.629249e-09	-3.543366e+01	-6.324525e+02
3.030000e-06	-4.906978e-06	-9.666386e-09	-3.571264e+01	-6.352787e+02
3.040000e-06	-4.943327e-06	-9.704644e-09	-3.597719e+01	-6.379954e+02
3.050000e-06	-4.977824e-06	-9.741599e-09	-3.622825e+01	-6.405578e+02
3.060000e-06	-5.010591e-06	-9.774984e-09	-3.646673e+01	-6.429217e+02
3.070000e-06	-5.041505e-06	-9.806480e-09	-3.669172e+01	-6.450579e+02
3.080000e-06	-5.070375e-06	-9.835785e-09	-3.690184e+01	-6.469609e+02
3.090000e-06	-5.097272e-06	-9.862139e-09	-3.709759e+01	-6.486477e+02
3.100000e-06	-5.122360e-06	-9.884293e-09	-3.728018e+01	-6.501486e+02
3.110000e-06	-5.145579e-06	-9.901395e-09	-3.744916e+01	-6.514951e+02
3.120000e-06	-5.166742e-06	-9.914832e-09	-3.760319e+01	-6.527101e+02
3.130000e-06	-5.185939e-06	-9.924722e-09	-3.774290e+01	-6.538038e+02
3.140000e-06	-5.203328e-06	-9.932456e-09	-3.786946e+01	-6.547772e+02
3.150000e-06	-5.218766e-06	-9.942348e-09	-3.798181e+01	-6.556296e+02
3.160000e-06	-5.231951e-06	-9.956302e-09	-3.807778e+01	-6.563669e+02
3.170000e-06	-5.242906e-06	-9.971997e-09	-3.815750e+01	-6.570037e+02
3.180000e-06	-5.251974e-06	-9.983184e-09	-3.822350e+01	-6.575607e+02
3.190000e-06	-5.259164e-06	-9.988445e-09	-3.827583e+01	-6.580551e+02
3.200000e-06	-5.264233e-06	-9.989861e-09	-3.831272e+01	-6.584912e+02
3.210000e-06	-5.267298e-06	-9.986950e-09	-3.833503e+01	-6.588539e+02
3.220000e-06	-5.268540e-06	-9.982562e-09	-3.834407e+01	-6.591104e+02
