# Temperatura_=_46.57
# Concentracion g/m^3_=_18600.0
# C_Vs_to_Am_M_A/Vsm_=_65563218390.804596
# pendiente_HvsI_1/m_=_3716.3
# ordenada_HvsI_A/m_=_1297.0
# frecuencia_Hz_=_309977.9589630993

Tiempo_(s)	Campo_(V.s)	Magnetizacion_(V.s)	Campo_(kA/m)	Magnetizacion_(A/m)
0.000000e+00	-5.248894e-06	-1.055338e-08	-3.834772e+01	-6.954969e+02
1.000000e-08	-5.246855e-06	-1.056102e-08	-3.833283e+01	-6.957550e+02
2.000000e-08	-5.242883e-06	-1.056898e-08	-3.830381e+01	-6.958838e+02
3.000000e-08	-5.237156e-06	-1.057715e-08	-3.826197e+01	-6.958782e+02
4.000000e-08	-5.229741e-06	-1.057856e-08	-3.820780e+01	-6.957406e+02
5.000000e-08	-5.220641e-06	-1.057259e-08	-3.814131e+01	-6.954766e+02
6.000000e-08	-5.209551e-06	-1.056182e-08	-3.806029e+01	-6.950889e+02
7.000000e-08	-5.196413e-06	-1.053919e-08	-3.796430e+01	-6.945733e+02
8.000000e-08	-5.181193e-06	-1.055703e-08	-3.785311e+01	-6.939197e+02
9.000000e-08	-5.163516e-06	-1.060741e-08	-3.772396e+01	-6.931183e+02
1.000000e-07	-5.143534e-06	-1.058107e-08	-3.757798e+01	-6.921678e+02
1.100000e-07	-5.121642e-06	-1.054936e-08	-3.741804e+01	-6.910823e+02
1.200000e-07	-5.098067e-06	-1.051763e-08	-3.724580e+01	-6.898920e+02
1.300000e-07	-5.073088e-06	-1.039813e-08	-3.706331e+01	-6.886357e+02
1.400000e-07	-5.046558e-06	-1.046661e-08	-3.686948e+01	-6.873486e+02
1.500000e-07	-5.018094e-06	-1.048080e-08	-3.666153e+01	-6.860472e+02
1.600000e-07	-4.987886e-06	-1.032619e-08	-3.644084e+01	-6.847196e+02
1.700000e-07	-4.956008e-06	-1.043370e-08	-3.620794e+01	-6.833244e+02
1.800000e-07	-4.922054e-06	-1.041271e-08	-3.595987e+01	-6.818006e+02
1.900000e-07	-4.886263e-06	-1.029631e-08	-3.569839e+01	-6.800847e+02
2.000000e-07	-4.848976e-06	-1.035036e-08	-3.542598e+01	-6.781298e+02
2.100000e-07	-4.809895e-06	-1.025079e-08	-3.514045e+01	-6.759197e+02
2.200000e-07	-4.768898e-06	-1.018136e-08	-3.484094e+01	-6.734728e+02
2.300000e-07	-4.725889e-06	-1.020648e-08	-3.452671e+01	-6.708341e+02
2.400000e-07	-4.680928e-06	-1.015892e-08	-3.419824e+01	-6.680598e+02
2.500000e-07	-4.634251e-06	-1.015920e-08	-3.385722e+01	-6.651991e+02
2.600000e-07	-4.585634e-06	-1.009732e-08	-3.350204e+01	-6.622807e+02
2.700000e-07	-4.534820e-06	-1.002809e-08	-3.313079e+01	-6.593085e+02
2.800000e-07	-4.481930e-06	-9.992317e-09	-3.274439e+01	-6.562661e+02
2.900000e-07	-4.427306e-06	-9.922316e-09	-3.234531e+01	-6.531290e+02
3.000000e-07	-4.371131e-06	-9.883154e-09	-3.193490e+01	-6.498763e+02
3.100000e-07	-4.313165e-06	-9.826237e-09	-3.151141e+01	-6.464983e+02
3.200000e-07	-4.253385e-06	-9.809916e-09	-3.107467e+01	-6.429973e+02
3.300000e-07	-4.192034e-06	-9.762043e-09	-3.062644e+01	-6.393810e+02
3.400000e-07	-4.129146e-06	-9.688058e-09	-3.016700e+01	-6.356536e+02
3.500000e-07	-4.064815e-06	-9.638906e-09	-2.969700e+01	-6.318092e+02
3.600000e-07	-3.998909e-06	-9.551237e-09	-2.921550e+01	-6.278314e+02
3.700000e-07	-3.931310e-06	-9.501938e-09	-2.872163e+01	-6.236981e+02
3.800000e-07	-3.862182e-06	-9.452891e-09	-2.821659e+01	-6.193927e+02
3.900000e-07	-3.791679e-06	-9.380272e-09	-2.770150e+01	-6.149118e+02
4.000000e-07	-3.719912e-06	-9.314705e-09	-2.717718e+01	-6.102700e+02
4.100000e-07	-3.646762e-06	-9.238159e-09	-2.664276e+01	-6.054956e+02
4.200000e-07	-3.572050e-06	-9.173043e-09	-2.609692e+01	-6.006206e+02
4.300000e-07	-3.495788e-06	-9.090165e-09	-2.553977e+01	-5.956682e+02
4.400000e-07	-3.418068e-06	-9.011289e-09	-2.497195e+01	-5.906436e+02
4.500000e-07	-3.338832e-06	-8.932474e-09	-2.439306e+01	-5.855319e+02
4.600000e-07	-3.258074e-06	-8.858385e-09	-2.380306e+01	-5.803039e+02
4.700000e-07	-3.176054e-06	-8.797642e-09	-2.320383e+01	-5.749279e+02
4.800000e-07	-3.092915e-06	-8.709567e-09	-2.259643e+01	-5.693813e+02
4.900000e-07	-3.008757e-06	-8.617117e-09	-2.198158e+01	-5.636580e+02
5.000000e-07	-2.923644e-06	-8.518635e-09	-2.135975e+01	-5.577682e+02
5.100000e-07	-2.837547e-06	-8.428541e-09	-2.073074e+01	-5.517295e+02
5.200000e-07	-2.750524e-06	-8.336784e-09	-2.009497e+01	-5.455568e+02
5.300000e-07	-2.662619e-06	-8.239714e-09	-1.945274e+01	-5.392519e+02
5.400000e-07	-2.573741e-06	-8.146961e-09	-1.880341e+01	-5.328012e+02
5.500000e-07	-2.483615e-06	-8.053185e-09	-1.814496e+01	-5.261806e+02
5.600000e-07	-2.392282e-06	-7.962607e-09	-1.747769e+01	-5.193666e+02
5.700000e-07	-2.300088e-06	-7.854948e-09	-1.680414e+01	-5.123479e+02
5.800000e-07	-2.207140e-06	-7.733317e-09	-1.612507e+01	-5.051318e+02
5.900000e-07	-2.113347e-06	-7.609249e-09	-1.543983e+01	-4.977425e+02
6.000000e-07	-2.018740e-06	-7.496059e-09	-1.474865e+01	-4.902109e+02
6.100000e-07	-1.923447e-06	-7.383320e-09	-1.405245e+01	-4.825603e+02
6.200000e-07	-1.827531e-06	-7.261044e-09	-1.335170e+01	-4.747932e+02
6.300000e-07	-1.730993e-06	-7.140483e-09	-1.264640e+01	-4.668868e+02
6.400000e-07	-1.633755e-06	-7.024628e-09	-1.193600e+01	-4.587978e+02
6.500000e-07	-1.535697e-06	-6.908407e-09	-1.121960e+01	-4.504755e+02
6.600000e-07	-1.436789e-06	-6.775061e-09	-1.049699e+01	-4.418782e+02
6.700000e-07	-1.337253e-06	-6.626626e-09	-9.769796e+00	-4.329853e+02
6.800000e-07	-1.237288e-06	-6.477462e-09	-9.039463e+00	-4.238012e+02
6.900000e-07	-1.136975e-06	-6.335828e-09	-8.306585e+00	-4.143477e+02
7.000000e-07	-1.036354e-06	-6.192615e-09	-7.571466e+00	-4.046502e+02
7.100000e-07	-9.353799e-07	-6.038296e-09	-6.833761e+00	-3.947227e+02
7.200000e-07	-8.340667e-07	-5.879407e-09	-6.093580e+00	-3.845581e+02
7.300000e-07	-7.324803e-07	-5.724747e-09	-5.351404e+00	-3.741287e+02
7.400000e-07	-6.306203e-07	-5.570562e-09	-4.607228e+00	-3.633964e+02
7.500000e-07	-5.284681e-07	-5.401728e-09	-3.860918e+00	-3.523272e+02
7.600000e-07	-4.260892e-07	-5.216888e-09	-3.112951e+00	-3.409040e+02
7.700000e-07	-3.235755e-07	-5.031446e-09	-2.364000e+00	-3.291312e+02
7.800000e-07	-2.209625e-07	-4.850777e-09	-1.614323e+00	-3.170283e+02
7.900000e-07	-1.182628e-07	-4.666016e-09	-8.640127e-01	-3.046156e+02
8.000000e-07	-1.547660e-08	-4.471669e-09	-1.130700e-01	-2.918966e+02
8.100000e-07	8.734490e-08	-4.266598e-09	6.381302e-01	-2.788465e+02
8.200000e-07	1.901173e-07	-4.060935e-09	1.388971e+00	-2.654113e+02
8.300000e-07	2.927821e-07	-3.856707e-09	2.139027e+00	-2.515190e+02
8.400000e-07	3.953164e-07	-3.639695e-09	2.888129e+00	-2.370986e+02
8.500000e-07	4.977046e-07	-3.406016e-09	3.636164e+00	-2.221010e+02
8.600000e-07	5.998850e-07	-3.163334e-09	4.382680e+00	-2.065112e+02
8.700000e-07	7.018559e-07	-2.918150e-09	5.127666e+00	-1.903496e+02
8.800000e-07	8.035967e-07	-2.667082e-09	5.870971e+00	-1.736600e+02
8.900000e-07	9.050697e-07	-2.406029e-09	6.612319e+00	-1.564898e+02
9.000000e-07	1.006212e-06	-2.133276e-09	7.351250e+00	-1.388706e+02
9.100000e-07	1.106975e-06	-1.856274e-09	8.087415e+00	-1.208062e+02
9.200000e-07	1.207422e-06	-1.579334e-09	8.821265e+00	-1.022715e+02
9.300000e-07	1.307562e-06	-1.291920e-09	9.552875e+00	-8.322275e+01
9.400000e-07	1.407234e-06	-9.883696e-10	1.028106e+01	-6.361262e+01
9.500000e-07	1.506188e-06	-6.733072e-10	1.100401e+01	-4.340428e+01
9.600000e-07	1.604282e-06	-3.546837e-10	1.172067e+01	-2.257774e+01
9.700000e-07	1.701565e-06	-3.215367e-11	1.243141e+01	-1.127246e+00
9.800000e-07	1.798172e-06	3.012401e-10	1.313720e+01	2.094772e+01
9.900000e-07	1.894154e-06	6.507280e-10	1.383844e+01	4.365171e+01
1.000000e-06	1.989409e-06	1.012371e-09	1.453436e+01	6.699629e+01
1.010000e-06	2.083895e-06	1.380875e-09	1.522466e+01	9.099294e+01
1.020000e-06	2.177712e-06	1.757193e-09	1.591007e+01	1.156365e+02
1.030000e-06	2.270872e-06	2.144314e-09	1.659069e+01	1.408842e+02
1.040000e-06	2.363332e-06	2.541633e-09	1.726619e+01	1.666391e+02
1.050000e-06	2.454889e-06	2.939270e-09	1.793509e+01	1.927431e+02
1.060000e-06	2.545206e-06	3.333345e-09	1.859494e+01	2.189859e+02
1.070000e-06	2.634294e-06	3.726054e-09	1.924580e+01	2.451250e+02
1.080000e-06	2.722480e-06	4.118949e-09	1.989008e+01	2.709141e+02
1.090000e-06	2.809804e-06	4.508765e-09	2.052805e+01	2.961285e+02
1.100000e-06	2.896126e-06	4.885391e-09	2.115871e+01	3.205832e+02
1.110000e-06	2.981433e-06	5.246254e-09	2.178195e+01	3.441378e+02
1.120000e-06	3.065812e-06	5.590529e-09	2.239841e+01	3.666918e+02
1.130000e-06	3.149149e-06	5.918500e-09	2.300726e+01	3.881745e+02
1.140000e-06	3.231168e-06	6.226026e-09	2.360648e+01	4.085348e+02
1.150000e-06	3.311917e-06	6.511493e-09	2.419642e+01	4.277376e+02
1.160000e-06	3.391410e-06	6.779157e-09	2.477719e+01	4.457660e+02
1.170000e-06	3.469608e-06	7.033862e-09	2.534850e+01	4.626273e+02
1.180000e-06	3.546609e-06	7.276428e-09	2.591106e+01	4.783586e+02
1.190000e-06	3.622194e-06	7.503611e-09	2.646327e+01	4.930263e+02
1.200000e-06	3.696060e-06	7.714128e-09	2.700293e+01	5.067171e+02
1.210000e-06	3.768408e-06	7.909562e-09	2.753149e+01	5.195245e+02
1.220000e-06	3.839383e-06	8.092540e-09	2.805003e+01	5.315328e+02
1.230000e-06	3.908932e-06	8.262890e-09	2.855814e+01	5.428058e+02
1.240000e-06	3.977155e-06	8.422568e-09	2.905657e+01	5.533850e+02
1.250000e-06	4.043801e-06	8.572730e-09	2.954347e+01	5.632953e+02
1.260000e-06	4.108748e-06	8.716789e-09	3.001797e+01	5.725587e+02
1.270000e-06	4.172170e-06	8.853649e-09	3.048132e+01	5.812067e+02
1.280000e-06	4.234118e-06	8.980990e-09	3.093391e+01	5.892883e+02
1.290000e-06	4.294681e-06	9.098644e-09	3.137637e+01	5.968684e+02
1.300000e-06	4.353575e-06	9.211282e-09	3.180664e+01	6.040186e+02
1.310000e-06	4.410642e-06	9.319384e-09	3.222357e+01	6.108023e+02
1.320000e-06	4.466061e-06	9.420909e-09	3.262845e+01	6.172627e+02
1.330000e-06	4.519788e-06	9.515266e-09	3.302097e+01	6.234167e+02
1.340000e-06	4.571549e-06	9.601461e-09	3.339913e+01	6.292582e+02
1.350000e-06	4.621207e-06	9.683510e-09	3.376193e+01	6.347692e+02
1.360000e-06	4.668996e-06	9.762229e-09	3.411106e+01	6.399337e+02
1.370000e-06	4.715176e-06	9.836384e-09	3.444845e+01	6.447495e+02
1.380000e-06	4.759815e-06	9.905877e-09	3.477458e+01	6.492333e+02
1.390000e-06	4.802513e-06	9.972654e-09	3.508652e+01	6.534176e+02
1.400000e-06	4.843200e-06	1.003676e-08	3.538378e+01	6.573416e+02
1.410000e-06	4.882192e-06	1.009673e-08	3.566865e+01	6.610405e+02
1.420000e-06	4.919563e-06	1.015042e-08	3.594167e+01	6.645380e+02
1.430000e-06	4.955126e-06	1.019928e-08	3.620150e+01	6.678439e+02
1.440000e-06	4.988654e-06	1.024573e-08	3.644644e+01	6.709581e+02
1.450000e-06	5.020340e-06	1.029053e-08	3.667794e+01	6.738774e+02
1.460000e-06	5.050331e-06	1.033426e-08	3.689705e+01	6.766016e+02
1.470000e-06	5.078559e-06	1.037704e-08	3.710328e+01	6.791365e+02
1.480000e-06	5.104709e-06	1.041723e-08	3.729432e+01	6.814916e+02
1.490000e-06	5.128722e-06	1.045297e-08	3.746976e+01	6.836758e+02
1.500000e-06	5.150913e-06	1.048529e-08	3.763188e+01	6.856915e+02
1.510000e-06	5.171407e-06	1.051417e-08	3.778161e+01	6.875332e+02
1.520000e-06	5.189983e-06	1.054028e-08	3.791733e+01	6.891898e+02
1.530000e-06	5.206448e-06	1.056436e-08	3.803762e+01	6.906512e+02
1.540000e-06	5.220934e-06	1.058612e-08	3.814345e+01	6.919155e+02
1.550000e-06	5.233345e-06	1.060558e-08	3.823412e+01	6.929934e+02
1.560000e-06	5.243420e-06	1.062131e-08	3.830773e+01	6.939080e+02
1.570000e-06	5.251380e-06	1.063322e-08	3.836589e+01	6.946893e+02
1.580000e-06	5.257522e-06	1.064301e-08	3.841076e+01	6.953650e+02
1.590000e-06	5.261813e-06	1.065220e-08	3.844211e+01	6.959526e+02
1.600000e-06	5.264068e-06	1.066344e-08	3.845858e+01	6.964555e+02
1.610000e-06	5.264262e-06	1.067349e-08	3.846000e+01	6.968640e+02
1.620000e-06	5.262630e-06	1.067668e-08	3.844808e+01	6.971619e+02
1.630000e-06	5.259336e-06	1.068150e-08	3.842401e+01	6.973341e+02
1.640000e-06	5.254149e-06	1.068289e-08	3.838612e+01	6.973725e+02
1.650000e-06	5.246990e-06	1.067789e-08	3.833381e+01	6.972775e+02
1.660000e-06	5.238145e-06	1.067095e-08	3.826919e+01	6.970544e+02
1.670000e-06	5.227606e-06	1.066846e-08	3.819220e+01	6.967074e+02
1.680000e-06	5.215086e-06	1.068319e-08	3.810073e+01	6.962346e+02
1.690000e-06	5.200533e-06	1.061460e-08	3.799440e+01	6.956274e+02
1.700000e-06	5.183925e-06	1.054632e-08	3.787307e+01	6.948750e+02
1.710000e-06	5.164728e-06	1.055963e-08	3.773282e+01	6.939725e+02
1.720000e-06	5.142791e-06	1.054320e-08	3.757255e+01	6.929286e+02
1.730000e-06	5.118857e-06	1.063978e-08	3.739769e+01	6.917687e+02
1.740000e-06	5.093899e-06	1.061069e-08	3.721535e+01	6.905301e+02
1.750000e-06	5.068050e-06	1.045082e-08	3.702650e+01	6.892508e+02
1.760000e-06	5.040193e-06	1.057209e-08	3.682298e+01	6.879546e+02
1.770000e-06	5.010070e-06	1.051173e-08	3.660291e+01	6.866394e+02
1.780000e-06	4.978397e-06	1.039485e-08	3.637151e+01	6.852727e+02
1.790000e-06	4.944900e-06	1.052991e-08	3.612679e+01	6.837982e+02
1.800000e-06	4.909676e-06	1.040575e-08	3.586944e+01	6.821511e+02
1.810000e-06	4.872707e-06	1.036626e-08	3.559935e+01	6.802773e+02
1.820000e-06	4.833502e-06	1.047058e-08	3.531292e+01	6.781496e+02
1.830000e-06	4.792518e-06	1.033162e-08	3.501350e+01	6.757757e+02
1.840000e-06	4.749923e-06	1.032317e-08	3.470230e+01	6.731935e+02
1.850000e-06	4.705454e-06	1.023751e-08	3.437742e+01	6.704575e+02
1.860000e-06	4.659284e-06	1.013225e-08	3.404011e+01	6.676211e+02
1.870000e-06	4.611223e-06	1.019743e-08	3.368898e+01	6.647205e+02
1.880000e-06	4.561248e-06	1.008324e-08	3.332387e+01	6.617673e+02
1.890000e-06	4.509376e-06	1.009082e-08	3.294490e+01	6.587508e+02
1.900000e-06	4.455349e-06	1.005242e-08	3.255019e+01	6.556477e+02
1.910000e-06	4.399605e-06	9.960887e-09	3.214293e+01	6.524345e+02
1.920000e-06	4.342258e-06	9.944627e-09	3.172396e+01	6.490979e+02
1.930000e-06	4.283357e-06	9.804073e-09	3.129363e+01	6.456365e+02
1.940000e-06	4.222778e-06	9.807256e-09	3.085105e+01	6.420572e+02
1.950000e-06	4.160325e-06	9.735181e-09	3.039478e+01	6.383663e+02
1.960000e-06	4.096376e-06	9.677324e-09	2.992758e+01	6.345617e+02
1.970000e-06	4.030957e-06	9.672008e-09	2.944964e+01	6.306299e+02
1.980000e-06	3.964144e-06	9.536670e-09	2.896151e+01	6.265497e+02
1.990000e-06	3.895795e-06	9.505981e-09	2.846216e+01	6.223015e+02
2.000000e-06	3.825663e-06	9.403168e-09	2.794978e+01	6.178771e+02
2.010000e-06	3.754080e-06	9.343281e-09	2.742681e+01	6.132852e+02
2.020000e-06	3.681169e-06	9.289024e-09	2.689413e+01	6.085507e+02
2.030000e-06	3.606882e-06	9.185502e-09	2.635140e+01	6.037056e+02
2.040000e-06	3.531030e-06	9.142524e-09	2.579724e+01	5.987773e+02
2.050000e-06	3.453523e-06	9.043293e-09	2.523098e+01	5.937774e+02
2.060000e-06	3.374617e-06	8.990795e-09	2.465450e+01	5.886971e+02
2.070000e-06	3.294512e-06	8.881159e-09	2.406927e+01	5.835109e+02
2.080000e-06	3.213304e-06	8.790160e-09	2.347597e+01	5.781864e+02
2.090000e-06	3.130989e-06	8.715432e-09	2.287459e+01	5.726969e+02
2.100000e-06	3.047574e-06	8.620973e-09	2.226517e+01	5.670309e+02
2.110000e-06	2.962869e-06	8.556119e-09	2.164633e+01	5.611936e+02
2.120000e-06	2.876772e-06	8.444941e-09	2.101731e+01	5.552015e+02
2.130000e-06	2.789547e-06	8.362459e-09	2.038006e+01	5.490718e+02
2.140000e-06	2.701384e-06	8.260761e-09	1.973595e+01	5.428109e+02
2.150000e-06	2.612271e-06	8.164389e-09	1.908491e+01	5.364101e+02
2.160000e-06	2.522212e-06	8.054223e-09	1.842694e+01	5.298478e+02
2.170000e-06	2.431302e-06	7.934709e-09	1.776277e+01	5.230988e+02
2.180000e-06	2.339565e-06	7.838739e-09	1.709255e+01	5.161468e+02
2.190000e-06	2.246905e-06	7.732398e-09	1.641559e+01	5.089930e+02
2.200000e-06	2.153178e-06	7.631878e-09	1.573083e+01	5.016568e+02
2.210000e-06	2.058487e-06	7.510240e-09	1.503903e+01	4.941686e+02
2.220000e-06	1.963036e-06	7.397437e-09	1.434168e+01	4.865555e+02
2.230000e-06	1.866969e-06	7.283009e-09	1.363983e+01	4.788279e+02
2.240000e-06	1.770339e-06	7.162692e-09	1.293386e+01	4.709711e+02
2.250000e-06	1.673052e-06	7.036756e-09	1.222309e+01	4.629471e+02
2.260000e-06	1.575058e-06	6.902549e-09	1.150716e+01	4.547058e+02
2.270000e-06	1.476500e-06	6.774221e-09	1.078712e+01	4.462011e+02
2.280000e-06	1.377586e-06	6.643738e-09	1.006446e+01	4.374047e+02
2.290000e-06	1.278341e-06	6.510326e-09	9.339388e+00	4.283132e+02
2.300000e-06	1.178749e-06	6.366451e-09	8.611787e+00	4.189442e+02
2.310000e-06	1.078701e-06	6.222525e-09	7.880846e+00	4.093236e+02
2.320000e-06	9.781530e-07	6.076666e-09	7.146256e+00	3.994705e+02
2.330000e-06	8.771338e-07	5.924200e-09	6.408223e+00	3.893850e+02
2.340000e-06	7.755957e-07	5.762862e-09	5.666399e+00	3.790454e+02
2.350000e-06	6.736457e-07	5.594136e-09	4.921566e+00	3.684155e+02
2.360000e-06	5.714345e-07	5.426780e-09	4.174825e+00	3.574583e+02
2.370000e-06	4.690032e-07	5.258039e-09	3.426475e+00	3.461502e+02
2.380000e-06	3.663692e-07	5.082106e-09	2.676644e+00	3.344889e+02
2.390000e-06	2.635512e-07	4.897937e-09	1.925470e+00	3.224904e+02
2.400000e-06	1.606760e-07	4.710974e-09	1.173878e+00	3.101765e+02
2.410000e-06	5.777365e-08	4.522831e-09	4.220866e-01	2.975580e+02
2.420000e-06	-4.524823e-08	4.327876e-09	-3.305775e-01	2.846197e+02
2.430000e-06	-1.482735e-07	4.119896e-09	-1.083267e+00	2.713164e+02
2.440000e-06	-2.512164e-07	3.905931e-09	-1.835354e+00	2.575800e+02
2.450000e-06	-3.540777e-07	3.689939e-09	-2.586844e+00	2.433370e+02
2.460000e-06	-4.567220e-07	3.466837e-09	-3.336750e+00	2.285291e+02
2.470000e-06	-5.591247e-07	3.232915e-09	-4.084891e+00	2.131297e+02
2.480000e-06	-6.613023e-07	2.987003e-09	-4.831387e+00	1.971488e+02
2.490000e-06	-7.631661e-07	2.733928e-09	-5.575590e+00	1.806242e+02
2.500000e-06	-8.646000e-07	2.476692e-09	-6.316653e+00	1.636047e+02
2.510000e-06	-9.655163e-07	2.213648e-09	-7.053934e+00	1.461288e+02
2.520000e-06	-1.065910e-06	1.938056e-09	-7.787398e+00	1.282098e+02
2.530000e-06	-1.165836e-06	1.653864e-09	-8.517447e+00	1.098312e+02
2.540000e-06	-1.265330e-06	1.367477e-09	-9.244332e+00	9.095375e+01
2.550000e-06	-1.364383e-06	1.075027e-09	-9.968001e+00	7.152957e+01
2.560000e-06	-1.462996e-06	7.713290e-10	-1.068845e+01	5.151733e+01
2.570000e-06	-1.561140e-06	4.528837e-10	-1.140548e+01	3.089146e+01
2.580000e-06	-1.658764e-06	1.254335e-10	-1.211871e+01	9.642408e+00
2.590000e-06	-1.755740e-06	-2.054225e-10	-1.282721e+01	-1.223089e+01
2.600000e-06	-1.852055e-06	-5.428338e-10	-1.353087e+01	-3.473093e+01
2.610000e-06	-1.947757e-06	-8.921516e-10	-1.423005e+01	-5.786730e+01
2.620000e-06	-2.042922e-06	-1.253645e-09	-1.492532e+01	-8.165292e+01
2.630000e-06	-2.137442e-06	-1.624352e-09	-1.561587e+01	-1.060902e+02
2.640000e-06	-2.230981e-06	-2.003970e-09	-1.629925e+01	-1.311506e+02
2.650000e-06	-2.323379e-06	-2.395432e-09	-1.697430e+01	-1.567560e+02
2.660000e-06	-2.414779e-06	-2.796558e-09	-1.764206e+01	-1.827678e+02
2.670000e-06	-2.505328e-06	-3.199302e-09	-1.830360e+01	-2.089906e+02
2.680000e-06	-2.595000e-06	-3.597690e-09	-1.895873e+01	-2.351895e+02
2.690000e-06	-2.683684e-06	-3.989754e-09	-1.960664e+01	-2.611163e+02
2.700000e-06	-2.771384e-06	-4.375726e-09	-2.024736e+01	-2.865370e+02
2.710000e-06	-2.858202e-06	-4.753421e-09	-2.088165e+01	-3.112525e+02
2.720000e-06	-2.943923e-06	-5.117762e-09	-2.150791e+01	-3.351083e+02
2.730000e-06	-3.028339e-06	-5.466163e-09	-2.212465e+01	-3.579921e+02
2.740000e-06	-3.111577e-06	-5.799770e-09	-2.273277e+01	-3.798247e+02
2.750000e-06	-3.193747e-06	-6.119960e-09	-2.333309e+01	-4.005496e+02
2.760000e-06	-3.274808e-06	-6.424250e-09	-2.392531e+01	-4.201265e+02
2.770000e-06	-3.354760e-06	-6.706677e-09	-2.450943e+01	-4.385320e+02
2.780000e-06	-3.433461e-06	-6.967510e-09	-2.508441e+01	-4.557651e+02
2.790000e-06	-3.510569e-06	-7.212410e-09	-2.564775e+01	-4.718529e+02
2.800000e-06	-3.586123e-06	-7.444047e-09	-2.619974e+01	-4.868530e+02
2.810000e-06	-3.660338e-06	-7.659726e-09	-2.674194e+01	-5.008468e+02
2.820000e-06	-3.733167e-06	-7.859061e-09	-2.727402e+01	-5.139274e+02
2.830000e-06	-3.804661e-06	-8.044782e-09	-2.779635e+01	-5.261837e+02
2.840000e-06	-3.874673e-06	-8.219836e-09	-2.830784e+01	-5.376867e+02
2.850000e-06	-3.942941e-06	-8.384630e-09	-2.880661e+01	-5.484848e+02
2.860000e-06	-4.009691e-06	-8.536575e-09	-2.929427e+01	-5.586071e+02
2.870000e-06	-4.075141e-06	-8.677772e-09	-2.977244e+01	-5.680749e+02
2.880000e-06	-4.139204e-06	-8.810401e-09	-3.024047e+01	-5.769154e+02
2.890000e-06	-4.201728e-06	-8.936171e-09	-3.069727e+01	-5.851718e+02
2.900000e-06	-4.262451e-06	-9.053168e-09	-3.114090e+01	-5.929046e+02
2.910000e-06	-4.321396e-06	-9.161092e-09	-3.157155e+01	-6.001846e+02
2.920000e-06	-4.378851e-06	-9.262663e-09	-3.199130e+01	-6.070795e+02
2.930000e-06	-4.434840e-06	-9.358930e-09	-3.240035e+01	-6.136398e+02
2.940000e-06	-4.489065e-06	-9.450919e-09	-3.279652e+01	-6.198912e+02
2.950000e-06	-4.541215e-06	-9.538055e-09	-3.317752e+01	-6.258341e+02
2.960000e-06	-4.591451e-06	-9.623732e-09	-3.354453e+01	-6.314526e+02
2.970000e-06	-4.639706e-06	-9.707422e-09	-3.389708e+01	-6.367288e+02
2.980000e-06	-4.685930e-06	-9.786492e-09	-3.423478e+01	-6.416550e+02
2.990000e-06	-4.730493e-06	-9.857905e-09	-3.456035e+01	-6.462418e+02
3.000000e-06	-4.773532e-06	-9.921832e-09	-3.487479e+01	-6.505174e+02
3.010000e-06	-4.814985e-06	-9.980256e-09	-3.517764e+01	-6.545200e+02
3.020000e-06	-4.854780e-06	-1.003402e-08	-3.546838e+01	-6.582873e+02
3.030000e-06	-4.892745e-06	-1.008334e-08	-3.574574e+01	-6.618470e+02
3.040000e-06	-4.928743e-06	-1.012897e-08	-3.600874e+01	-6.652133e+02
3.050000e-06	-4.962896e-06	-1.017434e-08	-3.625826e+01	-6.683888e+02
3.060000e-06	-4.995322e-06	-1.022345e-08	-3.649516e+01	-6.713702e+02
3.070000e-06	-5.025928e-06	-1.027335e-08	-3.671876e+01	-6.741559e+02
3.080000e-06	-5.054526e-06	-1.031420e-08	-3.692770e+01	-6.767499e+02
3.090000e-06	-5.081208e-06	-1.034723e-08	-3.712263e+01	-6.791609e+02
3.100000e-06	-5.106047e-06	-1.037602e-08	-3.730410e+01	-6.813987e+02
3.110000e-06	-5.129011e-06	-1.040312e-08	-3.747188e+01	-6.834679e+02
3.120000e-06	-5.149925e-06	-1.042553e-08	-3.762467e+01	-6.853658e+02
3.130000e-06	-5.168806e-06	-1.044440e-08	-3.776261e+01	-6.870824e+02
3.140000e-06	-5.185876e-06	-1.046469e-08	-3.788732e+01	-6.886065e+02
3.150000e-06	-5.201010e-06	-1.048826e-08	-3.799789e+01	-6.899328e+02
3.160000e-06	-5.213963e-06	-1.051261e-08	-3.809252e+01	-6.910678e+02
3.170000e-06	-5.224763e-06	-1.053043e-08	-3.817143e+01	-6.920311e+02
3.180000e-06	-5.233643e-06	-1.053990e-08	-3.823630e+01	-6.928511e+02
3.190000e-06	-5.240586e-06	-1.054615e-08	-3.828702e+01	-6.935574e+02
3.200000e-06	-5.245403e-06	-1.055289e-08	-3.832222e+01	-6.941715e+02
3.210000e-06	-5.248253e-06	-1.055447e-08	-3.834304e+01	-6.947013e+02
3.220000e-06	-5.249322e-06	-1.055176e-08	-3.835085e+01	-6.951410e+02
