# Temperatura_=_63.1
# Concentracion g/m^3_=_18600.0
# C_Vs_to_Am_M_A/Vsm_=_65563218390.804596
# pendiente_HvsI_1/m_=_3716.3
# ordenada_HvsI_A/m_=_1297.0
# frecuencia_Hz_=_309975.2818678389

Tiempo_(s)	Campo_(V.s)	Magnetizacion_(V.s)	Campo_(kA/m)	Magnetizacion_(A/m)
0.000000e+00	-5.255660e-06	-1.142551e-08	-3.834753e+01	-7.521980e+02
1.000000e-08	-5.253902e-06	-1.142440e-08	-3.833470e+01	-7.522898e+02
2.000000e-08	-5.250156e-06	-1.142371e-08	-3.830736e+01	-7.521886e+02
3.000000e-08	-5.244667e-06	-1.142246e-08	-3.826732e+01	-7.519072e+02
4.000000e-08	-5.237557e-06	-1.142042e-08	-3.821544e+01	-7.514823e+02
5.000000e-08	-5.228789e-06	-1.141538e-08	-3.815146e+01	-7.509616e+02
6.000000e-08	-5.218000e-06	-1.140783e-08	-3.807274e+01	-7.503857e+02
7.000000e-08	-5.205092e-06	-1.139900e-08	-3.797856e+01	-7.497711e+02
8.000000e-08	-5.190089e-06	-1.139289e-08	-3.786909e+01	-7.491029e+02
9.000000e-08	-5.172696e-06	-1.140748e-08	-3.774218e+01	-7.483407e+02
1.000000e-07	-5.153042e-06	-1.141544e-08	-3.759878e+01	-7.474343e+02
1.100000e-07	-5.131476e-06	-1.139237e-08	-3.744143e+01	-7.463443e+02
1.200000e-07	-5.108180e-06	-1.137004e-08	-3.727145e+01	-7.450575e+02
1.300000e-07	-5.083400e-06	-1.131073e-08	-3.709064e+01	-7.435917e+02
1.400000e-07	-5.057027e-06	-1.123977e-08	-3.689822e+01	-7.419867e+02
1.500000e-07	-5.028782e-06	-1.127413e-08	-3.669212e+01	-7.402863e+02
1.600000e-07	-4.998782e-06	-1.125179e-08	-3.647323e+01	-7.385186e+02
1.700000e-07	-4.967144e-06	-1.117949e-08	-3.624239e+01	-7.366832e+02
1.800000e-07	-4.933495e-06	-1.119993e-08	-3.599687e+01	-7.347511e+02
1.900000e-07	-4.897896e-06	-1.115176e-08	-3.573713e+01	-7.326765e+02
2.000000e-07	-4.860796e-06	-1.109437e-08	-3.546643e+01	-7.304165e+02
2.100000e-07	-4.821932e-06	-1.107629e-08	-3.518286e+01	-7.279490e+02
2.200000e-07	-4.781105e-06	-1.100683e-08	-3.488497e+01	-7.252819e+02
2.300000e-07	-4.738261e-06	-1.096482e-08	-3.457236e+01	-7.224498e+02
2.400000e-07	-4.693473e-06	-1.095207e-08	-3.424557e+01	-7.194988e+02
2.500000e-07	-4.646983e-06	-1.091699e-08	-3.390636e+01	-7.164676e+02
2.600000e-07	-4.598669e-06	-1.087685e-08	-3.355384e+01	-7.133714e+02
2.700000e-07	-4.548200e-06	-1.081707e-08	-3.318560e+01	-7.101962e+02
2.800000e-07	-4.495556e-06	-1.076021e-08	-3.280148e+01	-7.069054e+02
2.900000e-07	-4.441057e-06	-1.070381e-08	-3.240384e+01	-7.034552e+02
3.000000e-07	-4.384952e-06	-1.064388e-08	-3.199447e+01	-6.998125e+02
3.100000e-07	-4.327119e-06	-1.058928e-08	-3.157250e+01	-6.959676e+02
3.200000e-07	-4.267479e-06	-1.053799e-08	-3.113734e+01	-6.919364e+02
3.300000e-07	-4.206260e-06	-1.049902e-08	-3.069066e+01	-6.877527e+02
3.400000e-07	-4.143583e-06	-1.042742e-08	-3.023334e+01	-6.834536e+02
3.500000e-07	-4.079453e-06	-1.034703e-08	-2.976542e+01	-6.790658e+02
3.600000e-07	-4.013652e-06	-1.027802e-08	-2.928531e+01	-6.745972e+02
3.700000e-07	-3.946160e-06	-1.020264e-08	-2.879286e+01	-6.700383e+02
3.800000e-07	-3.877185e-06	-1.013725e-08	-2.828959e+01	-6.653704e+02
3.900000e-07	-3.806799e-06	-1.007859e-08	-2.777602e+01	-6.605761e+02
4.000000e-07	-3.735136e-06	-1.000924e-08	-2.725313e+01	-6.556469e+02
4.100000e-07	-3.662090e-06	-9.929023e-09	-2.672016e+01	-6.505844e+02
4.200000e-07	-3.587479e-06	-9.850548e-09	-2.617577e+01	-6.453937e+02
4.300000e-07	-3.511305e-06	-9.767289e-09	-2.561997e+01	-6.400749e+02
4.400000e-07	-3.433659e-06	-9.679062e-09	-2.505343e+01	-6.346157e+02
4.500000e-07	-3.354532e-06	-9.598906e-09	-2.447609e+01	-6.289908e+02
4.600000e-07	-3.273922e-06	-9.512388e-09	-2.388793e+01	-6.231692e+02
4.700000e-07	-3.191976e-06	-9.424742e-09	-2.329001e+01	-6.171262e+02
4.800000e-07	-3.108866e-06	-9.337621e-09	-2.268361e+01	-6.108549e+02
4.900000e-07	-3.024775e-06	-9.237875e-09	-2.207004e+01	-6.043720e+02
5.000000e-07	-2.939692e-06	-9.132301e-09	-2.144924e+01	-5.977136e+02
5.100000e-07	-2.853613e-06	-9.027731e-09	-2.082117e+01	-5.909226e+02
5.200000e-07	-2.766639e-06	-8.924236e-09	-2.018657e+01	-5.840323e+02
5.300000e-07	-2.678790e-06	-8.820811e-09	-1.954559e+01	-5.770536e+02
5.400000e-07	-2.589877e-06	-8.717930e-09	-1.889684e+01	-5.699697e+02
5.500000e-07	-2.499730e-06	-8.609556e-09	-1.823909e+01	-5.627426e+02
5.600000e-07	-2.408497e-06	-8.498026e-09	-1.757341e+01	-5.553265e+02
5.700000e-07	-2.316378e-06	-8.385275e-09	-1.690127e+01	-5.476841e+02
5.800000e-07	-2.223461e-06	-8.262695e-09	-1.622332e+01	-5.397974e+02
5.900000e-07	-2.129757e-06	-8.132899e-09	-1.553961e+01	-5.316694e+02
6.000000e-07	-2.035228e-06	-8.004396e-09	-1.484989e+01	-5.233162e+02
6.100000e-07	-1.939948e-06	-7.876259e-09	-1.415468e+01	-5.147537e+02
6.200000e-07	-1.844036e-06	-7.741751e-09	-1.345487e+01	-5.059855e+02
6.300000e-07	-1.747432e-06	-7.601331e-09	-1.275001e+01	-4.969976e+02
6.400000e-07	-1.650062e-06	-7.462246e-09	-1.203955e+01	-4.877631e+02
6.500000e-07	-1.551934e-06	-7.321143e-09	-1.132357e+01	-4.782539e+02
6.600000e-07	-1.453090e-06	-7.172825e-09	-1.060236e+01	-4.684544e+02
6.700000e-07	-1.353633e-06	-7.016879e-09	-9.876681e+00	-4.583688e+02
6.800000e-07	-1.253640e-06	-6.855713e-09	-9.147092e+00	-4.480195e+02
6.900000e-07	-1.153222e-06	-6.692583e-09	-8.414399e+00	-4.374342e+02
7.000000e-07	-1.052477e-06	-6.527820e-09	-7.679320e+00	-4.266292e+02
7.100000e-07	-9.514216e-07	-6.360036e-09	-6.941975e+00	-4.155940e+02
7.200000e-07	-8.500389e-07	-6.186972e-09	-6.202245e+00	-4.042867e+02
7.300000e-07	-7.483437e-07	-6.010829e-09	-5.460233e+00	-3.926415e+02
7.400000e-07	-6.464025e-07	-5.831191e-09	-4.716427e+00	-3.805876e+02
7.500000e-07	-5.442254e-07	-5.641139e-09	-3.970899e+00	-3.680704e+02
7.600000e-07	-4.418227e-07	-5.437640e-09	-3.223725e+00	-3.550682e+02
7.700000e-07	-3.392158e-07	-5.226744e-09	-2.475062e+00	-3.415949e+02
7.800000e-07	-2.364644e-07	-5.011834e-09	-1.725345e+00	-3.276886e+02
7.900000e-07	-1.336429e-07	-4.794784e-09	-9.751152e-01	-3.133899e+02
8.000000e-07	-3.078516e-08	-4.574212e-09	-2.246216e-01	-2.987180e+02
8.100000e-07	7.208377e-08	-4.344607e-09	5.259538e-01	-2.836556e+02
8.200000e-07	1.749473e-07	-4.109408e-09	1.276490e+00	-2.681471e+02
8.300000e-07	2.777983e-07	-3.869088e-09	2.026934e+00	-2.521127e+02
8.400000e-07	3.805432e-07	-3.616251e-09	2.776604e+00	-2.354709e+02
8.500000e-07	4.830641e-07	-3.346276e-09	3.524640e+00	-2.181611e+02
8.600000e-07	5.854106e-07	-3.063326e-09	4.271404e+00	-2.001565e+02
8.700000e-07	6.876265e-07	-2.773622e-09	5.017215e+00	-1.814629e+02
8.800000e-07	7.895524e-07	-2.480738e-09	5.760909e+00	-1.621044e+02
8.900000e-07	8.910949e-07	-2.181650e-09	6.501806e+00	-1.421033e+02
9.000000e-07	9.923347e-07	-1.869465e-09	7.240495e+00	-1.214613e+02
9.100000e-07	1.093271e-06	-1.544091e-09	7.976965e+00	-1.001527e+02
9.200000e-07	1.193891e-06	-1.208151e-09	8.711133e+00	-7.812843e+01
9.300000e-07	1.294166e-06	-8.590666e-10	9.442787e+00	-5.533119e+01
9.400000e-07	1.393985e-06	-4.937945e-10	1.017111e+01	-3.171188e+01
9.500000e-07	1.493152e-06	-1.129474e-10	1.089467e+01	-7.241282e+00
9.600000e-07	1.591558e-06	2.776563e-10	1.161268e+01	1.808792e+01
9.700000e-07	1.689214e-06	6.718698e-10	1.232522e+01	4.426748e+01
9.800000e-07	1.786139e-06	1.074849e-09	1.303243e+01	7.128238e+01
9.900000e-07	1.882337e-06	1.496625e-09	1.373433e+01	9.911372e+01
1.000000e-06	1.977782e-06	1.939787e-09	1.443074e+01	1.277302e+02
1.010000e-06	2.072500e-06	2.394558e-09	1.512184e+01	1.570677e+02
1.020000e-06	2.166490e-06	2.853448e-09	1.580763e+01	1.870028e+02
1.030000e-06	2.259751e-06	3.317824e-09	1.648811e+01	2.173319e+02
1.040000e-06	2.352361e-06	3.785985e-09	1.716383e+01	2.477661e+02
1.050000e-06	2.444230e-06	4.246397e-09	1.783414e+01	2.779490e+02
1.060000e-06	2.535022e-06	4.688926e-09	1.849659e+01	3.074951e+02
1.070000e-06	2.624600e-06	5.112729e-09	1.915019e+01	3.360404e+02
1.080000e-06	2.713065e-06	5.523464e-09	1.979567e+01	3.632903e+02
1.090000e-06	2.800578e-06	5.921341e-09	2.043420e+01	3.890509e+02
1.100000e-06	2.887180e-06	6.294705e-09	2.106609e+01	4.132358e+02
1.110000e-06	2.972778e-06	6.639554e-09	2.169065e+01	4.358480e+02
1.120000e-06	3.057388e-06	6.957581e-09	2.230800e+01	4.569468e+02
1.130000e-06	3.140997e-06	7.254391e-09	2.291804e+01	4.766116e+02
1.140000e-06	3.223376e-06	7.530514e-09	2.351912e+01	4.949170e+02
1.150000e-06	3.304440e-06	7.784298e-09	2.411059e+01	5.119245e+02
1.160000e-06	3.384270e-06	8.020171e-09	2.469307e+01	5.276917e+02
1.170000e-06	3.462853e-06	8.243475e-09	2.526645e+01	5.422892e+02
1.180000e-06	3.540144e-06	8.454002e-09	2.583039e+01	5.558150e+02
1.190000e-06	3.616053e-06	8.648630e-09	2.638426e+01	5.683965e+02
1.200000e-06	3.690337e-06	8.827409e-09	2.692626e+01	5.801778e+02
1.210000e-06	3.762989e-06	8.994651e-09	2.745637e+01	5.912955e+02
1.220000e-06	3.834224e-06	9.155552e-09	2.797612e+01	6.018533e+02
1.230000e-06	3.904039e-06	9.311179e-09	2.848552e+01	6.119056e+02
1.240000e-06	3.972485e-06	9.458648e-09	2.898493e+01	6.214579e+02
1.250000e-06	4.039461e-06	9.596067e-09	2.947362e+01	6.304834e+02
1.260000e-06	4.104729e-06	9.728905e-09	2.994985e+01	6.389501e+02
1.270000e-06	4.168412e-06	9.856522e-09	3.041450e+01	6.468464e+02
1.280000e-06	4.230653e-06	9.972889e-09	3.086864e+01	6.541962e+02
1.290000e-06	4.291492e-06	1.007671e-08	3.131255e+01	6.610583e+02
1.300000e-06	4.350826e-06	1.017487e-08	3.174547e+01	6.675098e+02
1.310000e-06	4.408344e-06	1.027167e-08	3.216515e+01	6.736239e+02
1.320000e-06	4.464102e-06	1.036464e-08	3.257198e+01	6.794500e+02
1.330000e-06	4.518181e-06	1.044999e-08	3.296657e+01	6.850058e+02
1.340000e-06	4.570357e-06	1.052729e-08	3.334726e+01	6.902832e+02
1.350000e-06	4.620415e-06	1.060100e-08	3.371251e+01	6.952654e+02
1.360000e-06	4.668526e-06	1.067429e-08	3.406354e+01	6.999466e+02
1.370000e-06	4.714969e-06	1.074508e-08	3.440241e+01	7.043439e+02
1.380000e-06	4.759844e-06	1.081061e-08	3.472984e+01	7.084977e+02
1.390000e-06	4.802959e-06	1.087260e-08	3.504443e+01	7.124589e+02
1.400000e-06	4.844087e-06	1.093385e-08	3.534451e+01	7.162695e+02
1.410000e-06	4.883406e-06	1.099267e-08	3.563140e+01	7.199455e+02
1.420000e-06	4.921010e-06	1.104500e-08	3.590578e+01	7.234697e+02
1.430000e-06	4.956859e-06	1.109227e-08	3.616734e+01	7.267987e+02
1.440000e-06	4.990794e-06	1.113914e-08	3.641495e+01	7.298805e+02
1.450000e-06	5.022755e-06	1.118719e-08	3.664815e+01	7.326764e+02
1.460000e-06	5.052949e-06	1.123372e-08	3.686846e+01	7.351776e+02
1.470000e-06	5.081479e-06	1.127235e-08	3.707663e+01	7.374093e+02
1.480000e-06	5.108003e-06	1.130305e-08	3.727016e+01	7.394219e+02
1.490000e-06	5.132325e-06	1.133155e-08	3.744762e+01	7.412731e+02
1.500000e-06	5.154740e-06	1.136121e-08	3.761117e+01	7.430077e+02
1.510000e-06	5.175460e-06	1.138700e-08	3.776235e+01	7.446454e+02
1.520000e-06	5.194317e-06	1.140827e-08	3.789994e+01	7.461797e+02
1.530000e-06	5.211088e-06	1.143106e-08	3.802230e+01	7.475873e+02
1.540000e-06	5.225814e-06	1.145613e-08	3.812975e+01	7.488443e+02
1.550000e-06	5.238497e-06	1.148027e-08	3.822230e+01	7.499393e+02
1.560000e-06	5.248923e-06	1.149746e-08	3.829837e+01	7.508790e+02
1.570000e-06	5.257177e-06	1.150774e-08	3.835859e+01	7.516831e+02
1.580000e-06	5.263538e-06	1.151607e-08	3.840500e+01	7.523726e+02
1.590000e-06	5.268074e-06	1.152578e-08	3.843810e+01	7.529564e+02
1.600000e-06	5.270608e-06	1.153521e-08	3.845659e+01	7.534242e+02
1.610000e-06	5.271075e-06	1.154128e-08	3.846000e+01	7.537498e+02
1.620000e-06	5.269700e-06	1.154240e-08	3.844997e+01	7.539027e+02
1.630000e-06	5.266661e-06	1.154257e-08	3.842779e+01	7.538640e+02
1.640000e-06	5.261783e-06	1.154170e-08	3.839220e+01	7.536380e+02
1.650000e-06	5.254909e-06	1.153525e-08	3.834205e+01	7.532548e+02
1.660000e-06	5.246278e-06	1.152488e-08	3.827907e+01	7.527603e+02
1.670000e-06	5.235953e-06	1.151322e-08	3.820374e+01	7.521995e+02
1.680000e-06	5.223689e-06	1.150527e-08	3.811425e+01	7.515979e+02
1.690000e-06	5.209399e-06	1.148647e-08	3.800998e+01	7.509509e+02
1.700000e-06	5.193076e-06	1.143577e-08	3.789088e+01	7.502249e+02
1.710000e-06	5.174254e-06	1.140443e-08	3.775355e+01	7.493706e+02
1.720000e-06	5.152690e-06	1.139651e-08	3.759621e+01	7.483431e+02
1.730000e-06	5.128976e-06	1.140474e-08	3.742319e+01	7.471195e+02
1.740000e-06	5.104079e-06	1.145258e-08	3.724152e+01	7.457082e+02
1.750000e-06	5.078344e-06	1.138454e-08	3.705375e+01	7.441435e+02
1.760000e-06	5.050793e-06	1.130174e-08	3.685273e+01	7.424702e+02
1.770000e-06	5.020927e-06	1.134198e-08	3.663481e+01	7.407232e+02
1.780000e-06	4.989436e-06	1.129880e-08	3.640504e+01	7.389120e+02
1.790000e-06	4.956228e-06	1.125558e-08	3.616274e+01	7.370161e+02
1.800000e-06	4.921243e-06	1.125473e-08	3.590747e+01	7.349930e+02
1.810000e-06	4.884547e-06	1.118967e-08	3.563973e+01	7.327969e+02
1.820000e-06	4.845680e-06	1.118018e-08	3.535613e+01	7.303973e+02
1.830000e-06	4.804911e-06	1.116443e-08	3.505867e+01	7.277922e+02
1.840000e-06	4.762515e-06	1.109763e-08	3.474933e+01	7.250088e+02
1.850000e-06	4.718221e-06	1.104300e-08	3.442614e+01	7.220916e+02
1.860000e-06	4.672210e-06	1.096337e-08	3.409042e+01	7.190837e+02
1.870000e-06	4.624346e-06	1.093597e-08	3.374119e+01	7.160091e+02
1.880000e-06	4.574531e-06	1.088908e-08	3.337772e+01	7.128630e+02
1.890000e-06	4.522878e-06	1.082323e-08	3.300083e+01	7.096147e+02
1.900000e-06	4.469138e-06	1.081777e-08	3.260873e+01	7.062208e+02
1.910000e-06	4.413595e-06	1.074843e-08	3.220346e+01	7.026428e+02
1.920000e-06	4.356431e-06	1.068366e-08	3.178637e+01	6.988629e+02
1.930000e-06	4.297719e-06	1.060553e-08	3.135798e+01	6.948890e+02
1.940000e-06	4.237300e-06	1.051417e-08	3.091714e+01	6.907507e+02
1.950000e-06	4.174983e-06	1.047878e-08	3.046245e+01	6.864856e+02
1.960000e-06	4.111157e-06	1.040608e-08	2.999674e+01	6.821250e+02
1.970000e-06	4.045887e-06	1.035318e-08	2.952050e+01	6.776832e+02
1.980000e-06	3.979200e-06	1.028942e-08	2.903393e+01	6.731557e+02
1.990000e-06	3.910952e-06	1.019956e-08	2.853596e+01	6.685256e+02
2.000000e-06	3.840921e-06	1.012741e-08	2.802499e+01	6.637739e+02
2.010000e-06	3.769401e-06	1.003604e-08	2.750315e+01	6.588889e+02
2.020000e-06	3.696552e-06	9.968365e-09	2.697161e+01	6.538692e+02
2.030000e-06	3.622373e-06	9.886099e-09	2.643037e+01	6.487197e+02
2.040000e-06	3.546669e-06	9.807385e-09	2.587800e+01	6.434434e+02
2.050000e-06	3.469304e-06	9.731344e-09	2.531352e+01	6.380321e+02
2.060000e-06	3.390480e-06	9.640782e-09	2.473838e+01	6.324643e+02
2.070000e-06	3.310430e-06	9.557053e-09	2.415430e+01	6.267098e+02
2.080000e-06	3.229268e-06	9.445231e-09	2.356211e+01	6.207402e+02
2.090000e-06	3.146975e-06	9.354428e-09	2.296167e+01	6.145421e+02
2.100000e-06	3.063568e-06	9.262283e-09	2.235309e+01	6.081246e+02
2.110000e-06	2.978903e-06	9.157768e-09	2.173534e+01	6.015185e+02
2.120000e-06	2.892933e-06	9.058538e-09	2.110807e+01	5.947663e+02
2.130000e-06	2.805781e-06	8.944878e-09	2.047217e+01	5.879060e+02
2.140000e-06	2.717636e-06	8.839454e-09	1.982902e+01	5.809568e+02
2.150000e-06	2.628574e-06	8.728321e-09	1.917919e+01	5.739106e+02
2.160000e-06	2.538551e-06	8.618604e-09	1.852235e+01	5.667350e+02
2.170000e-06	2.447697e-06	8.504398e-09	1.785944e+01	5.593850e+02
2.180000e-06	2.355964e-06	8.386339e-09	1.719011e+01	5.518189e+02
2.190000e-06	2.263266e-06	8.275491e-09	1.651375e+01	5.440119e+02
2.200000e-06	2.169614e-06	8.148413e-09	1.583042e+01	5.359606e+02
2.210000e-06	2.074996e-06	8.019157e-09	1.514005e+01	5.276783e+02
2.220000e-06	1.979505e-06	7.885918e-09	1.444331e+01	5.191825e+02
2.230000e-06	1.883341e-06	7.757288e-09	1.374166e+01	5.104817e+02
2.240000e-06	1.786584e-06	7.629003e-09	1.303567e+01	5.015674e+02
2.250000e-06	1.689161e-06	7.489513e-09	1.232483e+01	4.924160e+02
2.260000e-06	1.591148e-06	7.346038e-09	1.160969e+01	4.829981e+02
2.270000e-06	1.492664e-06	7.193474e-09	1.089111e+01	4.732930e+02
2.280000e-06	1.393746e-06	7.041476e-09	1.016936e+01	4.632982e+02
2.290000e-06	1.294375e-06	6.884843e-09	9.444309e+00	4.530311e+02
2.300000e-06	1.194590e-06	6.722336e-09	8.716237e+00	4.425196e+02
2.310000e-06	1.094390e-06	6.558196e-09	7.985131e+00	4.317854e+02
2.320000e-06	9.936982e-07	6.392655e-09	7.250443e+00	4.208278e+02
2.330000e-06	8.925397e-07	6.226472e-09	6.512348e+00	4.096148e+02
2.340000e-06	7.910153e-07	6.052611e-09	5.771583e+00	3.980867e+02
2.350000e-06	6.891786e-07	5.869737e-09	5.028540e+00	3.861719e+02
2.360000e-06	5.870183e-07	5.678589e-09	4.283134e+00	3.738083e+02
2.370000e-06	4.845619e-07	5.481001e-09	3.535569e+00	3.609627e+02
2.380000e-06	3.818636e-07	5.277358e-09	2.786239e+00	3.476379e+02
2.390000e-06	2.790120e-07	5.066445e-09	2.035790e+00	3.338665e+02
2.400000e-06	1.760625e-07	4.852913e-09	1.284627e+00	3.196910e+02
2.410000e-06	7.302436e-08	4.637232e-09	5.328167e-01	3.051396e+02
2.420000e-06	-3.010029e-08	4.414142e-09	-2.196245e-01	2.902076e+02
2.430000e-06	-1.332325e-07	4.177671e-09	-9.721211e-01	2.748510e+02
2.440000e-06	-2.362305e-07	3.929559e-09	-1.723638e+00	2.589954e+02
2.450000e-06	-3.391089e-07	3.676466e-09	-2.474282e+00	2.425574e+02
2.460000e-06	-4.418786e-07	3.416285e-09	-3.224134e+00	2.254676e+02
2.470000e-06	-5.444390e-07	3.147418e-09	-3.972458e+00	2.076876e+02
2.480000e-06	-6.467319e-07	2.867813e-09	-4.718830e+00	1.892138e+02
2.490000e-06	-7.487501e-07	2.579032e-09	-5.463198e+00	1.700667e+02
2.500000e-06	-8.503861e-07	2.282227e-09	-6.204777e+00	1.502712e+02
2.510000e-06	-9.515454e-07	1.972441e-09	-6.942879e+00	1.298373e+02
2.520000e-06	-1.052240e-06	1.647802e-09	-7.677590e+00	1.087479e+02
2.530000e-06	-1.152502e-06	1.308684e-09	-8.409142e+00	8.696043e+01
2.540000e-06	-1.252355e-06	9.620483e-10	-9.137712e+00	6.441827e+01
2.550000e-06	-1.351747e-06	6.094361e-10	-9.862922e+00	4.106802e+01
2.560000e-06	-1.450596e-06	2.466767e-10	-1.058417e+01	1.687338e+01
2.570000e-06	-1.548932e-06	-1.311831e-10	-1.130167e+01	-8.179634e+00
2.580000e-06	-1.646745e-06	-5.254255e-10	-1.201535e+01	-3.408678e+01
2.590000e-06	-1.743937e-06	-9.332465e-10	-1.272450e+01	-6.083445e+01
2.600000e-06	-1.840508e-06	-1.353774e-09	-1.342912e+01	-8.840532e+01
2.610000e-06	-1.936488e-06	-1.785764e-09	-1.412944e+01	-1.167738e+02
2.620000e-06	-2.031867e-06	-2.229889e-09	-1.482536e+01	-1.458891e+02
2.630000e-06	-2.126569e-06	-2.684145e-09	-1.551635e+01	-1.756496e+02
2.640000e-06	-2.220359e-06	-3.143717e-09	-1.620068e+01	-2.058790e+02
2.650000e-06	-2.313080e-06	-3.605158e-09	-1.687721e+01	-2.363152e+02
2.660000e-06	-2.404779e-06	-4.065201e-09	-1.754629e+01	-2.666199e+02
2.670000e-06	-2.495512e-06	-4.521645e-09	-1.820831e+01	-2.964119e+02
2.680000e-06	-2.585326e-06	-4.967411e-09	-1.886364e+01	-3.253147e+02
2.690000e-06	-2.674195e-06	-5.393187e-09	-1.951206e+01	-3.530068e+02
2.700000e-06	-2.762164e-06	-5.795299e-09	-2.015392e+01	-3.792600e+02
2.710000e-06	-2.849262e-06	-6.174637e-09	-2.078942e+01	-4.039541e+02
2.720000e-06	-2.935256e-06	-6.531420e-09	-2.141688e+01	-4.270668e+02
2.730000e-06	-3.019970e-06	-6.863813e-09	-2.203498e+01	-4.486431e+02
2.740000e-06	-3.103469e-06	-7.170326e-09	-2.264423e+01	-4.687596e+02
2.750000e-06	-3.185890e-06	-7.452433e-09	-2.324560e+01	-4.874941e+02
2.760000e-06	-3.267255e-06	-7.717143e-09	-2.383928e+01	-5.049121e+02
2.770000e-06	-3.347492e-06	-7.968340e-09	-2.442472e+01	-5.210707e+02
2.780000e-06	-3.426468e-06	-8.201746e-09	-2.500096e+01	-5.360345e+02
2.790000e-06	-3.503970e-06	-8.414201e-09	-2.556645e+01	-5.498916e+02
2.800000e-06	-3.579918e-06	-8.611276e-09	-2.612060e+01	-5.627607e+02
2.810000e-06	-3.654439e-06	-8.796657e-09	-2.666434e+01	-5.747829e+02
2.820000e-06	-3.727582e-06	-8.968456e-09	-2.719802e+01	-5.861000e+02
2.830000e-06	-3.799375e-06	-9.128105e-09	-2.772185e+01	-5.968288e+02
2.840000e-06	-3.869730e-06	-9.279692e-09	-2.823519e+01	-6.070402e+02
2.850000e-06	-3.938442e-06	-9.425697e-09	-2.873655e+01	-6.167545e+02
2.860000e-06	-4.005583e-06	-9.565816e-09	-2.922643e+01	-6.259527e+02
2.870000e-06	-4.071296e-06	-9.696656e-09	-2.970590e+01	-6.346012e+02
2.880000e-06	-4.135570e-06	-9.816533e-09	-3.017487e+01	-6.426795e+02
2.890000e-06	-4.198359e-06	-9.928277e-09	-3.063301e+01	-6.501995e+02
2.900000e-06	-4.259451e-06	-1.003436e-08	-3.107876e+01	-6.572098e+02
2.910000e-06	-4.318766e-06	-1.013273e-08	-3.151155e+01	-6.637841e+02
2.920000e-06	-4.376511e-06	-1.022328e-08	-3.193288e+01	-6.699992e+02
2.930000e-06	-4.432754e-06	-1.030938e-08	-3.234326e+01	-6.759140e+02
2.940000e-06	-4.487263e-06	-1.039443e-08	-3.274098e+01	-6.815560e+02
2.950000e-06	-4.539762e-06	-1.047780e-08	-3.312403e+01	-6.869241e+02
2.960000e-06	-4.590306e-06	-1.055638e-08	-3.349282e+01	-6.920022e+02
2.970000e-06	-4.638896e-06	-1.062981e-08	-3.384735e+01	-6.967790e+02
2.980000e-06	-4.685482e-06	-1.069915e-08	-3.418726e+01	-7.012635e+02
2.990000e-06	-4.730321e-06	-1.076382e-08	-3.451443e+01	-7.054896e+02
3.000000e-06	-4.773600e-06	-1.082118e-08	-3.483021e+01	-7.095068e+02
3.010000e-06	-4.815261e-06	-1.087398e-08	-3.513418e+01	-7.133620e+02
3.020000e-06	-4.855346e-06	-1.092665e-08	-3.542666e+01	-7.170810e+02
3.030000e-06	-4.893702e-06	-1.098154e-08	-3.570652e+01	-7.206572e+02
3.040000e-06	-4.930033e-06	-1.103563e-08	-3.597161e+01	-7.240541e+02
3.050000e-06	-4.964470e-06	-1.108361e-08	-3.622288e+01	-7.272200e+02
3.060000e-06	-4.997184e-06	-1.112555e-08	-3.646157e+01	-7.301099e+02
3.070000e-06	-5.028077e-06	-1.116329e-08	-3.668698e+01	-7.327041e+02
3.080000e-06	-5.056926e-06	-1.119463e-08	-3.689748e+01	-7.350173e+02
3.090000e-06	-5.083855e-06	-1.122064e-08	-3.709396e+01	-7.370934e+02
3.100000e-06	-5.108991e-06	-1.124571e-08	-3.727737e+01	-7.389901e+02
3.110000e-06	-5.132264e-06	-1.127235e-08	-3.744717e+01	-7.407581e+02
3.120000e-06	-5.153501e-06	-1.129879e-08	-3.760213e+01	-7.424260e+02
3.130000e-06	-5.172697e-06	-1.132175e-08	-3.774219e+01	-7.439950e+02
3.140000e-06	-5.190084e-06	-1.133988e-08	-3.786905e+01	-7.454457e+02
3.150000e-06	-5.205589e-06	-1.135579e-08	-3.798218e+01	-7.467526e+02
3.160000e-06	-5.218881e-06	-1.137182e-08	-3.807917e+01	-7.478993e+02
3.170000e-06	-5.229952e-06	-1.138657e-08	-3.815995e+01	-7.488866e+02
3.180000e-06	-5.239068e-06	-1.139676e-08	-3.822646e+01	-7.497312e+02
3.190000e-06	-5.246262e-06	-1.140432e-08	-3.827895e+01	-7.504553e+02
3.200000e-06	-5.251386e-06	-1.141515e-08	-3.831634e+01	-7.510727e+02
3.210000e-06	-5.254490e-06	-1.142337e-08	-3.833899e+01	-7.515794e+02
3.220000e-06	-5.255798e-06	-1.142621e-08	-3.834853e+01	-7.519536e+02
