# Temperatura_=_31.86
# Concentracion g/m^3_=_18600.0
# C_Vs_to_Am_M_A/Vsm_=_65563218390.804596
# pendiente_HvsI_1/m_=_3716.3
# ordenada_HvsI_A/m_=_1297.0
# frecuencia_Hz_=_309979.5551869181

Tiempo_(s)	Campo_(V.s)	Magnetizacion_(V.s)	Campo_(kA/m)	Magnetizacion_(A/m)
0.000000e+00	-5.248738e-06	-9.849101e-09	-3.834512e+01	-6.489015e+02
1.000000e-08	-5.247023e-06	-9.850185e-09	-3.833259e+01	-6.492193e+02
2.000000e-08	-5.243370e-06	-9.857756e-09	-3.830590e+01	-6.494115e+02
3.000000e-08	-5.237956e-06	-9.865884e-09	-3.826635e+01	-6.494868e+02
4.000000e-08	-5.230893e-06	-9.868029e-09	-3.821475e+01	-6.494583e+02
5.000000e-08	-5.222093e-06	-9.864309e-09	-3.815046e+01	-6.493351e+02
6.000000e-08	-5.211290e-06	-9.860481e-09	-3.807154e+01	-6.491141e+02
7.000000e-08	-5.198444e-06	-9.863029e-09	-3.797769e+01	-6.487774e+02
8.000000e-08	-5.183515e-06	-9.869221e-09	-3.786863e+01	-6.482968e+02
9.000000e-08	-5.166236e-06	-9.861570e-09	-3.774240e+01	-6.476446e+02
1.000000e-07	-5.146692e-06	-9.856029e-09	-3.759961e+01	-6.468073e+02
1.100000e-07	-5.125180e-06	-9.845877e-09	-3.744246e+01	-6.457948e+02
1.200000e-07	-5.101923e-06	-9.810729e-09	-3.727255e+01	-6.446413e+02
1.300000e-07	-5.077192e-06	-9.792405e-09	-3.709188e+01	-6.433955e+02
1.400000e-07	-5.050912e-06	-9.754338e-09	-3.689988e+01	-6.421026e+02
1.500000e-07	-5.022767e-06	-9.718640e-09	-3.669427e+01	-6.407867e+02
1.600000e-07	-4.992873e-06	-9.754329e-09	-3.647587e+01	-6.394391e+02
1.700000e-07	-4.961341e-06	-9.711980e-09	-3.624551e+01	-6.380190e+02
1.800000e-07	-4.927780e-06	-9.665550e-09	-3.600033e+01	-6.364669e+02
1.900000e-07	-4.892299e-06	-9.672456e-09	-3.574112e+01	-6.347263e+02
2.000000e-07	-4.855315e-06	-9.606578e-09	-3.547094e+01	-6.327645e+02
2.100000e-07	-4.816589e-06	-9.577619e-09	-3.518802e+01	-6.305847e+02
2.200000e-07	-4.775907e-06	-9.553121e-09	-3.489081e+01	-6.282245e+02
2.300000e-07	-4.733196e-06	-9.492535e-09	-3.457878e+01	-6.257407e+02
2.400000e-07	-4.688570e-06	-9.492306e-09	-3.425276e+01	-6.231873e+02
2.500000e-07	-4.642257e-06	-9.463369e-09	-3.391442e+01	-6.205951e+02
2.600000e-07	-4.594041e-06	-9.411301e-09	-3.356217e+01	-6.179625e+02
2.700000e-07	-4.543636e-06	-9.386645e-09	-3.319394e+01	-6.152590e+02
2.800000e-07	-4.491110e-06	-9.326334e-09	-3.281020e+01	-6.124426e+02
2.900000e-07	-4.436764e-06	-9.270437e-09	-3.241317e+01	-6.094800e+02
3.000000e-07	-4.380781e-06	-9.226172e-09	-3.200419e+01	-6.063632e+02
3.100000e-07	-4.323077e-06	-9.180803e-09	-3.158262e+01	-6.031139e+02
3.200000e-07	-4.263594e-06	-9.139178e-09	-3.114806e+01	-5.997733e+02
3.300000e-07	-4.202472e-06	-9.108214e-09	-3.070153e+01	-5.963829e+02
3.400000e-07	-4.139856e-06	-9.062500e-09	-3.024409e+01	-5.929639e+02
3.500000e-07	-4.075779e-06	-8.980195e-09	-2.977596e+01	-5.895053e+02
3.600000e-07	-4.010099e-06	-8.929317e-09	-2.929613e+01	-5.859653e+02
3.700000e-07	-3.942741e-06	-8.877833e-09	-2.880404e+01	-5.822871e+02
3.800000e-07	-3.873847e-06	-8.807625e-09	-2.830073e+01	-5.784222e+02
3.900000e-07	-3.803594e-06	-8.766921e-09	-2.778749e+01	-5.743501e+02
4.000000e-07	-3.732091e-06	-8.712698e-09	-2.726512e+01	-5.700879e+02
4.100000e-07	-3.659236e-06	-8.644245e-09	-2.673287e+01	-5.656834e+02
4.200000e-07	-3.584778e-06	-8.573618e-09	-2.618891e+01	-5.611955e+02
4.300000e-07	-3.508712e-06	-8.497583e-09	-2.563320e+01	-5.566692e+02
4.400000e-07	-3.431159e-06	-8.421979e-09	-2.506664e+01	-5.521173e+02
4.500000e-07	-3.352141e-06	-8.356287e-09	-2.448936e+01	-5.475141e+02
4.600000e-07	-3.271656e-06	-8.292209e-09	-2.390137e+01	-5.428065e+02
4.700000e-07	-3.189822e-06	-8.219419e-09	-2.330353e+01	-5.379361e+02
4.800000e-07	-3.106826e-06	-8.152296e-09	-2.269720e+01	-5.328628e+02
4.900000e-07	-3.022788e-06	-8.075092e-09	-2.208324e+01	-5.275811e+02
5.000000e-07	-2.937796e-06	-7.987652e-09	-2.146233e+01	-5.221203e+02
5.100000e-07	-2.851826e-06	-7.895966e-09	-2.083426e+01	-5.165301e+02
5.200000e-07	-2.764921e-06	-7.802522e-09	-2.019937e+01	-5.108569e+02
5.300000e-07	-2.677143e-06	-7.717284e-09	-1.955810e+01	-5.051219e+02
5.400000e-07	-2.588388e-06	-7.635472e-09	-1.890970e+01	-4.993101e+02
5.500000e-07	-2.498427e-06	-7.548948e-09	-1.825248e+01	-4.933750e+02
5.600000e-07	-2.407225e-06	-7.459212e-09	-1.758620e+01	-4.872580e+02
5.700000e-07	-2.315132e-06	-7.367570e-09	-1.691340e+01	-4.809122e+02
5.800000e-07	-2.222353e-06	-7.267682e-09	-1.623560e+01	-4.743229e+02
5.900000e-07	-2.128802e-06	-7.157107e-09	-1.555215e+01	-4.675132e+02
6.000000e-07	-2.034457e-06	-7.042497e-09	-1.486290e+01	-4.605342e+02
6.100000e-07	-1.939344e-06	-6.930985e-09	-1.416805e+01	-4.534425e+02
6.200000e-07	-1.843516e-06	-6.825029e-09	-1.346797e+01	-4.462755e+02
6.300000e-07	-1.747038e-06	-6.717667e-09	-1.276314e+01	-4.390344e+02
6.400000e-07	-1.649873e-06	-6.606128e-09	-1.205329e+01	-4.316817e+02
6.500000e-07	-1.551856e-06	-6.493820e-09	-1.133722e+01	-4.241552e+02
6.600000e-07	-1.453064e-06	-6.378202e-09	-1.061549e+01	-4.163910e+02
6.700000e-07	-1.353669e-06	-6.254589e-09	-9.889351e+00	-4.083465e+02
6.800000e-07	-1.253749e-06	-6.121867e-09	-9.159375e+00	-4.000135e+02
6.900000e-07	-1.153481e-06	-5.984999e-09	-8.426856e+00	-3.914163e+02
7.000000e-07	-1.052906e-06	-5.848235e-09	-7.692096e+00	-3.825953e+02
7.100000e-07	-9.519879e-07	-5.712512e-09	-6.954831e+00	-3.735853e+02
7.200000e-07	-8.507413e-07	-5.574238e-09	-6.215165e+00	-3.643964e+02
7.300000e-07	-7.492134e-07	-5.432351e-09	-5.473445e+00	-3.550070e+02
7.400000e-07	-6.474161e-07	-5.287954e-09	-4.729756e+00	-3.453713e+02
7.500000e-07	-5.453823e-07	-5.138909e-09	-3.984339e+00	-3.354372e+02
7.600000e-07	-4.431461e-07	-4.982029e-09	-3.237443e+00	-3.251675e+02
7.700000e-07	-3.406968e-07	-4.816947e-09	-2.488990e+00	-3.145532e+02
7.800000e-07	-2.381292e-07	-4.646977e-09	-1.739674e+00	-3.036141e+02
7.900000e-07	-1.355157e-07	-4.473412e-09	-9.900217e-01	-2.923849e+02
8.000000e-07	-3.282913e-08	-4.298825e-09	-2.398361e-01	-2.808948e+02
8.100000e-07	6.991834e-08	-4.120229e-09	5.107946e-01	-2.691472e+02
8.200000e-07	1.726419e-07	-3.936070e-09	1.261251e+00	-2.571106e+02
8.300000e-07	2.752988e-07	-3.748878e-09	2.011220e+00	-2.447239e+02
8.400000e-07	3.778579e-07	-3.555719e-09	2.760474e+00	-2.319144e+02
8.500000e-07	4.802530e-07	-3.352002e-09	3.508531e+00	-2.186215e+02
8.600000e-07	5.825092e-07	-3.137225e-09	4.255572e+00	-2.048161e+02
8.700000e-07	6.845780e-07	-2.915138e-09	5.001245e+00	-1.905078e+02
8.800000e-07	7.863364e-07	-2.689082e-09	5.744650e+00	-1.757382e+02
8.900000e-07	8.877457e-07	-2.459951e-09	6.485505e+00	-1.605621e+02
9.000000e-07	9.888446e-07	-2.226715e-09	7.224091e+00	-1.450261e+02
9.100000e-07	1.089648e-06	-1.987940e-09	7.960516e+00	-1.291523e+02
9.200000e-07	1.190158e-06	-1.743607e-09	8.694804e+00	-1.129338e+02
9.300000e-07	1.290344e-06	-1.491553e-09	9.426724e+00	-9.634228e+01
9.400000e-07	1.390046e-06	-1.229971e-09	1.015510e+01	-7.934329e+01
9.500000e-07	1.489106e-06	-9.581699e-10	1.087880e+01	-6.191123e+01
9.600000e-07	1.587367e-06	-6.815493e-10	1.159665e+01	-4.403728e+01
9.700000e-07	1.684802e-06	-4.057038e-10	1.230847e+01	-2.572686e+01
9.800000e-07	1.781566e-06	-1.265638e-10	1.301538e+01	-6.988578e+00
9.900000e-07	1.877708e-06	1.616280e-10	1.371776e+01	1.217892e+01
1.000000e-06	1.973133e-06	4.629138e-10	1.441490e+01	3.179494e+01
1.010000e-06	2.067791e-06	7.734182e-10	1.510643e+01	5.189402e+01
1.020000e-06	2.161727e-06	1.091326e-09	1.579269e+01	7.251228e+01
1.030000e-06	2.254962e-06	1.418194e-09	1.647383e+01	9.366725e+01
1.040000e-06	2.347493e-06	1.752845e-09	1.714982e+01	1.153390e+02
1.050000e-06	2.439247e-06	2.090426e-09	1.782013e+01	1.374605e+02
1.060000e-06	2.529946e-06	2.428691e-09	1.848274e+01	1.599203e+02
1.070000e-06	2.619406e-06	2.769305e-09	1.913630e+01	1.825777e+02
1.080000e-06	2.707795e-06	3.115376e-09	1.978203e+01	2.052828e+02
1.090000e-06	2.795219e-06	3.465085e-09	2.042072e+01	2.278950e+02
1.100000e-06	2.881633e-06	3.811129e-09	2.105203e+01	2.502919e+02
1.110000e-06	2.967052e-06	4.150238e-09	2.167606e+01	2.723674e+02
1.120000e-06	3.051561e-06	4.482225e-09	2.229345e+01	2.940215e+02
1.130000e-06	3.135075e-06	4.804932e-09	2.290357e+01	3.151488e+02
1.140000e-06	3.217403e-06	5.115239e-09	2.350502e+01	3.356328e+02
1.150000e-06	3.298423e-06	5.411765e-09	2.409692e+01	3.553506e+02
1.160000e-06	3.378090e-06	5.696738e-09	2.467893e+01	3.741875e+02
1.170000e-06	3.456483e-06	5.970211e-09	2.525164e+01	3.920570e+02
1.180000e-06	3.533672e-06	6.229206e-09	2.581555e+01	4.089164e+02
1.190000e-06	3.609537e-06	6.471207e-09	2.636979e+01	4.247732e+02
1.200000e-06	3.683805e-06	6.697292e-09	2.691237e+01	4.396770e+02
1.210000e-06	3.756486e-06	6.910784e-09	2.744334e+01	4.537013e+02
1.220000e-06	3.827713e-06	7.110734e-09	2.796369e+01	4.669198e+02
1.230000e-06	3.897514e-06	7.298927e-09	2.847363e+01	4.793884e+02
1.240000e-06	3.965958e-06	7.476923e-09	2.897366e+01	4.911366e+02
1.250000e-06	4.032901e-06	7.646797e-09	2.946271e+01	5.021735e+02
1.260000e-06	4.098117e-06	7.809585e-09	2.993915e+01	5.125022e+02
1.270000e-06	4.161715e-06	7.961750e-09	3.040378e+01	5.221373e+02
1.280000e-06	4.223856e-06	8.100537e-09	3.085775e+01	5.311170e+02
1.290000e-06	4.284609e-06	8.228330e-09	3.130159e+01	5.395044e+02
1.300000e-06	4.343880e-06	8.349273e-09	3.173460e+01	5.473778e+02
1.310000e-06	4.401324e-06	8.464684e-09	3.215426e+01	5.548139e+02
1.320000e-06	4.456958e-06	8.573474e-09	3.256070e+01	5.618716e+02
1.330000e-06	4.510974e-06	8.676245e-09	3.295532e+01	5.685819e+02
1.340000e-06	4.563169e-06	8.774688e-09	3.333663e+01	5.749497e+02
1.350000e-06	4.613291e-06	8.869652e-09	3.370280e+01	5.809636e+02
1.360000e-06	4.661380e-06	8.959076e-09	3.405413e+01	5.866112e+02
1.370000e-06	4.707719e-06	9.039936e-09	3.439265e+01	5.918924e+02
1.380000e-06	4.752527e-06	9.113484e-09	3.472001e+01	5.968252e+02
1.390000e-06	4.795615e-06	9.182445e-09	3.503479e+01	6.014427e+02
1.400000e-06	4.836731e-06	9.248841e-09	3.533516e+01	6.057841e+02
1.410000e-06	4.875991e-06	9.312349e-09	3.562198e+01	6.098827e+02
1.420000e-06	4.913572e-06	9.371276e-09	3.589653e+01	6.137583e+02
1.430000e-06	4.949427e-06	9.427026e-09	3.615847e+01	6.174160e+02
1.440000e-06	4.983277e-06	9.483309e-09	3.640577e+01	6.208510e+02
1.450000e-06	5.015200e-06	9.538034e-09	3.663899e+01	6.240584e+02
1.460000e-06	5.045441e-06	9.586791e-09	3.685992e+01	6.270398e+02
1.470000e-06	5.073931e-06	9.628407e-09	3.706805e+01	6.298069e+02
1.480000e-06	5.100455e-06	9.666104e-09	3.726182e+01	6.323782e+02
1.490000e-06	5.124916e-06	9.703096e-09	3.744052e+01	6.347719e+02
1.500000e-06	5.147459e-06	9.739969e-09	3.760521e+01	6.369984e+02
1.510000e-06	5.168192e-06	9.773881e-09	3.775669e+01	6.390569e+02
1.520000e-06	5.187068e-06	9.804327e-09	3.789458e+01	6.409371e+02
1.530000e-06	5.203898e-06	9.833950e-09	3.801753e+01	6.426261e+02
1.540000e-06	5.218660e-06	9.860081e-09	3.812538e+01	6.441165e+02
1.550000e-06	5.231388e-06	9.881182e-09	3.821837e+01	6.454128e+02
1.560000e-06	5.241939e-06	9.897315e-09	3.829545e+01	6.465312e+02
1.570000e-06	5.250313e-06	9.911772e-09	3.835662e+01	6.474956e+02
1.580000e-06	5.256758e-06	9.926352e-09	3.840371e+01	6.483286e+02
1.590000e-06	5.261390e-06	9.939367e-09	3.843755e+01	6.490448e+02
1.600000e-06	5.263965e-06	9.950326e-09	3.845636e+01	6.496479e+02
1.610000e-06	5.264463e-06	9.958545e-09	3.846000e+01	6.501328e+02
1.620000e-06	5.263153e-06	9.965837e-09	3.845043e+01	6.504926e+02
1.630000e-06	5.260156e-06	9.971007e-09	3.842853e+01	6.507255e+02
1.640000e-06	5.255294e-06	9.971539e-09	3.839302e+01	6.508379e+02
1.650000e-06	5.248457e-06	9.968606e-09	3.834306e+01	6.508424e+02
1.660000e-06	5.239911e-06	9.965649e-09	3.828063e+01	6.507502e+02
1.670000e-06	5.229683e-06	9.962133e-09	3.820591e+01	6.505628e+02
1.680000e-06	5.217526e-06	9.948978e-09	3.811710e+01	6.502670e+02
1.690000e-06	5.203336e-06	9.929103e-09	3.801343e+01	6.498369e+02
1.700000e-06	5.187052e-06	9.911018e-09	3.789447e+01	6.492432e+02
1.710000e-06	5.168260e-06	9.887249e-09	3.775718e+01	6.484665e+02
1.720000e-06	5.146714e-06	9.889845e-09	3.759978e+01	6.475085e+02
1.730000e-06	5.123083e-06	9.885116e-09	3.742714e+01	6.463964e+02
1.740000e-06	5.098299e-06	9.871951e-09	3.724607e+01	6.451757e+02
1.750000e-06	5.072614e-06	9.873912e-09	3.705843e+01	6.438949e+02
1.760000e-06	5.045154e-06	9.792129e-09	3.685782e+01	6.425866e+02
1.770000e-06	5.015398e-06	9.772121e-09	3.664043e+01	6.412532e+02
1.780000e-06	4.983933e-06	9.823765e-09	3.641056e+01	6.398633e+02
1.790000e-06	4.950718e-06	9.752066e-09	3.616791e+01	6.383613e+02
1.800000e-06	4.915706e-06	9.726071e-09	3.591212e+01	6.366874e+02
1.810000e-06	4.879013e-06	9.730871e-09	3.564406e+01	6.347991e+02
1.820000e-06	4.840236e-06	9.664173e-09	3.536077e+01	6.326876e+02
1.830000e-06	4.799566e-06	9.669078e-09	3.506365e+01	6.303807e+02
1.840000e-06	4.757218e-06	9.615119e-09	3.475427e+01	6.279310e+02
1.850000e-06	4.713010e-06	9.531675e-09	3.443131e+01	6.253961e+02
1.860000e-06	4.667031e-06	9.529076e-09	3.409541e+01	6.228160e+02
1.870000e-06	4.619213e-06	9.459990e-09	3.374607e+01	6.201995e+02
1.880000e-06	4.569559e-06	9.417505e-09	3.338332e+01	6.175241e+02
1.890000e-06	4.518028e-06	9.393263e-09	3.300685e+01	6.147494e+02
1.900000e-06	4.464336e-06	9.347533e-09	3.261460e+01	6.118370e+02
1.910000e-06	4.408815e-06	9.322389e-09	3.220899e+01	6.087697e+02
1.920000e-06	4.351723e-06	9.249794e-09	3.179190e+01	6.055601e+02
1.930000e-06	4.293101e-06	9.178410e-09	3.136363e+01	6.022448e+02
1.940000e-06	4.232830e-06	9.108606e-09	3.092331e+01	5.988677e+02
1.950000e-06	4.170680e-06	9.080241e-09	3.046927e+01	5.954584e+02
1.960000e-06	4.106949e-06	9.051276e-09	3.000368e+01	5.920167e+02
1.970000e-06	4.041807e-06	8.970638e-09	2.952778e+01	5.885097e+02
1.980000e-06	3.975282e-06	8.939189e-09	2.904177e+01	5.848831e+02
1.990000e-06	3.907241e-06	8.866460e-09	2.854470e+01	5.810830e+02
2.000000e-06	3.837377e-06	8.785647e-09	2.803430e+01	5.770784e+02
2.010000e-06	3.765956e-06	8.722337e-09	2.751253e+01	5.728742e+02
2.020000e-06	3.693263e-06	8.643227e-09	2.698146e+01	5.685100e+02
2.030000e-06	3.619283e-06	8.598199e-09	2.644099e+01	5.640437e+02
2.040000e-06	3.543782e-06	8.532059e-09	2.588941e+01	5.595276e+02
2.050000e-06	3.466613e-06	8.469846e-09	2.532564e+01	5.549859e+02
2.060000e-06	3.387992e-06	8.388695e-09	2.475127e+01	5.504049e+02
2.070000e-06	3.308071e-06	8.304647e-09	2.416740e+01	5.457385e+02
2.080000e-06	3.226954e-06	8.224377e-09	2.357480e+01	5.409270e+02
2.090000e-06	3.144704e-06	8.141918e-09	2.297391e+01	5.359223e+02
2.100000e-06	3.061430e-06	8.077459e-09	2.236555e+01	5.307068e+02
2.110000e-06	2.977004e-06	7.988882e-09	2.174877e+01	5.252996e+02
2.120000e-06	2.891189e-06	7.916287e-09	2.112183e+01	5.197462e+02
2.130000e-06	2.804158e-06	7.828546e-09	2.048602e+01	5.140968e+02
2.140000e-06	2.716150e-06	7.734685e-09	1.984307e+01	5.083824e+02
2.150000e-06	2.627211e-06	7.642889e-09	1.919332e+01	5.026001e+02
2.160000e-06	2.537309e-06	7.543252e-09	1.853654e+01	4.967119e+02
2.170000e-06	2.446514e-06	7.453981e-09	1.787322e+01	4.906604e+02
2.180000e-06	2.354898e-06	7.357702e-09	1.720391e+01	4.843925e+02
2.190000e-06	2.262373e-06	7.268558e-09	1.652797e+01	4.778817e+02
2.200000e-06	2.168798e-06	7.160641e-09	1.584435e+01	4.711392e+02
2.210000e-06	2.074189e-06	7.054128e-09	1.515317e+01	4.642091e+02
2.220000e-06	1.978766e-06	6.947991e-09	1.445605e+01	4.571490e+02
2.230000e-06	1.882731e-06	6.839334e-09	1.375446e+01	4.500051e+02
2.240000e-06	1.786114e-06	6.734468e-09	1.304861e+01	4.427911e+02
2.250000e-06	1.688871e-06	6.618656e-09	1.233820e+01	4.354813e+02
2.260000e-06	1.591039e-06	6.506028e-09	1.162347e+01	4.280190e+02
2.270000e-06	1.492621e-06	6.385011e-09	1.090447e+01	4.203382e+02
2.280000e-06	1.393693e-06	6.265996e-09	1.018175e+01	4.123874e+02
2.290000e-06	1.294377e-06	6.141608e-09	9.456187e+00	4.041468e+02
2.300000e-06	1.194712e-06	6.010877e-09	8.728072e+00	3.956313e+02
2.310000e-06	1.094672e-06	5.879916e-09	7.997224e+00	3.868786e+02
2.320000e-06	9.942376e-07	5.746416e-09	7.263491e+00	3.779278e+02
2.330000e-06	8.934118e-07	5.610613e-09	6.526899e+00	3.687982e+02
2.340000e-06	7.921582e-07	5.464963e-09	5.787182e+00	3.594783e+02
2.350000e-06	6.905161e-07	5.316524e-09	5.044626e+00	3.499285e+02
2.360000e-06	5.885167e-07	5.165208e-09	4.299461e+00	3.400964e+02
2.370000e-06	4.861189e-07	5.011007e-09	3.551384e+00	3.299380e+02
2.380000e-06	3.834295e-07	4.851393e-09	2.801178e+00	3.194345e+02
2.390000e-06	2.805905e-07	4.684124e-09	2.049879e+00	3.085973e+02
2.400000e-06	1.776653e-07	4.515211e-09	1.297949e+00	2.974584e+02
2.410000e-06	7.472124e-08	4.346073e-09	5.458826e-01	2.860511e+02
2.420000e-06	-2.825177e-08	4.171758e-09	-2.063958e-01	2.743889e+02
2.430000e-06	-1.312210e-07	3.988392e-09	-9.586469e-01	2.624517e+02
2.440000e-06	-2.341390e-07	3.798268e-09	-1.710523e+00	2.501863e+02
2.450000e-06	-3.369964e-07	3.604792e-09	-2.461957e+00	2.375213e+02
2.460000e-06	-4.396919e-07	3.405016e-09	-3.212208e+00	2.243897e+02
2.470000e-06	-5.421317e-07	3.196835e-09	-3.960591e+00	2.107508e+02
2.480000e-06	-6.442817e-07	2.981608e-09	-4.706857e+00	1.966018e+02
2.490000e-06	-7.460788e-07	2.760822e-09	-5.450545e+00	1.819756e+02
2.500000e-06	-8.474755e-07	2.534236e-09	-6.191307e+00	1.669252e+02
2.510000e-06	-9.484082e-07	2.298618e-09	-6.928680e+00	1.515020e+02
2.520000e-06	-1.048856e-06	2.054196e-09	-7.662513e+00	1.357371e+02
2.530000e-06	-1.148879e-06	1.803409e-09	-8.393238e+00	1.196327e+02
2.540000e-06	-1.248526e-06	1.550999e-09	-9.121213e+00	1.031658e+02
2.550000e-06	-1.347748e-06	1.296547e-09	-9.846089e+00	8.630218e+01
2.560000e-06	-1.446458e-06	1.034361e-09	-1.056722e+01	6.901208e+01
2.570000e-06	-1.544662e-06	7.633993e-10	-1.128467e+01	5.128104e+01
2.580000e-06	-1.642334e-06	4.854362e-10	-1.199821e+01	3.311078e+01
2.590000e-06	-1.739379e-06	2.027214e-10	-1.270719e+01	1.451039e+01
2.600000e-06	-1.835801e-06	-8.739434e-11	-1.341161e+01	-4.517027e+00
2.610000e-06	-1.931659e-06	-3.855481e-10	-1.411190e+01	-2.398472e+01
2.620000e-06	-2.026959e-06	-6.898473e-10	-1.480813e+01	-4.392335e+01
2.630000e-06	-2.121560e-06	-1.000638e-09	-1.549925e+01	-6.437057e+01
2.640000e-06	-2.215203e-06	-1.317221e-09	-1.618336e+01	-8.535215e+01
2.650000e-06	-2.307786e-06	-1.642127e-09	-1.685973e+01	-1.068619e+02
2.660000e-06	-2.399447e-06	-1.976203e-09	-1.752937e+01	-1.288481e+02
2.670000e-06	-2.490224e-06	-2.317805e-09	-1.819255e+01	-1.512125e+02
2.680000e-06	-2.580050e-06	-2.663081e-09	-1.884879e+01	-1.738218e+02
2.690000e-06	-2.668894e-06	-3.008213e-09	-1.949784e+01	-1.965267e+02
2.700000e-06	-2.756794e-06	-3.353683e-09	-2.014000e+01	-2.191821e+02
2.710000e-06	-2.843814e-06	-3.696768e-09	-2.077573e+01	-2.416595e+02
2.720000e-06	-2.929757e-06	-4.033868e-09	-2.140360e+01	-2.638483e+02
2.730000e-06	-3.014399e-06	-4.364279e-09	-2.202196e+01	-2.856479e+02
2.740000e-06	-3.097823e-06	-4.688865e-09	-2.263142e+01	-3.069558e+02
2.750000e-06	-3.180164e-06	-5.005102e-09	-2.323297e+01	-3.276590e+02
2.760000e-06	-3.261408e-06	-5.310378e-09	-2.382650e+01	-3.476354e+02
2.770000e-06	-3.341527e-06	-5.601919e-09	-2.441182e+01	-3.667657e+02
2.780000e-06	-3.420378e-06	-5.879078e-09	-2.498787e+01	-3.849522e+02
2.790000e-06	-3.497713e-06	-6.143082e-09	-2.555285e+01	-4.021369e+02
2.800000e-06	-3.573513e-06	-6.392785e-09	-2.610661e+01	-4.183113e+02
2.810000e-06	-3.647894e-06	-6.626856e-09	-2.665001e+01	-4.335132e+02
2.820000e-06	-3.720869e-06	-6.844540e-09	-2.718314e+01	-4.478108e+02
2.830000e-06	-3.792527e-06	-7.049404e-09	-2.770664e+01	-4.612801e+02
2.840000e-06	-3.862802e-06	-7.243621e-09	-2.822004e+01	-4.739843e+02
2.850000e-06	-3.931491e-06	-7.425663e-09	-2.872186e+01	-4.859614e+02
2.860000e-06	-3.998593e-06	-7.594132e-09	-2.921207e+01	-4.972258e+02
2.870000e-06	-4.064215e-06	-7.752048e-09	-2.969148e+01	-5.077804e+02
2.880000e-06	-4.128437e-06	-7.901674e-09	-3.016066e+01	-5.176346e+02
2.890000e-06	-4.191155e-06	-8.042551e-09	-3.061885e+01	-5.268182e+02
2.900000e-06	-4.252113e-06	-8.173614e-09	-3.106419e+01	-5.353870e+02
2.910000e-06	-4.311398e-06	-8.292331e-09	-3.149730e+01	-5.434159e+02
2.920000e-06	-4.369183e-06	-8.403313e-09	-3.191945e+01	-5.509841e+02
2.930000e-06	-4.425388e-06	-8.511290e-09	-3.233007e+01	-5.581576e+02
2.940000e-06	-4.479851e-06	-8.613825e-09	-3.272795e+01	-5.649770e+02
2.950000e-06	-4.532344e-06	-8.709580e-09	-3.311144e+01	-5.714547e+02
2.960000e-06	-4.582897e-06	-8.801391e-09	-3.348076e+01	-5.775830e+02
2.970000e-06	-4.631470e-06	-8.890564e-09	-3.383561e+01	-5.833483e+02
2.980000e-06	-4.678031e-06	-8.975265e-09	-3.417577e+01	-5.887453e+02
2.990000e-06	-4.722884e-06	-9.051721e-09	-3.450345e+01	-5.937860e+02
3.000000e-06	-4.766199e-06	-9.120034e-09	-3.481989e+01	-5.984997e+02
3.010000e-06	-4.807970e-06	-9.185188e-09	-3.512505e+01	-6.029247e+02
3.020000e-06	-4.848126e-06	-9.250822e-09	-3.541841e+01	-6.070975e+02
3.030000e-06	-4.886472e-06	-9.313751e-09	-3.569855e+01	-6.110427e+02
3.040000e-06	-4.922827e-06	-9.368881e-09	-3.596415e+01	-6.147697e+02
3.050000e-06	-4.957293e-06	-9.417134e-09	-3.621594e+01	-6.182761e+02
3.060000e-06	-4.990023e-06	-9.464238e-09	-3.645505e+01	-6.215560e+02
3.070000e-06	-5.020925e-06	-9.511151e-09	-3.668081e+01	-6.246083e+02
3.080000e-06	-5.049866e-06	-9.553366e-09	-3.689224e+01	-6.274415e+02
3.090000e-06	-5.076882e-06	-9.590808e-09	-3.708961e+01	-6.300727e+02
3.100000e-06	-5.102043e-06	-9.625586e-09	-3.727342e+01	-6.325209e+02
3.110000e-06	-5.125298e-06	-9.660880e-09	-3.744332e+01	-6.347997e+02
3.120000e-06	-5.146506e-06	-9.695162e-09	-3.759826e+01	-6.369121e+02
3.130000e-06	-5.165762e-06	-9.721751e-09	-3.773893e+01	-6.388501e+02
3.140000e-06	-5.183240e-06	-9.738825e-09	-3.786662e+01	-6.406008e+02
3.150000e-06	-5.198776e-06	-9.754931e-09	-3.798011e+01	-6.421543e+02
3.160000e-06	-5.212042e-06	-9.778411e-09	-3.807703e+01	-6.435107e+02
3.170000e-06	-5.223076e-06	-9.803371e-09	-3.815764e+01	-6.446830e+02
3.180000e-06	-5.232171e-06	-9.818826e-09	-3.822408e+01	-6.456933e+02
3.190000e-06	-5.239336e-06	-9.827374e-09	-3.827643e+01	-6.465654e+02
3.200000e-06	-5.244423e-06	-9.836686e-09	-3.831360e+01	-6.473174e+02
3.210000e-06	-5.247541e-06	-9.845467e-09	-3.833637e+01	-6.479561e+02
3.220000e-06	-5.248873e-06	-9.849300e-09	-3.834611e+01	-6.484789e+02
