# Temperatura_=_23.75
# Concentracion g/m^3_=_18600.0
# C_Vs_to_Am_M_A/Vsm_=_65563218390.804596
# pendiente_HvsI_1/m_=_3716.3
# ordenada_HvsI_A/m_=_1297.0
# frecuencia_Hz_=_309983.10243038874

Tiempo_(s)	Campo_(V.s)	Magnetizacion_(V.s)	Campo_(kA/m)	Magnetizacion_(A/m)
0.000000e+00	-5.274354e-06	-9.604873e-09	-3.834297e+01	-6.332884e+02
1.000000e-08	-5.272653e-06	-9.609195e-09	-3.833061e+01	-6.336460e+02
2.000000e-08	-5.268966e-06	-9.612516e-09	-3.830381e+01	-6.338227e+02
3.000000e-08	-5.263561e-06	-9.616680e-09	-3.826451e+01	-6.338314e+02
4.000000e-08	-5.256509e-06	-9.619752e-09	-3.821325e+01	-6.337097e+02
5.000000e-08	-5.247786e-06	-9.617151e-09	-3.814984e+01	-6.335044e+02
6.000000e-08	-5.237043e-06	-9.612081e-09	-3.807174e+01	-6.332512e+02
7.000000e-08	-5.224192e-06	-9.611414e-09	-3.797831e+01	-6.329570e+02
8.000000e-08	-5.209306e-06	-9.617062e-09	-3.787010e+01	-6.325938e+02
9.000000e-08	-5.191981e-06	-9.636192e-09	-3.774415e+01	-6.321080e+02
1.000000e-07	-5.172320e-06	-9.634269e-09	-3.760122e+01	-6.314408e+02
1.100000e-07	-5.150688e-06	-9.597482e-09	-3.744396e+01	-6.305520e+02
1.200000e-07	-5.127281e-06	-9.572710e-09	-3.727380e+01	-6.294378e+02
1.300000e-07	-5.102432e-06	-9.539935e-09	-3.709315e+01	-6.281340e+02
1.400000e-07	-5.076019e-06	-9.489237e-09	-3.690114e+01	-6.267035e+02
1.500000e-07	-5.047724e-06	-9.512678e-09	-3.669545e+01	-6.252127e+02
1.600000e-07	-5.017759e-06	-9.492994e-09	-3.647760e+01	-6.237062e+02
1.700000e-07	-4.986223e-06	-9.441582e-09	-3.624835e+01	-6.221912e+02
1.800000e-07	-4.952562e-06	-9.469207e-09	-3.600364e+01	-6.206356e+02
1.900000e-07	-4.916883e-06	-9.422647e-09	-3.574427e+01	-6.189831e+02
2.000000e-07	-4.879778e-06	-9.376701e-09	-3.547453e+01	-6.171769e+02
2.100000e-07	-4.840892e-06	-9.368098e-09	-3.519183e+01	-6.151819e+02
2.200000e-07	-4.799990e-06	-9.309388e-09	-3.489449e+01	-6.129984e+02
2.300000e-07	-4.757107e-06	-9.273544e-09	-3.458274e+01	-6.106591e+02
2.400000e-07	-4.712249e-06	-9.265762e-09	-3.425664e+01	-6.082134e+02
2.500000e-07	-4.665665e-06	-9.226109e-09	-3.391799e+01	-6.057061e+02
2.600000e-07	-4.617281e-06	-9.181380e-09	-3.356626e+01	-6.031579e+02
2.700000e-07	-4.566711e-06	-9.149243e-09	-3.319862e+01	-6.005588e+02
2.800000e-07	-4.513937e-06	-9.113680e-09	-3.281497e+01	-5.978746e+02
2.900000e-07	-4.459327e-06	-9.056544e-09	-3.241797e+01	-5.950638e+02
3.000000e-07	-4.403134e-06	-9.015228e-09	-3.200947e+01	-5.920975e+02
3.100000e-07	-4.345190e-06	-8.970157e-09	-3.158823e+01	-5.889717e+02
3.200000e-07	-4.285428e-06	-8.912093e-09	-3.115378e+01	-5.857090e+02
3.300000e-07	-4.224071e-06	-8.883246e-09	-3.070774e+01	-5.823462e+02
3.400000e-07	-4.161201e-06	-8.826423e-09	-3.025069e+01	-5.789167e+02
3.500000e-07	-4.096859e-06	-8.763038e-09	-2.978294e+01	-5.754337e+02
3.600000e-07	-4.030865e-06	-8.720212e-09	-2.930318e+01	-5.718826e+02
3.700000e-07	-3.963204e-06	-8.675082e-09	-2.881131e+01	-5.682269e+02
3.800000e-07	-3.894111e-06	-8.615651e-09	-2.830902e+01	-5.644236e+02
3.900000e-07	-3.823670e-06	-8.552792e-09	-2.779694e+01	-5.604426e+02
4.000000e-07	-3.751933e-06	-8.490320e-09	-2.727543e+01	-5.562801e+02
4.100000e-07	-3.678705e-06	-8.420718e-09	-2.674309e+01	-5.519602e+02
4.200000e-07	-3.603798e-06	-8.356086e-09	-2.619853e+01	-5.475249e+02
4.300000e-07	-3.527371e-06	-8.288287e-09	-2.564293e+01	-5.430143e+02
4.400000e-07	-3.449525e-06	-8.216800e-09	-2.507702e+01	-5.384489e+02
4.500000e-07	-3.370104e-06	-8.151473e-09	-2.449965e+01	-5.338193e+02
4.600000e-07	-3.289143e-06	-8.082892e-09	-2.391109e+01	-5.290892e+02
4.700000e-07	-3.206928e-06	-8.012648e-09	-2.331341e+01	-5.242110e+02
4.800000e-07	-3.123615e-06	-7.939649e-09	-2.270775e+01	-5.191452e+02
4.900000e-07	-3.039325e-06	-7.858515e-09	-2.209498e+01	-5.138778e+02
5.000000e-07	-2.954049e-06	-7.776228e-09	-2.147505e+01	-5.084259e+02
5.100000e-07	-2.867716e-06	-7.692304e-09	-2.084744e+01	-5.028295e+02
5.200000e-07	-2.780463e-06	-7.602414e-09	-2.021314e+01	-4.971342e+02
5.300000e-07	-2.692334e-06	-7.511100e-09	-1.957246e+01	-4.913703e+02
5.400000e-07	-2.603183e-06	-7.426429e-09	-1.892436e+01	-4.855388e+02
5.500000e-07	-2.512756e-06	-7.342260e-09	-1.826698e+01	-4.796107e+02
5.600000e-07	-2.421146e-06	-7.256348e-09	-1.760101e+01	-4.735379e+02
5.700000e-07	-2.328691e-06	-7.162536e-09	-1.692889e+01	-4.672737e+02
5.800000e-07	-2.235477e-06	-7.059139e-09	-1.625125e+01	-4.607917e+02
5.900000e-07	-2.141464e-06	-6.954300e-09	-1.556780e+01	-4.540960e+02
6.000000e-07	-2.046621e-06	-6.849395e-09	-1.487832e+01	-4.472187e+02
6.100000e-07	-1.951072e-06	-6.740756e-09	-1.418371e+01	-4.402047e+02
6.200000e-07	-1.854846e-06	-6.628452e-09	-1.348418e+01	-4.330921e+02
6.300000e-07	-1.757869e-06	-6.517663e-09	-1.277918e+01	-4.258951e+02
6.400000e-07	-1.660125e-06	-6.412421e-09	-1.206861e+01	-4.185974e+02
6.500000e-07	-1.561598e-06	-6.307325e-09	-1.135235e+01	-4.111585e+02
6.600000e-07	-1.462353e-06	-6.190956e-09	-1.063087e+01	-4.035298e+02
6.700000e-07	-1.362545e-06	-6.063432e-09	-9.905295e+00	-3.956726e+02
6.800000e-07	-1.262255e-06	-5.934194e-09	-9.176213e+00	-3.875710e+02
6.900000e-07	-1.161554e-06	-5.808471e-09	-8.444154e+00	-3.792338e+02
7.000000e-07	-1.060510e-06	-5.680735e-09	-7.709589e+00	-3.706852e+02
7.100000e-07	-9.591006e-07	-5.545514e-09	-6.972375e+00	-3.619492e+02
7.200000e-07	-8.573585e-07	-5.407802e-09	-6.232740e+00	-3.530340e+02
7.300000e-07	-7.553329e-07	-5.272759e-09	-5.491044e+00	-3.439258e+02
7.400000e-07	-6.530127e-07	-5.136493e-09	-4.747207e+00	-3.345918e+02
7.500000e-07	-5.504424e-07	-4.990591e-09	-4.001552e+00	-3.249931e+02
7.600000e-07	-4.476734e-07	-4.831658e-09	-3.254452e+00	-3.151001e+02
7.700000e-07	-3.447383e-07	-4.668980e-09	-2.506144e+00	-3.049035e+02
7.800000e-07	-2.417008e-07	-4.510701e-09	-1.757093e+00	-2.944155e+02
7.900000e-07	-1.386326e-07	-4.352030e-09	-1.007817e+00	-2.836601e+02
8.000000e-07	-3.548620e-08	-4.186881e-09	-2.579741e-01	-2.726573e+02
8.100000e-07	6.772339e-08	-4.013447e-09	4.923288e-01	-2.614077e+02
8.200000e-07	1.708972e-07	-3.836096e-09	1.242372e+00	-2.498850e+02
8.300000e-07	2.740209e-07	-3.656703e-09	1.992050e+00	-2.380398e+02
8.400000e-07	3.770636e-07	-3.467626e-09	2.741140e+00	-2.258134e+02
8.500000e-07	4.800095e-07	-3.266854e-09	3.489525e+00	-2.131567e+02
8.600000e-07	5.827657e-07	-3.059780e-09	4.236532e+00	-2.000455e+02
8.700000e-07	6.852737e-07	-2.853816e-09	4.981735e+00	-1.864865e+02
8.800000e-07	7.875023e-07	-2.647915e-09	5.724906e+00	-1.725122e+02
8.900000e-07	8.894276e-07	-2.435974e-09	6.465873e+00	-1.581666e+02
9.000000e-07	9.910839e-07	-2.213683e-09	7.204884e+00	-1.434879e+02
9.100000e-07	1.092412e-06	-1.983620e-09	7.941510e+00	-1.284960e+02
9.200000e-07	1.193365e-06	-1.748823e-09	8.675406e+00	-1.131889e+02
9.300000e-07	1.293925e-06	-1.506735e-09	9.406448e+00	-9.754902e+01
9.400000e-07	1.394033e-06	-1.256181e-09	1.013420e+01	-8.155414e+01
9.500000e-07	1.493542e-06	-1.002016e-09	1.085761e+01	-6.518915e+01
9.600000e-07	1.592398e-06	-7.505100e-10	1.157625e+01	-4.845095e+01
9.700000e-07	1.690587e-06	-5.002760e-10	1.229006e+01	-3.134548e+01
9.800000e-07	1.787998e-06	-2.439237e-10	1.299821e+01	-1.387834e+01
9.900000e-07	1.884591e-06	2.675669e-11	1.370041e+01	3.955630e+00
1.000000e-06	1.980451e-06	3.101383e-10	1.439729e+01	2.217769e+01
1.010000e-06	2.075593e-06	5.997909e-10	1.508894e+01	4.082188e+01
1.020000e-06	2.169992e-06	8.943001e-10	1.577519e+01	5.992297e+01
1.030000e-06	2.263652e-06	1.197490e-09	1.645607e+01	7.950015e+01
1.040000e-06	2.356529e-06	1.507645e-09	1.713126e+01	9.954280e+01
1.050000e-06	2.448596e-06	1.818146e-09	1.780056e+01	1.200043e+02
1.060000e-06	2.539767e-06	2.130015e-09	1.846335e+01	1.408061e+02
1.070000e-06	2.629807e-06	2.447495e-09	1.911791e+01	1.618505e+02
1.080000e-06	2.718666e-06	2.770778e-09	1.976389e+01	1.830353e+02
1.090000e-06	2.806505e-06	3.098656e-09	2.040245e+01	2.042659e+02
1.100000e-06	2.893370e-06	3.426386e-09	2.103394e+01	2.254573e+02
1.110000e-06	2.979217e-06	3.752438e-09	2.165802e+01	2.465281e+02
1.120000e-06	3.064077e-06	4.075972e-09	2.227492e+01	2.673893e+02
1.130000e-06	3.147991e-06	4.390863e-09	2.288495e+01	2.879347e+02
1.140000e-06	3.230784e-06	4.693754e-09	2.348683e+01	3.080388e+02
1.150000e-06	3.312263e-06	4.985456e-09	2.407916e+01	3.275660e+02
1.160000e-06	3.392384e-06	5.269146e-09	2.466162e+01	3.463883e+02
1.170000e-06	3.471219e-06	5.544749e-09	2.523473e+01	3.644050e+02
1.180000e-06	3.548817e-06	5.808336e-09	2.579884e+01	3.815584e+02
1.190000e-06	3.625101e-06	6.056481e-09	2.635340e+01	3.978367e+02
1.200000e-06	3.699836e-06	6.290284e-09	2.689670e+01	4.132649e+02
1.210000e-06	3.772945e-06	6.514018e-09	2.742818e+01	4.278863e+02
1.220000e-06	3.844566e-06	6.726992e-09	2.794884e+01	4.417424e+02
1.230000e-06	3.914748e-06	6.928567e-09	2.845905e+01	4.548581e+02
1.240000e-06	3.983479e-06	7.117542e-09	2.895870e+01	4.672390e+02
1.250000e-06	4.050734e-06	7.295112e-09	2.944763e+01	4.788803e+02
1.260000e-06	4.116332e-06	7.463313e-09	2.992450e+01	4.897820e+02
1.270000e-06	4.180294e-06	7.619786e-09	3.038949e+01	4.999634e+02
1.280000e-06	4.242801e-06	7.764214e-09	3.084389e+01	5.094706e+02
1.290000e-06	4.303887e-06	7.899074e-09	3.128797e+01	5.183719e+02
1.300000e-06	4.363510e-06	8.029591e-09	3.172142e+01	5.267441e+02
1.310000e-06	4.421342e-06	8.156248e-09	3.214183e+01	5.346550e+02
1.320000e-06	4.477351e-06	8.277560e-09	3.254900e+01	5.421502e+02
1.330000e-06	4.531622e-06	8.390809e-09	3.294353e+01	5.492484e+02
1.340000e-06	4.584017e-06	8.494216e-09	3.332443e+01	5.559485e+02
1.350000e-06	4.634367e-06	8.588909e-09	3.369046e+01	5.622439e+02
1.360000e-06	4.682717e-06	8.677519e-09	3.404195e+01	5.681370e+02
1.370000e-06	4.729371e-06	8.761622e-09	3.438111e+01	5.736487e+02
1.380000e-06	4.774429e-06	8.841081e-09	3.470867e+01	5.788172e+02
1.390000e-06	4.817754e-06	8.915727e-09	3.502363e+01	5.836877e+02
1.400000e-06	4.859124e-06	8.986954e-09	3.532438e+01	5.882985e+02
1.410000e-06	4.898668e-06	9.056537e-09	3.561185e+01	5.926691e+02
1.420000e-06	4.936556e-06	9.123065e-09	3.588728e+01	5.967972e+02
1.430000e-06	4.972743e-06	9.183641e-09	3.615035e+01	6.006650e+02
1.440000e-06	5.006942e-06	9.238138e-09	3.639897e+01	6.042536e+02
1.450000e-06	5.039114e-06	9.290431e-09	3.663285e+01	6.075565e+02
1.460000e-06	5.069555e-06	9.340516e-09	3.685415e+01	6.105887e+02
1.470000e-06	5.098262e-06	9.386698e-09	3.706284e+01	6.133847e+02
1.480000e-06	5.124984e-06	9.427991e-09	3.725710e+01	6.159871e+02
1.490000e-06	5.149554e-06	9.465273e-09	3.743572e+01	6.184310e+02
1.500000e-06	5.172166e-06	9.500313e-09	3.760010e+01	6.207311e+02
1.510000e-06	5.193080e-06	9.534046e-09	3.775214e+01	6.228775e+02
1.520000e-06	5.212202e-06	9.566822e-09	3.789115e+01	6.248429e+02
1.530000e-06	5.229238e-06	9.596321e-09	3.801499e+01	6.265970e+02
1.540000e-06	5.244165e-06	9.622078e-09	3.812351e+01	6.281235e+02
1.550000e-06	5.257021e-06	9.646355e-09	3.821697e+01	6.294304e+02
1.560000e-06	5.267642e-06	9.667282e-09	3.829418e+01	6.305495e+02
1.570000e-06	5.276097e-06	9.683236e-09	3.835565e+01	6.315250e+02
1.580000e-06	5.282600e-06	9.694392e-09	3.840292e+01	6.323966e+02
1.590000e-06	5.287255e-06	9.704036e-09	3.843677e+01	6.331832e+02
1.600000e-06	5.289899e-06	9.715034e-09	3.845598e+01	6.338769e+02
1.610000e-06	5.290451e-06	9.725613e-09	3.846000e+01	6.344487e+02
1.620000e-06	5.289130e-06	9.732950e-09	3.845040e+01	6.348636e+02
1.630000e-06	5.286120e-06	9.737019e-09	3.842851e+01	6.350995e+02
1.640000e-06	5.281334e-06	9.740320e-09	3.839372e+01	6.351602e+02
1.650000e-06	5.274556e-06	9.741573e-09	3.834444e+01	6.350765e+02
1.660000e-06	5.265977e-06	9.738471e-09	3.828208e+01	6.348943e+02
1.670000e-06	5.255710e-06	9.731245e-09	3.820744e+01	6.346553e+02
1.680000e-06	5.243496e-06	9.718693e-09	3.811865e+01	6.343767e+02
1.690000e-06	5.229208e-06	9.696494e-09	3.801478e+01	6.340418e+02
1.700000e-06	5.212852e-06	9.654276e-09	3.789587e+01	6.336032e+02
1.710000e-06	5.194010e-06	9.645814e-09	3.775890e+01	6.330011e+02
1.720000e-06	5.172420e-06	9.663031e-09	3.760194e+01	6.321870e+02
1.730000e-06	5.148721e-06	9.660069e-09	3.742966e+01	6.311442e+02
1.740000e-06	5.123893e-06	9.681875e-09	3.724917e+01	6.298966e+02
1.750000e-06	5.098212e-06	9.628424e-09	3.706247e+01	6.285003e+02
1.760000e-06	5.070680e-06	9.567153e-09	3.686232e+01	6.270236e+02
1.770000e-06	5.040768e-06	9.584687e-09	3.664488e+01	6.255205e+02
1.780000e-06	5.009216e-06	9.531730e-09	3.641550e+01	6.240111e+02
1.790000e-06	4.975977e-06	9.505838e-09	3.617386e+01	6.224751e+02
1.800000e-06	4.940924e-06	9.502001e-09	3.591904e+01	6.208616e+02
1.810000e-06	4.904130e-06	9.439759e-09	3.565156e+01	6.191111e+02
1.820000e-06	4.865167e-06	9.447217e-09	3.536831e+01	6.171797e+02
1.830000e-06	4.824322e-06	9.435469e-09	3.507138e+01	6.150557e+02
1.840000e-06	4.781811e-06	9.366857e-09	3.476234e+01	6.127625e+02
1.850000e-06	4.737370e-06	9.330061e-09	3.443926e+01	6.103466e+02
1.860000e-06	4.691231e-06	9.276873e-09	3.410385e+01	6.078565e+02
1.870000e-06	4.643277e-06	9.247238e-09	3.375523e+01	6.053222e+02
1.880000e-06	4.593387e-06	9.200419e-09	3.339255e+01	6.027434e+02
1.890000e-06	4.541622e-06	9.155981e-09	3.301623e+01	6.000923e+02
1.900000e-06	4.487725e-06	9.136384e-09	3.262442e+01	5.973274e+02
1.910000e-06	4.432033e-06	9.076278e-09	3.221956e+01	5.944139e+02
1.920000e-06	4.374732e-06	9.050070e-09	3.180300e+01	5.913392e+02
1.930000e-06	4.315899e-06	8.975622e-09	3.137530e+01	5.881179e+02
1.940000e-06	4.255406e-06	8.905873e-09	3.093553e+01	5.847842e+02
1.950000e-06	4.193000e-06	8.884095e-09	3.048186e+01	5.813746e+02
1.960000e-06	4.129067e-06	8.814535e-09	3.001708e+01	5.779102e+02
1.970000e-06	4.063649e-06	8.763394e-09	2.954151e+01	5.743853e+02
1.980000e-06	3.996802e-06	8.700189e-09	2.905556e+01	5.707691e+02
1.990000e-06	3.928406e-06	8.642813e-09	2.855833e+01	5.670186e+02
2.000000e-06	3.858208e-06	8.590057e-09	2.804802e+01	5.630977e+02
2.010000e-06	3.786574e-06	8.519752e-09	2.752726e+01	5.589932e+02
2.020000e-06	3.713595e-06	8.457468e-09	2.699673e+01	5.547210e+02
2.030000e-06	3.639180e-06	8.377155e-09	2.645575e+01	5.503190e+02
2.040000e-06	3.563207e-06	8.315950e-09	2.590345e+01	5.458302e+02
2.050000e-06	3.485555e-06	8.247892e-09	2.533894e+01	5.412830e+02
2.060000e-06	3.406490e-06	8.181786e-09	2.476417e+01	5.366780e+02
2.070000e-06	3.326251e-06	8.106890e-09	2.418085e+01	5.319864e+02
2.080000e-06	3.244819e-06	8.019134e-09	2.358886e+01	5.271621e+02
2.090000e-06	3.162249e-06	7.948033e-09	2.298861e+01	5.221606e+02
2.100000e-06	3.078620e-06	7.863751e-09	2.238065e+01	5.169588e+02
2.110000e-06	2.993607e-06	7.778205e-09	2.176263e+01	5.115637e+02
2.120000e-06	2.907200e-06	7.689071e-09	2.113448e+01	5.060097e+02
2.130000e-06	2.819780e-06	7.609374e-09	2.049896e+01	5.003430e+02
2.140000e-06	2.731416e-06	7.525002e-09	1.985658e+01	4.946005e+02
2.150000e-06	2.642082e-06	7.434978e-09	1.920715e+01	4.887937e+02
2.160000e-06	2.551830e-06	7.340900e-09	1.855104e+01	4.829024e+02
2.170000e-06	2.460738e-06	7.240724e-09	1.788883e+01	4.768828e+02
2.180000e-06	2.368759e-06	7.148464e-09	1.722017e+01	4.706855e+02
2.190000e-06	2.275733e-06	7.051111e-09	1.654390e+01	4.642757e+02
2.200000e-06	2.181624e-06	6.949419e-09	1.585975e+01	4.576474e+02
2.210000e-06	2.086629e-06	6.841782e-09	1.516917e+01	4.508249e+02
2.220000e-06	1.990869e-06	6.738004e-09	1.447302e+01	4.438510e+02
2.230000e-06	1.894426e-06	6.637015e-09	1.377191e+01	4.367683e+02
2.240000e-06	1.797378e-06	6.530472e-09	1.306640e+01	4.295999e+02
2.250000e-06	1.699687e-06	6.415705e-09	1.235622e+01	4.223391e+02
2.260000e-06	1.601380e-06	6.298191e-09	1.164155e+01	4.149521e+02
2.270000e-06	1.502587e-06	6.182326e-09	1.092336e+01	4.073906e+02
2.280000e-06	1.403407e-06	6.064377e-09	1.020235e+01	3.996109e+02
2.290000e-06	1.303819e-06	5.943328e-09	9.478372e+00	3.915890e+02
2.300000e-06	1.203739e-06	5.816768e-09	8.750821e+00	3.833265e+02
2.310000e-06	1.103064e-06	5.688297e-09	8.018944e+00	3.748440e+02
2.320000e-06	1.001837e-06	5.559424e-09	7.283057e+00	3.661675e+02
2.330000e-06	9.002484e-07	5.425805e-09	6.544537e+00	3.573114e+02
2.340000e-06	7.983339e-07	5.285098e-09	5.803649e+00	3.482692e+02
2.350000e-06	6.960463e-07	5.140586e-09	5.060048e+00	3.390132e+02
2.360000e-06	5.933974e-07	4.996010e-09	4.313822e+00	3.295046e+02
2.370000e-06	4.905138e-07	4.851461e-09	3.565888e+00	3.197094e+02
2.380000e-06	3.874622e-07	4.698524e-09	2.816734e+00	3.096111e+02
2.390000e-06	2.842441e-07	4.535370e-09	2.066369e+00	2.992156e+02
2.400000e-06	1.809327e-07	4.369520e-09	1.315327e+00	2.885446e+02
2.410000e-06	7.751035e-08	4.206553e-09	5.634771e-01	2.776211e+02
2.420000e-06	-2.595629e-08	4.042039e-09	-1.886944e-01	2.664535e+02
2.430000e-06	-1.293703e-07	3.867221e-09	-9.404834e-01	2.550242e+02
2.440000e-06	-2.327318e-07	3.685431e-09	-1.691890e+00	2.432900e+02
2.450000e-06	-3.359941e-07	3.502927e-09	-2.442576e+00	2.311935e+02
2.460000e-06	-4.390942e-07	3.317793e-09	-3.192083e+00	2.186803e+02
2.470000e-06	-5.420179e-07	3.122446e-09	-3.940308e+00	2.057170e+02
2.480000e-06	-6.447699e-07	2.914986e-09	-4.687284e+00	1.923005e+02
2.490000e-06	-7.472511e-07	2.700631e-09	-5.432292e+00	1.784562e+02
2.500000e-06	-8.493514e-07	2.483836e-09	-6.174531e+00	1.642263e+02
2.510000e-06	-9.510348e-07	2.263525e-09	-6.913738e+00	1.496526e+02
2.520000e-06	-1.052265e-06	2.034713e-09	-7.649650e+00	1.347616e+02
2.530000e-06	-1.153046e-06	1.800331e-09	-8.382300e+00	1.195584e+02
2.540000e-06	-1.253307e-06	1.565305e-09	-9.111168e+00	1.040290e+02
2.550000e-06	-1.352980e-06	1.326886e-09	-9.835760e+00	8.815152e+01
2.560000e-06	-1.452105e-06	1.080870e-09	-1.055637e+01	7.190754e+01
2.570000e-06	-1.550737e-06	8.253655e-10	-1.127339e+01	5.529005e+01
2.580000e-06	-1.648853e-06	5.620216e-10	-1.198667e+01	3.830289e+01
2.590000e-06	-1.746361e-06	2.939208e-10	-1.269552e+01	2.095298e+01
2.600000e-06	-1.843201e-06	2.256489e-11	-1.339952e+01	3.239549e+00
2.610000e-06	-1.939386e-06	-2.548933e-10	-1.409876e+01	-1.485338e+01
2.620000e-06	-2.035002e-06	-5.371892e-10	-1.479386e+01	-3.335671e+01
2.630000e-06	-2.130009e-06	-8.233907e-10	-1.548453e+01	-5.230665e+01
2.640000e-06	-2.224228e-06	-1.114277e-09	-1.616947e+01	-7.172920e+01
2.650000e-06	-2.317451e-06	-1.412879e-09	-1.684718e+01	-9.162446e+01
2.660000e-06	-2.409561e-06	-1.722735e-09	-1.751678e+01	-1.119574e+02
2.670000e-06	-2.500687e-06	-2.040247e-09	-1.817924e+01	-1.326588e+02
2.680000e-06	-2.590935e-06	-2.361560e-09	-1.883533e+01	-1.536353e+02
2.690000e-06	-2.680220e-06	-2.684680e-09	-1.948440e+01	-1.747847e+02
2.700000e-06	-2.768518e-06	-3.008486e-09	-2.012630e+01	-1.960092e+02
2.710000e-06	-2.855901e-06	-3.329754e-09	-2.076155e+01	-2.172209e+02
2.720000e-06	-2.942291e-06	-3.646863e-09	-2.138958e+01	-2.383384e+02
2.730000e-06	-3.027417e-06	-3.961790e-09	-2.200842e+01	-2.592766e+02
2.740000e-06	-3.111257e-06	-4.274848e-09	-2.261791e+01	-2.799352e+02
2.750000e-06	-3.193966e-06	-4.584964e-09	-2.321918e+01	-3.001946e+02
2.760000e-06	-3.275579e-06	-4.889826e-09	-2.381248e+01	-3.199209e+02
2.770000e-06	-3.356091e-06	-5.183937e-09	-2.439778e+01	-3.389813e+02
2.780000e-06	-3.435401e-06	-5.463328e-09	-2.497434e+01	-3.572644e+02
2.790000e-06	-3.513251e-06	-5.727742e-09	-2.554028e+01	-3.746976e+02
2.800000e-06	-3.589493e-06	-5.980363e-09	-2.609454e+01	-3.912548e+02
2.810000e-06	-3.664263e-06	-6.221471e-09	-2.663809e+01	-4.069508e+02
2.820000e-06	-3.737662e-06	-6.449548e-09	-2.717169e+01	-4.218255e+02
2.830000e-06	-3.809676e-06	-6.664418e-09	-2.769521e+01	-4.359228e+02
2.840000e-06	-3.880298e-06	-6.866366e-09	-2.820861e+01	-4.492738e+02
2.850000e-06	-3.949291e-06	-7.057337e-09	-2.871016e+01	-4.618901e+02
2.860000e-06	-4.016705e-06	-7.235960e-09	-2.920024e+01	-4.737687e+02
2.870000e-06	-4.082752e-06	-7.401824e-09	-2.968038e+01	-4.849060e+02
2.880000e-06	-4.147302e-06	-7.558182e-09	-3.014964e+01	-4.953141e+02
2.890000e-06	-4.210387e-06	-7.708626e-09	-3.060826e+01	-5.050304e+02
2.900000e-06	-4.271814e-06	-7.851959e-09	-3.105481e+01	-5.141170e+02
2.910000e-06	-4.331427e-06	-7.982059e-09	-3.148818e+01	-5.226499e+02
2.920000e-06	-4.389450e-06	-8.099479e-09	-3.190999e+01	-5.307018e+02
2.930000e-06	-4.445940e-06	-8.208746e-09	-3.232066e+01	-5.383262e+02
2.940000e-06	-4.500764e-06	-8.313102e-09	-3.271921e+01	-5.455503e+02
2.950000e-06	-4.553608e-06	-8.411875e-09	-3.310337e+01	-5.523781e+02
2.960000e-06	-4.604419e-06	-8.504799e-09	-3.347275e+01	-5.588028e+02
2.970000e-06	-4.653287e-06	-8.595875e-09	-3.382800e+01	-5.648228e+02
2.980000e-06	-4.700117e-06	-8.687419e-09	-3.416845e+01	-5.704526e+02
2.990000e-06	-4.745171e-06	-8.775109e-09	-3.449597e+01	-5.757254e+02
3.000000e-06	-4.788726e-06	-8.852584e-09	-3.481260e+01	-5.806857e+02
3.010000e-06	-4.830701e-06	-8.919682e-09	-3.511775e+01	-5.853757e+02
3.020000e-06	-4.871022e-06	-8.981185e-09	-3.541087e+01	-5.898217e+02
3.030000e-06	-4.909603e-06	-9.042141e-09	-3.569134e+01	-5.940280e+02
3.040000e-06	-4.946194e-06	-9.100318e-09	-3.595735e+01	-5.979807e+02
3.050000e-06	-4.980817e-06	-9.152347e-09	-3.620905e+01	-6.016595e+02
3.060000e-06	-5.013674e-06	-9.199664e-09	-3.644791e+01	-6.050525e+02
3.070000e-06	-5.044741e-06	-9.248280e-09	-3.667376e+01	-6.081677e+02
3.080000e-06	-5.073778e-06	-9.296316e-09	-3.688485e+01	-6.110340e+02
3.090000e-06	-5.100849e-06	-9.338363e-09	-3.708165e+01	-6.136930e+02
3.100000e-06	-5.126115e-06	-9.372928e-09	-3.726533e+01	-6.161839e+02
3.110000e-06	-5.149537e-06	-9.404601e-09	-3.743560e+01	-6.185291e+02
3.120000e-06	-5.170932e-06	-9.434546e-09	-3.759113e+01	-6.207262e+02
3.130000e-06	-5.190301e-06	-9.462433e-09	-3.773193e+01	-6.227522e+02
3.140000e-06	-5.207846e-06	-9.485511e-09	-3.785948e+01	-6.245758e+02
3.150000e-06	-5.223510e-06	-9.503593e-09	-3.797336e+01	-6.261748e+02
3.160000e-06	-5.237006e-06	-9.524832e-09	-3.807147e+01	-6.275487e+02
3.170000e-06	-5.248234e-06	-9.548667e-09	-3.815309e+01	-6.287224e+02
3.180000e-06	-5.257441e-06	-9.567694e-09	-3.822002e+01	-6.297381e+02
3.190000e-06	-5.264712e-06	-9.577962e-09	-3.827288e+01	-6.306387e+02
3.200000e-06	-5.269909e-06	-9.585244e-09	-3.831066e+01	-6.314511e+02
3.210000e-06	-5.273105e-06	-9.592731e-09	-3.833389e+01	-6.321759e+02
3.220000e-06	-5.274465e-06	-9.599894e-09	-3.834378e+01	-6.327897e+02
