# Temperatura_=_60.33
# Concentracion g/m^3_=_18600.0
# C_Vs_to_Am_M_A/Vsm_=_65563218390.804596
# pendiente_HvsI_1/m_=_3716.3
# ordenada_HvsI_A/m_=_1297.0
# frecuencia_Hz_=_309980.53537056193

Tiempo_(s)	Campo_(V.s)	Magnetizacion_(V.s)	Campo_(kA/m)	Magnetizacion_(A/m)
0.000000e+00	-5.266305e-06	-1.002734e-08	-3.834254e+01	-6.616387e+02
1.000000e-08	-5.264778e-06	-1.002925e-08	-3.833142e+01	-6.616951e+02
2.000000e-08	-5.261276e-06	-1.003341e-08	-3.830593e+01	-6.615658e+02
3.000000e-08	-5.256019e-06	-1.003265e-08	-3.826765e+01	-6.612472e+02
4.000000e-08	-5.249128e-06	-1.002838e-08	-3.821748e+01	-6.607665e+02
5.000000e-08	-5.240516e-06	-1.001979e-08	-3.815477e+01	-6.601684e+02
6.000000e-08	-5.229860e-06	-1.001113e-08	-3.807720e+01	-6.594950e+02
7.000000e-08	-5.217094e-06	-1.000355e-08	-3.798425e+01	-6.587675e+02
8.000000e-08	-5.202305e-06	-9.980193e-09	-3.787657e+01	-6.579777e+02
9.000000e-08	-5.185157e-06	-9.989757e-09	-3.775172e+01	-6.570941e+02
1.000000e-07	-5.165725e-06	-1.002749e-08	-3.761025e+01	-6.560792e+02
1.100000e-07	-5.144326e-06	-1.000006e-08	-3.745445e+01	-6.549107e+02
1.200000e-07	-5.121130e-06	-9.974430e-09	-3.728556e+01	-6.535956e+02
1.300000e-07	-5.096419e-06	-9.945557e-09	-3.710564e+01	-6.521721e+02
1.400000e-07	-5.070143e-06	-9.806673e-09	-3.691433e+01	-6.506950e+02
1.500000e-07	-5.042089e-06	-9.866834e-09	-3.671008e+01	-6.492131e+02
1.600000e-07	-5.012276e-06	-9.905001e-09	-3.649302e+01	-6.477457e+02
1.700000e-07	-4.980783e-06	-9.737164e-09	-3.626373e+01	-6.462694e+02
1.800000e-07	-4.947285e-06	-9.817466e-09	-3.601984e+01	-6.447214e+02
1.900000e-07	-4.911805e-06	-9.812238e-09	-3.576152e+01	-6.430180e+02
2.000000e-07	-4.874889e-06	-9.708844e-09	-3.549275e+01	-6.410825e+02
2.100000e-07	-4.836291e-06	-9.741168e-09	-3.521172e+01	-6.388702e+02
2.200000e-07	-4.795711e-06	-9.641515e-09	-3.491627e+01	-6.363820e+02
2.300000e-07	-4.753045e-06	-9.579960e-09	-3.460563e+01	-6.336620e+02
2.400000e-07	-4.708363e-06	-9.593095e-09	-3.428032e+01	-6.307787e+02
2.500000e-07	-4.662016e-06	-9.531360e-09	-3.394287e+01	-6.278008e+02
2.600000e-07	-4.613842e-06	-9.534304e-09	-3.359213e+01	-6.247747e+02
2.700000e-07	-4.563465e-06	-9.476595e-09	-3.322535e+01	-6.217131e+02
2.800000e-07	-4.510933e-06	-9.398123e-09	-3.284288e+01	-6.185985e+02
2.900000e-07	-4.456549e-06	-9.367483e-09	-3.244693e+01	-6.153973e+02
3.000000e-07	-4.400545e-06	-9.296040e-09	-3.203917e+01	-6.120769e+02
3.100000e-07	-4.342813e-06	-9.232867e-09	-3.161884e+01	-6.086199e+02
3.200000e-07	-4.283221e-06	-9.187257e-09	-3.118497e+01	-6.050270e+02
3.300000e-07	-4.221989e-06	-9.184915e-09	-3.073916e+01	-6.013103e+02
3.400000e-07	-4.159309e-06	-9.116708e-09	-3.028280e+01	-5.974813e+02
3.500000e-07	-4.095226e-06	-9.042542e-09	-2.981623e+01	-5.935403e+02
3.600000e-07	-4.029466e-06	-8.997714e-09	-2.933745e+01	-5.894726e+02
3.700000e-07	-3.961996e-06	-8.900395e-09	-2.884622e+01	-5.852549e+02
3.800000e-07	-3.893064e-06	-8.842027e-09	-2.834434e+01	-5.808677e+02
3.900000e-07	-3.822713e-06	-8.793048e-09	-2.783214e+01	-5.763072e+02
4.000000e-07	-3.751066e-06	-8.715894e-09	-2.731050e+01	-5.715915e+02
4.100000e-07	-3.677983e-06	-8.643557e-09	-2.677840e+01	-5.667555e+02
4.200000e-07	-3.603235e-06	-8.570992e-09	-2.623418e+01	-5.618368e+02
4.300000e-07	-3.526998e-06	-8.505885e-09	-2.567912e+01	-5.568590e+02
4.400000e-07	-3.449356e-06	-8.423709e-09	-2.511382e+01	-5.518181e+02
4.500000e-07	-3.370142e-06	-8.349673e-09	-2.453709e+01	-5.466809e+02
4.600000e-07	-3.289405e-06	-8.269065e-09	-2.394927e+01	-5.413951e+02
4.700000e-07	-3.207382e-06	-8.184837e-09	-2.335208e+01	-5.359084e+02
4.800000e-07	-3.124266e-06	-8.109981e-09	-2.274693e+01	-5.301882e+02
4.900000e-07	-3.040165e-06	-8.015573e-09	-2.213462e+01	-5.242333e+02
5.000000e-07	-2.955081e-06	-7.920023e-09	-2.151514e+01	-5.180734e+02
5.100000e-07	-2.868973e-06	-7.817530e-09	-2.088821e+01	-5.117550e+02
5.200000e-07	-2.781933e-06	-7.726076e-09	-2.025450e+01	-5.053210e+02
5.300000e-07	-2.694025e-06	-7.632315e-09	-1.961446e+01	-4.987920e+02
5.400000e-07	-2.605053e-06	-7.530097e-09	-1.896669e+01	-4.921575e+02
5.500000e-07	-2.514850e-06	-7.429510e-09	-1.830994e+01	-4.853816e+02
5.600000e-07	-2.423485e-06	-7.329268e-09	-1.764474e+01	-4.784183e+02
5.700000e-07	-2.331229e-06	-7.229953e-09	-1.697305e+01	-4.712325e+02
5.800000e-07	-2.238224e-06	-7.112976e-09	-1.629590e+01	-4.638139e+02
5.900000e-07	-2.144421e-06	-6.985996e-09	-1.561295e+01	-4.561803e+02
6.000000e-07	-2.049786e-06	-6.859384e-09	-1.492393e+01	-4.483666e+02
6.100000e-07	-1.954422e-06	-6.741434e-09	-1.422962e+01	-4.404060e+02
6.200000e-07	-1.858458e-06	-6.622353e-09	-1.353093e+01	-4.323106e+02
6.300000e-07	-1.761786e-06	-6.495227e-09	-1.282709e+01	-4.240615e+02
6.400000e-07	-1.664267e-06	-6.368693e-09	-1.211708e+01	-4.156122e+02
6.500000e-07	-1.565925e-06	-6.241433e-09	-1.140107e+01	-4.069048e+02
6.600000e-07	-1.466848e-06	-6.108511e-09	-1.067972e+01	-3.978915e+02
6.700000e-07	-1.367229e-06	-5.960703e-09	-9.954423e+00	-3.885521e+02
6.800000e-07	-1.267186e-06	-5.801878e-09	-9.226035e+00	-3.788995e+02
6.900000e-07	-1.166702e-06	-5.643627e-09	-8.494439e+00	-3.689706e+02
7.000000e-07	-1.065837e-06	-5.493033e-09	-7.760070e+00	-3.588061e+02
7.100000e-07	-9.646317e-07	-5.342158e-09	-7.023222e+00	-3.484280e+02
7.200000e-07	-8.631037e-07	-5.181550e-09	-6.284024e+00	-3.378250e+02
7.300000e-07	-7.612729e-07	-5.016181e-09	-5.542621e+00	-3.269519e+02
7.400000e-07	-6.591457e-07	-4.848728e-09	-4.799061e+00	-3.157433e+02
7.500000e-07	-5.567674e-07	-4.672399e-09	-4.053673e+00	-3.041364e+02
7.600000e-07	-4.541591e-07	-4.481306e-09	-3.306609e+00	-2.920915e+02
7.700000e-07	-3.513603e-07	-4.283403e-09	-2.558159e+00	-2.796021e+02
7.800000e-07	-2.484625e-07	-4.085901e-09	-1.808988e+00	-2.666895e+02
7.900000e-07	-1.454729e-07	-3.888391e-09	-1.059149e+00	-2.533833e+02
8.000000e-07	-4.244048e-08	-3.685451e-09	-3.089976e-01	-2.396971e+02
8.100000e-07	6.062424e-08	-3.470147e-09	4.413887e-01	-2.256097e+02
8.200000e-07	1.637163e-07	-3.245399e-09	1.191974e+00	-2.110597e+02
8.300000e-07	2.667622e-07	-3.015949e-09	1.942224e+00	-1.959580e+02
8.400000e-07	3.697247e-07	-2.776315e-09	2.691865e+00	-1.802121e+02
8.500000e-07	4.725540e-07	-2.520085e-09	3.440538e+00	-1.637522e+02
8.600000e-07	5.752328e-07	-2.252206e-09	4.188114e+00	-1.465497e+02
8.700000e-07	6.777128e-07	-1.978446e-09	4.934243e+00	-1.286185e+02
8.800000e-07	7.798495e-07	-1.700128e-09	5.677873e+00	-1.099988e+02
8.900000e-07	8.816620e-07	-1.411058e-09	6.419142e+00	-9.072945e+01
9.000000e-07	9.831833e-07	-1.106374e-09	7.158291e+00	-7.082070e+01
9.100000e-07	1.084371e-06	-7.880057e-10	7.895013e+00	-5.023680e+01
9.200000e-07	1.185237e-06	-4.592995e-10	8.629393e+00	-2.889710e+01
9.300000e-07	1.285692e-06	-1.181323e-10	9.360777e+00	-6.695174e+00
9.400000e-07	1.385637e-06	2.383653e-10	1.008845e+01	1.647002e+01
9.500000e-07	1.485031e-06	6.099018e-10	1.081211e+01	4.066102e+01
9.600000e-07	1.583822e-06	9.946589e-10	1.153138e+01	6.587629e+01
9.700000e-07	1.681925e-06	1.389188e-09	1.224564e+01	9.203820e+01
9.800000e-07	1.779253e-06	1.795968e-09	1.295426e+01	1.189948e+02
9.900000e-07	1.875731e-06	2.218213e-09	1.365669e+01	1.465311e+02
1.000000e-06	1.971435e-06	2.650618e-09	1.435348e+01	1.743846e+02
1.010000e-06	2.066470e-06	3.080095e-09	1.504541e+01	2.022596e+02
1.020000e-06	2.160803e-06	3.498468e-09	1.573222e+01	2.298399e+02
1.030000e-06	2.254379e-06	3.906637e-09	1.641352e+01	2.568022e+02
1.040000e-06	2.347167e-06	4.302327e-09	1.708908e+01	2.828329e+02
1.050000e-06	2.439112e-06	4.677642e-09	1.775852e+01	3.076510e+02
1.060000e-06	2.530184e-06	5.028407e-09	1.842158e+01	3.310351e+02
1.070000e-06	2.620224e-06	5.356359e-09	1.907714e+01	3.528476e+02
1.080000e-06	2.709057e-06	5.664797e-09	1.972391e+01	3.730496e+02
1.090000e-06	2.796813e-06	5.954971e-09	2.036283e+01	3.916982e+02
1.100000e-06	2.883624e-06	6.221647e-09	2.099488e+01	4.089250e+02
1.110000e-06	2.969473e-06	6.464486e-09	2.161993e+01	4.249009e+02
1.120000e-06	3.054345e-06	6.687585e-09	2.223786e+01	4.397951e+02
1.130000e-06	3.138189e-06	6.897601e-09	2.284831e+01	4.537429e+02
1.140000e-06	3.220944e-06	7.095564e-09	2.345082e+01	4.668297e+02
1.150000e-06	3.302392e-06	7.279322e-09	2.404382e+01	4.790955e+02
1.160000e-06	3.382498e-06	7.452049e-09	2.462705e+01	4.905561e+02
1.170000e-06	3.461332e-06	7.615414e-09	2.520102e+01	5.012300e+02
1.180000e-06	3.538843e-06	7.770658e-09	2.576536e+01	5.111605e+02
1.190000e-06	3.614999e-06	7.916259e-09	2.631982e+01	5.204224e+02
1.200000e-06	3.689668e-06	8.050282e-09	2.686347e+01	5.291134e+02
1.210000e-06	3.762695e-06	8.175932e-09	2.739516e+01	5.373325e+02
1.220000e-06	3.834176e-06	8.297896e-09	2.791559e+01	5.451574e+02
1.230000e-06	3.904286e-06	8.415344e-09	2.842605e+01	5.526292e+02
1.240000e-06	3.973008e-06	8.524885e-09	2.892639e+01	5.597524e+02
1.250000e-06	4.040321e-06	8.626614e-09	2.941648e+01	5.665092e+02
1.260000e-06	4.106036e-06	8.725779e-09	2.989493e+01	5.728814e+02
1.270000e-06	4.170087e-06	8.821105e-09	3.036128e+01	5.788704e+02
1.280000e-06	4.232631e-06	8.908456e-09	3.081664e+01	5.845065e+02
1.290000e-06	4.293731e-06	8.989514e-09	3.126149e+01	5.898436e+02
1.300000e-06	4.353334e-06	9.069008e-09	3.169544e+01	5.949418e+02
1.310000e-06	4.411160e-06	9.147913e-09	3.211646e+01	5.998467e+02
1.320000e-06	4.467174e-06	9.223715e-09	3.252428e+01	6.045737e+02
1.330000e-06	4.521514e-06	9.293083e-09	3.291992e+01	6.091062e+02
1.340000e-06	4.574032e-06	9.355100e-09	3.330229e+01	6.134068e+02
1.350000e-06	4.624511e-06	9.413806e-09	3.366981e+01	6.174382e+02
1.360000e-06	4.672976e-06	9.472594e-09	3.402267e+01	6.211833e+02
1.370000e-06	4.719656e-06	9.529659e-09	3.436253e+01	6.246568e+02
1.380000e-06	4.764695e-06	9.582870e-09	3.469045e+01	6.279023e+02
1.390000e-06	4.808073e-06	9.632974e-09	3.500628e+01	6.309770e+02
1.400000e-06	4.849545e-06	9.682176e-09	3.530823e+01	6.339302e+02
1.410000e-06	4.889090e-06	9.731154e-09	3.559614e+01	6.367858e+02
1.420000e-06	4.926939e-06	9.775027e-09	3.587170e+01	6.395351e+02
1.430000e-06	4.963072e-06	9.812727e-09	3.613478e+01	6.421449e+02
1.440000e-06	4.997265e-06	9.848205e-09	3.638373e+01	6.445745e+02
1.450000e-06	5.029488e-06	9.883696e-09	3.661834e+01	6.467956e+02
1.460000e-06	5.059971e-06	9.917595e-09	3.684028e+01	6.488059e+02
1.470000e-06	5.088774e-06	9.948170e-09	3.704999e+01	6.506297e+02
1.480000e-06	5.115651e-06	9.976504e-09	3.724567e+01	6.523067e+02
1.490000e-06	5.140349e-06	1.000353e-08	3.742549e+01	6.538735e+02
1.500000e-06	5.163061e-06	1.003018e-08	3.759085e+01	6.553471e+02
1.510000e-06	5.184020e-06	1.005389e-08	3.774344e+01	6.567184e+02
1.520000e-06	5.203134e-06	1.007345e-08	3.788261e+01	6.579578e+02
1.530000e-06	5.220244e-06	1.009154e-08	3.800718e+01	6.590308e+02
1.540000e-06	5.235269e-06	1.010789e-08	3.811657e+01	6.599174e+02
1.550000e-06	5.248293e-06	1.012175e-08	3.821140e+01	6.606241e+02
1.560000e-06	5.259117e-06	1.013180e-08	3.829020e+01	6.611849e+02
1.570000e-06	5.267689e-06	1.013927e-08	3.835262e+01	6.616485e+02
1.580000e-06	5.274315e-06	1.014635e-08	3.840086e+01	6.620588e+02
1.590000e-06	5.279065e-06	1.015450e-08	3.843544e+01	6.624364e+02
1.600000e-06	5.281784e-06	1.016244e-08	3.845523e+01	6.627689e+02
1.610000e-06	5.282438e-06	1.016829e-08	3.846000e+01	6.630161e+02
1.620000e-06	5.281240e-06	1.017026e-08	3.845127e+01	6.631266e+02
1.630000e-06	5.278371e-06	1.016708e-08	3.843039e+01	6.630594e+02
1.640000e-06	5.273715e-06	1.016457e-08	3.839649e+01	6.628005e+02
1.650000e-06	5.267053e-06	1.015762e-08	3.834798e+01	6.623679e+02
1.660000e-06	5.258547e-06	1.014591e-08	3.828606e+01	6.618028e+02
1.670000e-06	5.248423e-06	1.013394e-08	3.821235e+01	6.611505e+02
1.680000e-06	5.236464e-06	1.012256e-08	3.812527e+01	6.604403e+02
1.690000e-06	5.222402e-06	1.012998e-08	3.802289e+01	6.596735e+02
1.700000e-06	5.206241e-06	1.005755e-08	3.790523e+01	6.588246e+02
1.710000e-06	5.187645e-06	9.994001e-09	3.776983e+01	6.578559e+02
1.720000e-06	5.166251e-06	1.000723e-08	3.761407e+01	6.567380e+02
1.730000e-06	5.142647e-06	9.972177e-09	3.744222e+01	6.554677e+02
1.740000e-06	5.117833e-06	1.007678e-08	3.726155e+01	6.540739e+02
1.750000e-06	5.092166e-06	1.004112e-08	3.707468e+01	6.526083e+02
1.760000e-06	5.064875e-06	9.851541e-09	3.687598e+01	6.511244e+02
1.770000e-06	5.035187e-06	9.994595e-09	3.665983e+01	6.496532e+02
1.780000e-06	5.003712e-06	9.954347e-09	3.643067e+01	6.481854e+02
1.790000e-06	4.970631e-06	9.816271e-09	3.618981e+01	6.466695e+02
1.800000e-06	4.935720e-06	9.930062e-09	3.593564e+01	6.450258e+02
1.810000e-06	4.899100e-06	9.813805e-09	3.566902e+01	6.431722e+02
1.820000e-06	4.860371e-06	9.789520e-09	3.538704e+01	6.410514e+02
1.830000e-06	4.819700e-06	9.865517e-09	3.509093e+01	6.386494e+02
1.840000e-06	4.777438e-06	9.720789e-09	3.478323e+01	6.359975e+02
1.850000e-06	4.733313e-06	9.726741e-09	3.446197e+01	6.331591e+02
1.860000e-06	4.687379e-06	9.623543e-09	3.412753e+01	6.302056e+02
1.870000e-06	4.639616e-06	9.528284e-09	3.377978e+01	6.271923e+02
1.880000e-06	4.589948e-06	9.580213e-09	3.341817e+01	6.241432e+02
1.890000e-06	4.538427e-06	9.451040e-09	3.304306e+01	6.210494e+02
1.900000e-06	4.484784e-06	9.483536e-09	3.265250e+01	6.178804e+02
1.910000e-06	4.429306e-06	9.446789e-09	3.224858e+01	6.146015e+02
1.920000e-06	4.372199e-06	9.345582e-09	3.183279e+01	6.111896e+02
1.930000e-06	4.313476e-06	9.300124e-09	3.140525e+01	6.076398e+02
1.940000e-06	4.253159e-06	9.166088e-09	3.096610e+01	6.039617e+02
1.950000e-06	4.190925e-06	9.177625e-09	3.051299e+01	6.001686e+02
1.960000e-06	4.127050e-06	9.083513e-09	3.004793e+01	5.962649e+02
1.970000e-06	4.061734e-06	9.036897e-09	2.957239e+01	5.922407e+02
1.980000e-06	3.994998e-06	9.021535e-09	2.908649e+01	5.880743e+02
1.990000e-06	3.926796e-06	8.890282e-09	2.858994e+01	5.837434e+02
2.000000e-06	3.856801e-06	8.861438e-09	2.808032e+01	5.792381e+02
2.010000e-06	3.785266e-06	8.744971e-09	2.755950e+01	5.745695e+02
2.020000e-06	3.712452e-06	8.685944e-09	2.702935e+01	5.697682e+02
2.030000e-06	3.638288e-06	8.613295e-09	2.648939e+01	5.648730e+02
2.040000e-06	3.562618e-06	8.518402e-09	2.593846e+01	5.599136e+02
2.050000e-06	3.485242e-06	8.472258e-09	2.537510e+01	5.548957e+02
2.060000e-06	3.406395e-06	8.364096e-09	2.480104e+01	5.497950e+02
2.070000e-06	3.326313e-06	8.312616e-09	2.421798e+01	5.445635e+02
2.080000e-06	3.245043e-06	8.198456e-09	2.362628e+01	5.391467e+02
2.090000e-06	3.162616e-06	8.114415e-09	2.302615e+01	5.335037e+02
2.100000e-06	3.079108e-06	8.030143e-09	2.241815e+01	5.276227e+02
2.110000e-06	2.994438e-06	7.927674e-09	2.180169e+01	5.215245e+02
2.120000e-06	2.908402e-06	7.849140e-09	2.117529e+01	5.152522e+02
2.130000e-06	2.821157e-06	7.729955e-09	2.054008e+01	5.088522e+02
2.140000e-06	2.732901e-06	7.645597e-09	1.989751e+01	5.023537e+02
2.150000e-06	2.643732e-06	7.537309e-09	1.924830e+01	4.957565e+02
2.160000e-06	2.553642e-06	7.434525e-09	1.859237e+01	4.890314e+02
2.170000e-06	2.462676e-06	7.320775e-09	1.793007e+01	4.821335e+02
2.180000e-06	2.370856e-06	7.204770e-09	1.726156e+01	4.750222e+02
2.190000e-06	2.278055e-06	7.101460e-09	1.658590e+01	4.676781e+02
2.200000e-06	2.184241e-06	6.981618e-09	1.590287e+01	4.601107e+02
2.210000e-06	2.089515e-06	6.870100e-09	1.521319e+01	4.523512e+02
2.220000e-06	1.993953e-06	6.745126e-09	1.451743e+01	4.444357e+02
2.230000e-06	1.897623e-06	6.628313e-09	1.381608e+01	4.363845e+02
2.240000e-06	1.800730e-06	6.505974e-09	1.311063e+01	4.281892e+02
2.250000e-06	1.703242e-06	6.376132e-09	1.240084e+01	4.198109e+02
2.260000e-06	1.605075e-06	6.240699e-09	1.168612e+01	4.111930e+02
2.270000e-06	1.506402e-06	6.097119e-09	1.096771e+01	4.022822e+02
2.280000e-06	1.407330e-06	5.958754e-09	1.024639e+01	3.930482e+02
2.290000e-06	1.307828e-06	5.819227e-09	9.521944e+00	3.834935e+02
2.300000e-06	1.207900e-06	5.672335e-09	8.794393e+00	3.736491e+02
2.310000e-06	1.107522e-06	5.516707e-09	8.063569e+00	3.635571e+02
2.320000e-06	1.006663e-06	5.360606e-09	7.329238e+00	3.532475e+02
2.330000e-06	9.053529e-07	5.201120e-09	6.591629e+00	3.427207e+02
2.340000e-06	8.036303e-07	5.038231e-09	5.851015e+00	3.319414e+02
2.350000e-06	7.015839e-07	4.867512e-09	5.108042e+00	3.208485e+02
2.360000e-06	5.992408e-07	4.687616e-09	4.362910e+00	3.093759e+02
2.370000e-06	4.965686e-07	4.503508e-09	3.615381e+00	2.974745e+02
2.380000e-06	3.936756e-07	4.317798e-09	2.866245e+00	2.851271e+02
2.390000e-06	2.906582e-07	4.125462e-09	2.116204e+00	2.723477e+02
2.400000e-06	1.875359e-07	3.925326e-09	1.365398e+00	2.591657e+02
2.410000e-06	8.428769e-08	3.718739e-09	6.136758e-01	2.456025e+02
2.420000e-06	-1.901846e-08	3.509355e-09	-1.384683e-01	2.316493e+02
2.430000e-06	-1.223189e-07	3.293231e-09	-8.905705e-01	2.172572e+02
2.440000e-06	-2.255840e-07	3.062559e-09	-1.642416e+00	2.023438e+02
2.450000e-06	-3.287264e-07	2.821245e-09	-2.393368e+00	1.868145e+02
2.460000e-06	-4.317016e-07	2.569902e-09	-3.143102e+00	1.705898e+02
2.470000e-06	-5.344808e-07	2.312483e-09	-3.891410e+00	1.536268e+02
2.480000e-06	-6.370124e-07	2.047709e-09	-4.637915e+00	1.359267e+02
2.490000e-06	-7.392362e-07	1.770772e-09	-5.382179e+00	1.175238e+02
2.500000e-06	-8.411253e-07	1.481419e-09	-6.124006e+00	9.846071e+01
2.510000e-06	-9.426388e-07	1.182929e-09	-6.863097e+00	7.875944e+01
2.520000e-06	-1.043733e-06	8.740635e-10	-7.599134e+00	5.839985e+01
2.530000e-06	-1.144310e-06	5.492049e-10	-8.331412e+00	3.731444e+01
2.540000e-06	-1.244356e-06	2.097382e-10	-9.059818e+00	1.540206e+01
2.550000e-06	-1.343886e-06	-1.395932e-10	-9.784468e+00	-7.443797e+00
2.560000e-06	-1.442866e-06	-4.969051e-10	-1.050512e+01	-3.130135e+01
2.570000e-06	-1.541413e-06	-8.676428e-10	-1.122261e+01	-5.619169e+01
2.580000e-06	-1.639532e-06	-1.259880e-09	-1.193699e+01	-8.206206e+01
2.590000e-06	-1.737066e-06	-1.670610e-09	-1.264710e+01	-1.087835e+02
2.600000e-06	-1.833991e-06	-2.090142e-09	-1.335279e+01	-1.361597e+02
2.610000e-06	-1.930276e-06	-2.513067e-09	-1.405382e+01	-1.639418e+02
2.620000e-06	-2.025860e-06	-2.938370e-09	-1.474974e+01	-1.918432e+02
2.630000e-06	-2.120691e-06	-3.363934e-09	-1.544018e+01	-2.195530e+02
2.640000e-06	-2.214730e-06	-3.780168e-09	-1.612485e+01	-2.467485e+02
2.650000e-06	-2.307879e-06	-4.180778e-09	-1.680304e+01	-2.731109e+02
2.660000e-06	-2.399968e-06	-4.563613e-09	-1.747351e+01	-2.983460e+02
2.670000e-06	-2.491081e-06	-4.930289e-09	-1.813689e+01	-3.222100e+02
2.680000e-06	-2.581280e-06	-5.277476e-09	-1.879360e+01	-3.445364e+02
2.690000e-06	-2.670476e-06	-5.597635e-09	-1.944301e+01	-3.652538e+02
2.700000e-06	-2.758759e-06	-5.888710e-09	-2.008577e+01	-3.843898e+02
2.710000e-06	-2.846106e-06	-6.154636e-09	-2.072172e+01	-4.020556e+02
2.720000e-06	-2.932404e-06	-6.403765e-09	-2.135004e+01	-4.184139e+02
2.730000e-06	-3.017516e-06	-6.638523e-09	-2.196971e+01	-4.336384e+02
2.740000e-06	-3.101312e-06	-6.855791e-09	-2.257982e+01	-4.478782e+02
2.750000e-06	-3.183967e-06	-7.057637e-09	-2.318160e+01	-4.612351e+02
2.760000e-06	-3.265553e-06	-7.251595e-09	-2.377561e+01	-4.737620e+02
2.770000e-06	-3.346007e-06	-7.436172e-09	-2.436137e+01	-4.854796e+02
2.780000e-06	-3.425228e-06	-7.604486e-09	-2.493815e+01	-4.964028e+02
2.790000e-06	-3.503075e-06	-7.755271e-09	-2.550494e+01	-5.065651e+02
2.800000e-06	-3.579403e-06	-7.895584e-09	-2.606066e+01	-5.160316e+02
2.810000e-06	-3.654190e-06	-8.029741e-09	-2.660517e+01	-5.248944e+02
2.820000e-06	-3.727578e-06	-8.156609e-09	-2.713949e+01	-5.332549e+02
2.830000e-06	-3.799581e-06	-8.274584e-09	-2.766372e+01	-5.411997e+02
2.840000e-06	-3.870147e-06	-8.386032e-09	-2.817749e+01	-5.487824e+02
2.850000e-06	-3.939171e-06	-8.495206e-09	-2.868004e+01	-5.560185e+02
2.860000e-06	-4.006629e-06	-8.600677e-09	-2.917118e+01	-5.628951e+02
2.870000e-06	-4.072632e-06	-8.699000e-09	-2.965173e+01	-5.693916e+02
2.880000e-06	-4.137218e-06	-8.789105e-09	-3.012196e+01	-5.755015e+02
2.890000e-06	-4.200276e-06	-8.874091e-09	-3.058107e+01	-5.812455e+02
2.900000e-06	-4.261601e-06	-8.956963e-09	-3.102756e+01	-5.866716e+02
2.910000e-06	-4.321211e-06	-9.035430e-09	-3.146157e+01	-5.918401e+02
2.920000e-06	-4.379277e-06	-9.108704e-09	-3.188433e+01	-5.968034e+02
2.930000e-06	-4.435832e-06	-9.178944e-09	-3.229609e+01	-6.015876e+02
2.940000e-06	-4.490695e-06	-9.247167e-09	-3.269553e+01	-6.061856e+02
2.950000e-06	-4.543565e-06	-9.313699e-09	-3.308046e+01	-6.105649e+02
2.960000e-06	-4.594391e-06	-9.375471e-09	-3.345051e+01	-6.146855e+02
2.970000e-06	-4.643249e-06	-9.433171e-09	-3.380624e+01	-6.185222e+02
2.980000e-06	-4.690061e-06	-9.488077e-09	-3.414706e+01	-6.220790e+02
2.990000e-06	-4.735075e-06	-9.538910e-09	-3.447480e+01	-6.253914e+02
3.000000e-06	-4.778584e-06	-9.584350e-09	-3.479157e+01	-6.285144e+02
3.010000e-06	-4.820543e-06	-9.625456e-09	-3.509707e+01	-6.315021e+02
3.020000e-06	-4.860905e-06	-9.665033e-09	-3.539093e+01	-6.343880e+02
3.030000e-06	-4.899523e-06	-9.701791e-09	-3.567210e+01	-6.371738e+02
3.040000e-06	-4.936154e-06	-9.738871e-09	-3.593880e+01	-6.398326e+02
3.050000e-06	-4.970858e-06	-9.776083e-09	-3.619147e+01	-6.423237e+02
3.060000e-06	-5.003802e-06	-9.811867e-09	-3.643132e+01	-6.446130e+02
3.070000e-06	-5.034905e-06	-9.845481e-09	-3.665778e+01	-6.466891e+02
3.080000e-06	-5.063974e-06	-9.874519e-09	-3.686942e+01	-6.485686e+02
3.090000e-06	-5.091141e-06	-9.898319e-09	-3.706722e+01	-6.502878e+02
3.100000e-06	-5.116563e-06	-9.919442e-09	-3.725231e+01	-6.518865e+02
3.110000e-06	-5.140136e-06	-9.937812e-09	-3.742393e+01	-6.533893e+02
3.120000e-06	-5.161672e-06	-9.953968e-09	-3.758074e+01	-6.547957e+02
3.130000e-06	-5.181192e-06	-9.966784e-09	-3.772285e+01	-6.560809e+02
3.140000e-06	-5.198853e-06	-9.979206e-09	-3.785144e+01	-6.572102e+02
3.150000e-06	-5.214586e-06	-9.993704e-09	-3.796599e+01	-6.581570e+02
3.160000e-06	-5.228153e-06	-1.000815e-08	-3.806476e+01	-6.589186e+02
3.170000e-06	-5.239454e-06	-1.002078e-08	-3.814705e+01	-6.595208e+02
3.180000e-06	-5.248743e-06	-1.002823e-08	-3.821468e+01	-6.600098e+02
3.190000e-06	-5.256138e-06	-1.003154e-08	-3.826851e+01	-6.604332e+02
3.200000e-06	-5.261456e-06	-1.003273e-08	-3.830724e+01	-6.608206e+02
3.210000e-06	-5.264776e-06	-1.003324e-08	-3.833141e+01	-6.611704e+02
3.220000e-06	-5.266283e-06	-1.003106e-08	-3.834238e+01	-6.614501e+02
