# Temperatura_=_62.81
# Concentracion g/m^3_=_18600.0
# C_Vs_to_Am_M_A/Vsm_=_65563218390.804596
# pendiente_HvsI_1/m_=_3716.3
# ordenada_HvsI_A/m_=_1297.0
# frecuencia_Hz_=_309976.8100196512

Tiempo_(s)	Campo_(V.s)	Magnetizacion_(V.s)	Campo_(kA/m)	Magnetizacion_(A/m)
0.000000e+00	-5.259736e-06	-1.144413e-08	-3.834660e+01	-7.539534e+02
1.000000e-08	-5.258353e-06	-1.145133e-08	-3.833651e+01	-7.541565e+02
2.000000e-08	-5.254980e-06	-1.145480e-08	-3.831192e+01	-7.541493e+02
3.000000e-08	-5.249802e-06	-1.145295e-08	-3.827417e+01	-7.539338e+02
4.000000e-08	-5.242959e-06	-1.145089e-08	-3.822428e+01	-7.535473e+02
5.000000e-08	-5.234458e-06	-1.144344e-08	-3.816231e+01	-7.530484e+02
6.000000e-08	-5.224011e-06	-1.143170e-08	-3.808614e+01	-7.524932e+02
7.000000e-08	-5.211423e-06	-1.141394e-08	-3.799437e+01	-7.519104e+02
8.000000e-08	-5.196828e-06	-1.138854e-08	-3.788796e+01	-7.512872e+02
9.000000e-08	-5.179922e-06	-1.144299e-08	-3.776470e+01	-7.505732e+02
1.000000e-07	-5.160665e-06	-1.149810e-08	-3.762431e+01	-7.496995e+02
1.100000e-07	-5.139406e-06	-1.144051e-08	-3.746932e+01	-7.486084e+02
1.200000e-07	-5.116346e-06	-1.141437e-08	-3.730120e+01	-7.472786e+02
1.300000e-07	-5.091824e-06	-1.133236e-08	-3.712242e+01	-7.457365e+02
1.400000e-07	-5.065802e-06	-1.119919e-08	-3.693270e+01	-7.440474e+02
1.500000e-07	-5.037932e-06	-1.135226e-08	-3.672951e+01	-7.422898e+02
1.600000e-07	-5.008297e-06	-1.128708e-08	-3.651345e+01	-7.405235e+02
1.700000e-07	-4.977014e-06	-1.112579e-08	-3.628539e+01	-7.387633e+02
1.800000e-07	-4.943701e-06	-1.130965e-08	-3.604252e+01	-7.369714e+02
1.900000e-07	-4.908343e-06	-1.119684e-08	-3.578473e+01	-7.350699e+02
2.000000e-07	-4.871535e-06	-1.110773e-08	-3.551638e+01	-7.329700e+02
2.100000e-07	-4.833037e-06	-1.117101e-08	-3.523571e+01	-7.306059e+02
2.200000e-07	-4.792601e-06	-1.100558e-08	-3.494090e+01	-7.279585e+02
2.300000e-07	-4.750187e-06	-1.098503e-08	-3.463168e+01	-7.250619e+02
2.400000e-07	-4.705730e-06	-1.100680e-08	-3.430756e+01	-7.219874e+02
2.500000e-07	-4.659546e-06	-1.093022e-08	-3.397086e+01	-7.188151e+02
2.600000e-07	-4.611548e-06	-1.093767e-08	-3.362092e+01	-7.156027e+02
2.700000e-07	-4.561418e-06	-1.084906e-08	-3.325544e+01	-7.123655e+02
2.800000e-07	-4.509134e-06	-1.078371e-08	-3.287426e+01	-7.090744e+02
2.900000e-07	-4.454931e-06	-1.074513e-08	-3.247909e+01	-7.056724e+02
3.000000e-07	-4.399119e-06	-1.067421e-08	-3.207219e+01	-7.021015e+02
3.100000e-07	-4.341615e-06	-1.062215e-08	-3.165295e+01	-6.983273e+02
3.200000e-07	-4.282219e-06	-1.056283e-08	-3.121992e+01	-6.943523e+02
3.300000e-07	-4.221220e-06	-1.055559e-08	-3.077520e+01	-6.902111e+02
3.400000e-07	-4.158782e-06	-1.045756e-08	-3.031999e+01	-6.859525e+02
3.500000e-07	-4.094895e-06	-1.038421e-08	-2.985422e+01	-6.816156e+02
3.600000e-07	-4.029433e-06	-1.033045e-08	-2.937696e+01	-6.772120e+02
3.700000e-07	-3.962249e-06	-1.022256e-08	-2.888715e+01	-6.727217e+02
3.800000e-07	-3.893479e-06	-1.018618e-08	-2.838577e+01	-6.681033e+02
3.900000e-07	-3.823304e-06	-1.013211e-08	-2.787416e+01	-6.633147e+02
4.000000e-07	-3.751845e-06	-1.005366e-08	-2.735318e+01	-6.583336e+02
4.100000e-07	-3.679020e-06	-9.972173e-09	-2.682224e+01	-6.531679e+02
4.200000e-07	-3.604595e-06	-9.883964e-09	-2.627964e+01	-6.478513e+02
4.300000e-07	-3.528551e-06	-9.806809e-09	-2.572523e+01	-6.424272e+02
4.400000e-07	-3.451056e-06	-9.713493e-09	-2.516025e+01	-6.369261e+02
4.500000e-07	-3.372072e-06	-9.637098e-09	-2.458440e+01	-6.313490e+02
4.600000e-07	-3.291603e-06	-9.547292e-09	-2.399774e+01	-6.256639e+02
4.700000e-07	-3.209854e-06	-9.467942e-09	-2.340174e+01	-6.198170e+02
4.800000e-07	-3.126928e-06	-9.394451e-09	-2.279716e+01	-6.137549e+02
4.900000e-07	-3.042963e-06	-9.289074e-09	-2.218501e+01	-6.074467e+02
5.000000e-07	-2.958056e-06	-9.183477e-09	-2.156598e+01	-6.008975e+02
5.100000e-07	-2.872126e-06	-9.070680e-09	-2.093950e+01	-5.941463e+02
5.200000e-07	-2.785220e-06	-8.973758e-09	-2.030591e+01	-5.872490e+02
5.300000e-07	-2.697473e-06	-8.874480e-09	-1.966618e+01	-5.802541e+02
5.400000e-07	-2.608778e-06	-8.766576e-09	-1.901954e+01	-5.731813e+02
5.500000e-07	-2.518847e-06	-8.654899e-09	-1.836389e+01	-5.660116e+02
5.600000e-07	-2.427672e-06	-8.543160e-09	-1.769917e+01	-5.586947e+02
5.700000e-07	-2.335600e-06	-8.439250e-09	-1.702791e+01	-5.511682e+02
5.800000e-07	-2.242760e-06	-8.320438e-09	-1.635105e+01	-5.433816e+02
5.900000e-07	-2.149082e-06	-8.191290e-09	-1.566808e+01	-5.353144e+02
6.000000e-07	-2.054572e-06	-8.059975e-09	-1.497905e+01	-5.269803e+02
6.100000e-07	-1.959340e-06	-7.935022e-09	-1.428475e+01	-5.184166e+02
6.200000e-07	-1.863491e-06	-7.804089e-09	-1.358596e+01	-5.096634e+02
6.300000e-07	-1.766956e-06	-7.660621e-09	-1.288216e+01	-5.007426e+02
6.400000e-07	-1.669613e-06	-7.519313e-09	-1.217247e+01	-4.916452e+02
6.500000e-07	-1.571412e-06	-7.380876e-09	-1.145652e+01	-4.823337e+02
6.600000e-07	-1.472493e-06	-7.242558e-09	-1.073535e+01	-4.727562e+02
6.700000e-07	-1.373034e-06	-7.091958e-09	-1.001023e+01	-4.628669e+02
6.800000e-07	-1.273128e-06	-6.929625e-09	-9.281861e+00	-4.526432e+02
6.900000e-07	-1.172776e-06	-6.763752e-09	-8.550235e+00	-4.420906e+02
7.000000e-07	-1.071985e-06	-6.599870e-09	-7.815404e+00	-4.312349e+02
7.100000e-07	-9.708553e-07	-6.432983e-09	-7.078111e+00	-4.201039e+02
7.200000e-07	-8.694481e-07	-6.256465e-09	-6.338793e+00	-4.087081e+02
7.300000e-07	-7.677473e-07	-6.076711e-09	-5.597333e+00	-3.970290e+02
7.400000e-07	-6.657703e-07	-5.897614e-09	-4.853861e+00	-3.850203e+02
7.500000e-07	-5.635619e-07	-5.713804e-09	-4.108700e+00	-3.726229e+02
7.600000e-07	-4.610917e-07	-5.514082e-09	-3.361632e+00	-3.597842e+02
7.700000e-07	-3.583730e-07	-5.302550e-09	-2.612752e+00	-3.464760e+02
7.800000e-07	-2.555283e-07	-5.087694e-09	-1.862953e+00	-3.327004e+02
7.900000e-07	-1.526639e-07	-4.873505e-09	-1.113010e+00	-3.184811e+02
8.000000e-07	-4.975878e-08	-4.657940e-09	-3.627710e-01	-3.038441e+02
8.100000e-07	5.323278e-08	-4.430531e-09	3.880985e-01	-2.887961e+02
8.200000e-07	1.562365e-07	-4.189076e-09	1.139057e+00	-2.733099e+02
8.300000e-07	2.591435e-07	-3.943601e-09	1.889310e+00	-2.573237e+02
8.400000e-07	3.619079e-07	-3.692867e-09	2.638523e+00	-2.407555e+02
8.500000e-07	4.645215e-07	-3.426898e-09	3.386637e+00	-2.235266e+02
8.600000e-07	5.670071e-07	-3.146933e-09	4.133818e+00	-2.055845e+02
8.700000e-07	6.693368e-07	-2.858207e-09	4.879862e+00	-1.869155e+02
8.800000e-07	7.713976e-07	-2.566819e-09	5.623947e+00	-1.675417e+02
8.900000e-07	8.731447e-07	-2.269593e-09	6.365743e+00	-1.475047e+02
9.000000e-07	9.745473e-07	-1.956564e-09	7.105028e+00	-1.268411e+02
9.100000e-07	1.075609e-06	-1.627425e-09	7.841828e+00	-1.055615e+02
9.200000e-07	1.176338e-06	-1.288745e-09	8.576201e+00	-8.364000e+01
9.300000e-07	1.276682e-06	-9.433666e-10	9.307770e+00	-6.101863e+01
9.400000e-07	1.376611e-06	-5.857055e-10	1.003631e+01	-3.762282e+01
9.500000e-07	1.475993e-06	-2.116226e-10	1.076087e+01	-1.338199e+01
9.600000e-07	1.574684e-06	1.763075e-10	1.148038e+01	1.175336e+01
9.700000e-07	1.672607e-06	5.712094e-10	1.219429e+01	3.780312e+01
9.800000e-07	1.769733e-06	9.746440e-10	1.290241e+01	6.475776e+01
9.900000e-07	1.866123e-06	1.396407e-09	1.360514e+01	9.258254e+01
1.000000e-06	1.961812e-06	1.839783e-09	1.430277e+01	1.212192e+02
1.010000e-06	2.056762e-06	2.296216e-09	1.499502e+01	1.505801e+02
1.020000e-06	2.150950e-06	2.754838e-09	1.568170e+01	1.805345e+02
1.030000e-06	2.244388e-06	3.216950e-09	1.636292e+01	2.108924e+02
1.040000e-06	2.337099e-06	3.684638e-09	1.703884e+01	2.413953e+02
1.050000e-06	2.429067e-06	4.149285e-09	1.770934e+01	2.717204e+02
1.060000e-06	2.520063e-06	4.598424e-09	1.837275e+01	3.015054e+02
1.070000e-06	2.609874e-06	5.029311e-09	1.902753e+01	3.303875e+02
1.080000e-06	2.698558e-06	5.446291e-09	1.967409e+01	3.580492e+02
1.090000e-06	2.786296e-06	5.849303e-09	2.031375e+01	3.842567e+02
1.100000e-06	2.873124e-06	6.228753e-09	2.094678e+01	4.088802e+02
1.110000e-06	2.958937e-06	6.579232e-09	2.157241e+01	4.318907e+02
1.120000e-06	3.043731e-06	6.903045e-09	2.219060e+01	4.533361e+02
1.130000e-06	3.127528e-06	7.204040e-09	2.280153e+01	4.733059e+02
1.140000e-06	3.210232e-06	7.484313e-09	2.340450e+01	4.918989e+02
1.150000e-06	3.291720e-06	7.743607e-09	2.399859e+01	5.092023e+02
1.160000e-06	3.371913e-06	7.986228e-09	2.458325e+01	5.252883e+02
1.170000e-06	3.450749e-06	8.215095e-09	2.515801e+01	5.402245e+02
1.180000e-06	3.528257e-06	8.430049e-09	2.572309e+01	5.540892e+02
1.190000e-06	3.604471e-06	8.629106e-09	2.627873e+01	5.669819e+02
1.200000e-06	3.679147e-06	8.811246e-09	2.682316e+01	5.790212e+02
1.210000e-06	3.752208e-06	8.980952e-09	2.735582e+01	5.903304e+02
1.220000e-06	3.823806e-06	9.143122e-09	2.787781e+01	6.010161e+02
1.230000e-06	3.893932e-06	9.299864e-09	2.838908e+01	6.111495e+02
1.240000e-06	3.962674e-06	9.449443e-09	2.889025e+01	6.207588e+02
1.250000e-06	4.029972e-06	9.591216e-09	2.938089e+01	6.298370e+02
1.260000e-06	4.095581e-06	9.725673e-09	2.985921e+01	6.383625e+02
1.270000e-06	4.159575e-06	9.852221e-09	3.032577e+01	6.463242e+02
1.280000e-06	4.222126e-06	9.968412e-09	3.078180e+01	6.537402e+02
1.290000e-06	4.283272e-06	1.007266e-08	3.122760e+01	6.606629e+02
1.300000e-06	4.342978e-06	1.017039e-08	3.166289e+01	6.671696e+02
1.310000e-06	4.400942e-06	1.026599e-08	3.208548e+01	6.733407e+02
1.320000e-06	4.457078e-06	1.035856e-08	3.249475e+01	6.792382e+02
1.330000e-06	4.511563e-06	1.044521e-08	3.289197e+01	6.848905e+02
1.340000e-06	4.564243e-06	1.052722e-08	3.327604e+01	6.902929e+02
1.350000e-06	4.614786e-06	1.060550e-08	3.364453e+01	6.954202e+02
1.360000e-06	4.663273e-06	1.068017e-08	3.399803e+01	7.002472e+02
1.370000e-06	4.710032e-06	1.075013e-08	3.433893e+01	7.047673e+02
1.380000e-06	4.755209e-06	1.081614e-08	3.466830e+01	7.090004e+02
1.390000e-06	4.798688e-06	1.087859e-08	3.498529e+01	7.129877e+02
1.400000e-06	4.840181e-06	1.093891e-08	3.528779e+01	7.167768e+02
1.410000e-06	4.879792e-06	1.099702e-08	3.557658e+01	7.204026e+02
1.420000e-06	4.917740e-06	1.105090e-08	3.585324e+01	7.238749e+02
1.430000e-06	4.953981e-06	1.110160e-08	3.611746e+01	7.271770e+02
1.440000e-06	4.988261e-06	1.114874e-08	3.636738e+01	7.302762e+02
1.450000e-06	5.020575e-06	1.119405e-08	3.660297e+01	7.331417e+02
1.460000e-06	5.051158e-06	1.123807e-08	3.682594e+01	7.357603e+02
1.470000e-06	5.080046e-06	1.127927e-08	3.703655e+01	7.381442e+02
1.480000e-06	5.106999e-06	1.131680e-08	3.723306e+01	7.403262e+02
1.490000e-06	5.131769e-06	1.135035e-08	3.741364e+01	7.423458e+02
1.500000e-06	5.154561e-06	1.137959e-08	3.757981e+01	7.442325e+02
1.510000e-06	5.175633e-06	1.140585e-08	3.773343e+01	7.459945e+02
1.520000e-06	5.194927e-06	1.143053e-08	3.787410e+01	7.476176e+02
1.530000e-06	5.212176e-06	1.145451e-08	3.799985e+01	7.490763e+02
1.540000e-06	5.227335e-06	1.147742e-08	3.811038e+01	7.503493e+02
1.550000e-06	5.240461e-06	1.149885e-08	3.820607e+01	7.514346e+02
1.560000e-06	5.251356e-06	1.151799e-08	3.828550e+01	7.523534e+02
1.570000e-06	5.260059e-06	1.153386e-08	3.834895e+01	7.531438e+02
1.580000e-06	5.266789e-06	1.154631e-08	3.839802e+01	7.538435e+02
1.590000e-06	5.271681e-06	1.155529e-08	3.843369e+01	7.544722e+02
1.600000e-06	5.274549e-06	1.156092e-08	3.845459e+01	7.550204e+02
1.610000e-06	5.275291e-06	1.156787e-08	3.846000e+01	7.554519e+02
1.620000e-06	5.274223e-06	1.157164e-08	3.845221e+01	7.557181e+02
1.630000e-06	5.271500e-06	1.157021e-08	3.843236e+01	7.557809e+02
1.640000e-06	5.267018e-06	1.157125e-08	3.839969e+01	7.556306e+02
1.650000e-06	5.260549e-06	1.156830e-08	3.835252e+01	7.552941e+02
1.660000e-06	5.252206e-06	1.156188e-08	3.829170e+01	7.548254e+02
1.670000e-06	5.242249e-06	1.155569e-08	3.821911e+01	7.542842e+02
1.680000e-06	5.230472e-06	1.156000e-08	3.813324e+01	7.537103e+02
1.690000e-06	5.216563e-06	1.156568e-08	3.803184e+01	7.531049e+02
1.700000e-06	5.200589e-06	1.144684e-08	3.791538e+01	7.524281e+02
1.710000e-06	5.182272e-06	1.139201e-08	3.778184e+01	7.516139e+02
1.720000e-06	5.161153e-06	1.141911e-08	3.762787e+01	7.505980e+02
1.730000e-06	5.137694e-06	1.141170e-08	3.745683e+01	7.493452e+02
1.740000e-06	5.112951e-06	1.156273e-08	3.727645e+01	7.478665e+02
1.750000e-06	5.087458e-06	1.141907e-08	3.709059e+01	7.462168e+02
1.760000e-06	5.060410e-06	1.127340e-08	3.689339e+01	7.444740e+02
1.770000e-06	5.030911e-06	1.148285e-08	3.667833e+01	7.427072e+02
1.780000e-06	4.999629e-06	1.128707e-08	3.645027e+01	7.409475e+02
1.790000e-06	4.966761e-06	1.122481e-08	3.621063e+01	7.391736e+02
1.800000e-06	4.932019e-06	1.138255e-08	3.595734e+01	7.373179e+02
1.810000e-06	4.895586e-06	1.114681e-08	3.569173e+01	7.352916e+02
1.820000e-06	4.857036e-06	1.121296e-08	3.541067e+01	7.330178e+02
1.830000e-06	4.816498e-06	1.127306e-08	3.511513e+01	7.304610e+02
1.840000e-06	4.774394e-06	1.108524e-08	3.480817e+01	7.276388e+02
1.850000e-06	4.730441e-06	1.114438e-08	3.448772e+01	7.246133e+02
1.860000e-06	4.684705e-06	1.096661e-08	3.415428e+01	7.214653e+02
1.870000e-06	4.637100e-06	1.092962e-08	3.380721e+01	7.182627e+02
1.880000e-06	4.587507e-06	1.098714e-08	3.344565e+01	7.150355e+02
1.890000e-06	4.536147e-06	1.080766e-08	3.307121e+01	7.117678e+02
1.900000e-06	4.482703e-06	1.088232e-08	3.268157e+01	7.084091e+02
1.910000e-06	4.427375e-06	1.078008e-08	3.227819e+01	7.048986e+02
1.920000e-06	4.370474e-06	1.071098e-08	3.186335e+01	7.011922e+02
1.930000e-06	4.311999e-06	1.066589e-08	3.143703e+01	6.972801e+02
1.940000e-06	4.251967e-06	1.051216e-08	3.099937e+01	6.931880e+02
1.950000e-06	4.190058e-06	1.055431e-08	3.054801e+01	6.889627e+02
1.960000e-06	4.126494e-06	1.041143e-08	3.008459e+01	6.846489e+02
1.970000e-06	4.061467e-06	1.040576e-08	2.961050e+01	6.802684e+02
1.980000e-06	3.994991e-06	1.035872e-08	2.912585e+01	6.758106e+02
1.990000e-06	3.927070e-06	1.020289e-08	2.863067e+01	6.712391e+02
2.000000e-06	3.857326e-06	1.019662e-08	2.812220e+01	6.665097e+02
2.010000e-06	3.785989e-06	1.004449e-08	2.760211e+01	6.615920e+02
2.020000e-06	3.713357e-06	1.001888e-08	2.707257e+01	6.564837e+02
2.030000e-06	3.639382e-06	9.923699e-09	2.653325e+01	6.512117e+02
2.040000e-06	3.563905e-06	9.829771e-09	2.598298e+01	6.458187e+02
2.050000e-06	3.486711e-06	9.783082e-09	2.542019e+01	6.403414e+02
2.060000e-06	3.408018e-06	9.663318e-09	2.484647e+01	6.347915e+02
2.070000e-06	3.328102e-06	9.618745e-09	2.426384e+01	6.291471e+02
2.080000e-06	3.247062e-06	9.467076e-09	2.367301e+01	6.233593e+02
2.090000e-06	3.164886e-06	9.394057e-09	2.307390e+01	6.173721e+02
2.100000e-06	3.081622e-06	9.299375e-09	2.246685e+01	6.111451e+02
2.110000e-06	2.997168e-06	9.199238e-09	2.185113e+01	6.046713e+02
2.120000e-06	2.911337e-06	9.117562e-09	2.122537e+01	5.979801e+02
2.130000e-06	2.824275e-06	8.982141e-09	2.059064e+01	5.911244e+02
2.140000e-06	2.736191e-06	8.898358e-09	1.994845e+01	5.841578e+02
2.150000e-06	2.647198e-06	8.777129e-09	1.929965e+01	5.771110e+02
2.160000e-06	2.557278e-06	8.678352e-09	1.864408e+01	5.699775e+02
2.170000e-06	2.466520e-06	8.551878e-09	1.798239e+01	5.627155e+02
2.180000e-06	2.374935e-06	8.432753e-09	1.731468e+01	5.552637e+02
2.190000e-06	2.282380e-06	8.328844e-09	1.663991e+01	5.475654e+02
2.200000e-06	2.188833e-06	8.204341e-09	1.595789e+01	5.395893e+02
2.210000e-06	2.094292e-06	8.080185e-09	1.526863e+01	5.313385e+02
2.220000e-06	1.998896e-06	7.935905e-09	1.457314e+01	5.228447e+02
2.230000e-06	1.902814e-06	7.813177e-09	1.387264e+01	5.141496e+02
2.240000e-06	1.806127e-06	7.682524e-09	1.316773e+01	5.052828e+02
2.250000e-06	1.708775e-06	7.548132e-09	1.245798e+01	4.962459e+02
2.260000e-06	1.610777e-06	7.402006e-09	1.174352e+01	4.870094e+02
2.270000e-06	1.512303e-06	7.252192e-09	1.102559e+01	4.775238e+02
2.280000e-06	1.413420e-06	7.107066e-09	1.030467e+01	4.677394e+02
2.290000e-06	1.314122e-06	6.956066e-09	9.580726e+00	4.576247e+02
2.300000e-06	1.214403e-06	6.794308e-09	8.853722e+00	4.471765e+02
2.310000e-06	1.114256e-06	6.622920e-09	8.123588e+00	4.364156e+02
2.320000e-06	1.013582e-06	6.458590e-09	7.389615e+00	4.253716e+02
2.330000e-06	9.123585e-07	6.291817e-09	6.651635e+00	4.140623e+02
2.340000e-06	8.107410e-07	6.119571e-09	5.910783e+00	4.024789e+02
2.350000e-06	7.088181e-07	5.933279e-09	5.167704e+00	3.905832e+02
2.360000e-06	6.065810e-07	5.742648e-09	4.422335e+00	3.783180e+02
2.370000e-06	5.040364e-07	5.551424e-09	3.674725e+00	3.656264e+02
2.380000e-06	4.012682e-07	5.354951e-09	2.925484e+00	3.524712e+02
2.390000e-06	2.983359e-07	5.145797e-09	2.175046e+00	3.388447e+02
2.400000e-06	1.952800e-07	4.926999e-09	1.423707e+00	3.247656e+02
2.410000e-06	9.216064e-08	4.705833e-09	6.719058e-01	3.102616e+02
2.420000e-06	-1.097749e-08	4.483755e-09	-8.003240e-02	2.953477e+02
2.430000e-06	-1.141065e-07	4.254673e-09	-8.319042e-01	2.800085e+02
2.440000e-06	-2.171990e-07	4.009904e-09	-1.583510e+00	2.641921e+02
2.450000e-06	-3.201823e-07	3.759185e-09	-2.334319e+00	2.478210e+02
2.460000e-06	-4.230211e-07	3.500530e-09	-3.084075e+00	2.308127e+02
2.470000e-06	-5.256904e-07	3.234113e-09	-3.832595e+00	2.131041e+02
2.480000e-06	-6.281535e-07	2.954295e-09	-4.579612e+00	1.946686e+02
2.490000e-06	-7.303785e-07	2.658568e-09	-5.324893e+00	1.755181e+02
2.500000e-06	-8.322482e-07	2.355416e-09	-6.067584e+00	1.556904e+02
2.510000e-06	-9.336435e-07	2.046916e-09	-6.806815e+00	1.352262e+02
2.520000e-06	-1.034553e-06	1.728951e-09	-7.542507e+00	1.141464e+02
2.530000e-06	-1.134990e-06	1.394637e-09	-8.274751e+00	9.243708e+01
2.540000e-06	-1.234972e-06	1.049650e-09	-9.003678e+00	7.004923e+01
2.550000e-06	-1.334488e-06	7.001849e-10	-9.729210e+00	4.691144e+01
2.560000e-06	-1.433479e-06	3.413139e-10	-1.045091e+01	2.294970e+01
2.570000e-06	-1.531957e-06	-3.522296e-11	-1.116887e+01	-1.893663e+00
2.580000e-06	-1.629935e-06	-4.319227e-10	-1.188320e+01	-2.764841e+01
2.590000e-06	-1.727359e-06	-8.412772e-10	-1.259347e+01	-5.431405e+01
2.600000e-06	-1.824179e-06	-1.259151e-09	-1.329935e+01	-8.186353e+01
2.610000e-06	-1.920352e-06	-1.687387e-09	-1.400051e+01	-1.102464e+02
2.620000e-06	-2.015887e-06	-2.128648e-09	-1.469701e+01	-1.393855e+02
2.630000e-06	-2.110760e-06	-2.583193e-09	-1.538869e+01	-1.691659e+02
2.640000e-06	-2.204824e-06	-3.043447e-09	-1.607448e+01	-1.994182e+02
2.650000e-06	-2.297887e-06	-3.505499e-09	-1.675296e+01	-2.299061e+02
2.660000e-06	-2.389876e-06	-3.969060e-09	-1.742362e+01	-2.603258e+02
2.670000e-06	-2.480883e-06	-4.431654e-09	-1.808711e+01	-2.903241e+02
2.680000e-06	-2.570969e-06	-4.882873e-09	-1.874389e+01	-3.195333e+02
2.690000e-06	-2.660094e-06	-5.312168e-09	-1.939366e+01	-3.476166e+02
2.700000e-06	-2.748274e-06	-5.717654e-09	-2.003655e+01	-3.743100e+02
2.710000e-06	-2.835588e-06	-6.100841e-09	-2.067312e+01	-3.994495e+02
2.720000e-06	-2.921866e-06	-6.463162e-09	-2.130214e+01	-4.229755e+02
2.730000e-06	-3.006849e-06	-6.802806e-09	-2.192171e+01	-4.449147e+02
2.740000e-06	-3.090610e-06	-7.116890e-09	-2.253238e+01	-4.653471e+02
2.750000e-06	-3.173329e-06	-7.407444e-09	-2.313545e+01	-4.843716e+02
2.760000e-06	-3.255011e-06	-7.679496e-09	-2.373096e+01	-5.020802e+02
2.770000e-06	-3.335507e-06	-7.933280e-09	-2.431782e+01	-5.185494e+02
2.780000e-06	-3.414746e-06	-8.166671e-09	-2.489553e+01	-5.338466e+02
2.790000e-06	-3.492579e-06	-8.379943e-09	-2.546298e+01	-5.480452e+02
2.800000e-06	-3.568845e-06	-8.579558e-09	-2.601900e+01	-5.612373e+02
2.810000e-06	-3.643639e-06	-8.770808e-09	-2.656429e+01	-5.735365e+02
2.820000e-06	-3.717018e-06	-8.950859e-09	-2.709927e+01	-5.850667e+02
2.830000e-06	-3.789058e-06	-9.117338e-09	-2.762448e+01	-5.959423e+02
2.840000e-06	-3.859746e-06	-9.271028e-09	-2.813984e+01	-6.062473e+02
2.850000e-06	-3.928820e-06	-9.415760e-09	-2.864343e+01	-6.160236e+02
2.860000e-06	-3.996305e-06	-9.554406e-09	-2.913544e+01	-6.252738e+02
2.870000e-06	-4.062405e-06	-9.682794e-09	-2.961734e+01	-6.339784e+02
2.880000e-06	-4.127020e-06	-9.799092e-09	-3.008843e+01	-6.421203e+02
2.890000e-06	-4.190135e-06	-9.911091e-09	-3.054857e+01	-6.497067e+02
2.900000e-06	-4.251549e-06	-1.002284e-08	-3.099632e+01	-6.567796e+02
2.910000e-06	-4.311166e-06	-1.012879e-08	-3.143096e+01	-6.634101e+02
2.920000e-06	-4.369230e-06	-1.022427e-08	-3.185428e+01	-6.696802e+02
2.930000e-06	-4.425800e-06	-1.031152e-08	-3.226671e+01	-6.756600e+02
2.940000e-06	-4.480756e-06	-1.039586e-08	-3.266737e+01	-6.813894e+02
2.950000e-06	-4.533737e-06	-1.047888e-08	-3.305364e+01	-6.868734e+02
2.960000e-06	-4.584671e-06	-1.055591e-08	-3.342497e+01	-6.920915e+02
2.970000e-06	-4.633671e-06	-1.062821e-08	-3.378221e+01	-6.970162e+02
2.980000e-06	-4.680606e-06	-1.069935e-08	-3.412440e+01	-7.016333e+02
2.990000e-06	-4.725699e-06	-1.076938e-08	-3.445315e+01	-7.059541e+02
3.000000e-06	-4.769307e-06	-1.083354e-08	-3.477108e+01	-7.100143e+02
3.010000e-06	-4.811363e-06	-1.089003e-08	-3.507769e+01	-7.138616e+02
3.020000e-06	-4.851778e-06	-1.094045e-08	-3.537234e+01	-7.175366e+02
3.030000e-06	-4.890457e-06	-1.098932e-08	-3.565433e+01	-7.210582e+02
3.040000e-06	-4.927150e-06	-1.103972e-08	-3.592184e+01	-7.244172e+02
3.050000e-06	-4.961920e-06	-1.108638e-08	-3.617534e+01	-7.275847e+02
3.060000e-06	-4.994955e-06	-1.112729e-08	-3.641619e+01	-7.305270e+02
3.070000e-06	-5.026253e-06	-1.116622e-08	-3.664437e+01	-7.332241e+02
3.080000e-06	-5.055527e-06	-1.120450e-08	-3.685779e+01	-7.356799e+02
3.090000e-06	-5.082792e-06	-1.123874e-08	-3.705657e+01	-7.379216e+02
3.100000e-06	-5.108264e-06	-1.126967e-08	-3.724228e+01	-7.399886e+02
3.110000e-06	-5.131872e-06	-1.129575e-08	-3.741439e+01	-7.419152e+02
3.120000e-06	-5.153445e-06	-1.131798e-08	-3.757167e+01	-7.437170e+02
3.130000e-06	-5.173024e-06	-1.133909e-08	-3.771442e+01	-7.453865e+02
3.140000e-06	-5.190793e-06	-1.135810e-08	-3.784396e+01	-7.469001e+02
3.150000e-06	-5.206714e-06	-1.137560e-08	-3.796004e+01	-7.482334e+02
3.160000e-06	-5.220464e-06	-1.139277e-08	-3.806028e+01	-7.493770e+02
3.170000e-06	-5.231926e-06	-1.140916e-08	-3.814384e+01	-7.503449e+02
3.180000e-06	-5.241418e-06	-1.142181e-08	-3.821304e+01	-7.511713e+02
3.190000e-06	-5.249014e-06	-1.143041e-08	-3.826843e+01	-7.518960e+02
3.200000e-06	-5.254508e-06	-1.143648e-08	-3.830848e+01	-7.525462e+02
3.210000e-06	-5.257959e-06	-1.144014e-08	-3.833364e+01	-7.531224e+02
3.220000e-06	-5.259583e-06	-1.144229e-08	-3.834548e+01	-7.535957e+02
