# Temperatura_=_65.7
# Concentracion g/m^3_=_18600.0
# C_Vs_to_Am_M_A/Vsm_=_65563218390.804596
# pendiente_HvsI_1/m_=_3716.3
# ordenada_HvsI_A/m_=_1297.0
# frecuencia_Hz_=_309975.899877839

Tiempo_(s)	Campo_(V.s)	Magnetizacion_(V.s)	Campo_(kA/m)	Magnetizacion_(A/m)
0.000000e+00	-5.260189e-06	-1.048618e-08	-3.834569e+01	-6.921788e+02
1.000000e-08	-5.258473e-06	-1.048800e-08	-3.833318e+01	-6.922811e+02
2.000000e-08	-5.254790e-06	-1.048987e-08	-3.830634e+01	-6.922415e+02
3.000000e-08	-5.249372e-06	-1.049083e-08	-3.826684e+01	-6.920555e+02
4.000000e-08	-5.242283e-06	-1.049123e-08	-3.821517e+01	-6.917327e+02
5.000000e-08	-5.233502e-06	-1.048665e-08	-3.815115e+01	-6.912907e+02
6.000000e-08	-5.222684e-06	-1.047801e-08	-3.807229e+01	-6.907457e+02
7.000000e-08	-5.209769e-06	-1.046411e-08	-3.797814e+01	-6.901035e+02
8.000000e-08	-5.194829e-06	-1.044801e-08	-3.786923e+01	-6.893564e+02
9.000000e-08	-5.177473e-06	-1.048260e-08	-3.774271e+01	-6.884862e+02
1.000000e-07	-5.157820e-06	-1.050281e-08	-3.759944e+01	-6.874740e+02
1.100000e-07	-5.136270e-06	-1.046140e-08	-3.744235e+01	-6.863109e+02
1.200000e-07	-5.112958e-06	-1.044808e-08	-3.727241e+01	-6.850055e+02
1.300000e-07	-5.088214e-06	-1.037310e-08	-3.709203e+01	-6.835842e+02
1.400000e-07	-5.061958e-06	-1.028541e-08	-3.690063e+01	-6.820835e+02
1.500000e-07	-5.033784e-06	-1.038404e-08	-3.669525e+01	-6.805371e+02
1.600000e-07	-5.003815e-06	-1.032002e-08	-3.647678e+01	-6.789617e+02
1.700000e-07	-4.972222e-06	-1.022908e-08	-3.624647e+01	-6.773485e+02
1.800000e-07	-4.938569e-06	-1.032898e-08	-3.600115e+01	-6.756629e+02
1.900000e-07	-4.902939e-06	-1.024058e-08	-3.574142e+01	-6.738526e+02
2.000000e-07	-4.865904e-06	-1.019733e-08	-3.547144e+01	-6.718626e+02
2.100000e-07	-4.827116e-06	-1.020657e-08	-3.518868e+01	-6.696507e+02
2.200000e-07	-4.786346e-06	-1.009834e-08	-3.489147e+01	-6.671988e+02
2.300000e-07	-4.743574e-06	-1.008118e-08	-3.457968e+01	-6.645167e+02
2.400000e-07	-4.698797e-06	-1.007110e-08	-3.425326e+01	-6.616374e+02
2.500000e-07	-4.652279e-06	-1.002581e-08	-3.391415e+01	-6.586062e+02
2.600000e-07	-4.603934e-06	-1.000296e-08	-3.356173e+01	-6.554684e+02
2.700000e-07	-4.553410e-06	-9.926220e-09	-3.319342e+01	-6.522585e+02
2.800000e-07	-4.500736e-06	-9.881034e-09	-3.280944e+01	-6.489945e+02
2.900000e-07	-4.446243e-06	-9.830784e-09	-3.241220e+01	-6.456771e+02
3.000000e-07	-4.390153e-06	-9.771304e-09	-3.200331e+01	-6.422934e+02
3.100000e-07	-4.332322e-06	-9.723474e-09	-3.158174e+01	-6.388222e+02
3.200000e-07	-4.272648e-06	-9.681092e-09	-3.114672e+01	-6.352393e+02
3.300000e-07	-4.211370e-06	-9.663516e-09	-3.070002e+01	-6.315213e+02
3.400000e-07	-4.148612e-06	-9.577900e-09	-3.024252e+01	-6.276486e+02
3.500000e-07	-4.084465e-06	-9.506993e-09	-2.977491e+01	-6.236079e+02
3.600000e-07	-4.018675e-06	-9.438473e-09	-2.929531e+01	-6.193936e+02
3.700000e-07	-3.951120e-06	-9.356619e-09	-2.880285e+01	-6.150099e+02
3.800000e-07	-3.882122e-06	-9.313241e-09	-2.829987e+01	-6.104707e+02
3.900000e-07	-3.811740e-06	-9.256873e-09	-2.778680e+01	-6.057977e+02
4.000000e-07	-3.740014e-06	-9.190906e-09	-2.726393e+01	-6.010152e+02
4.100000e-07	-3.666916e-06	-9.113388e-09	-2.673106e+01	-5.961433e+02
4.200000e-07	-3.592217e-06	-9.038736e-09	-2.618652e+01	-5.911918e+02
4.300000e-07	-3.515936e-06	-8.958765e-09	-2.563045e+01	-5.861556e+02
4.400000e-07	-3.438203e-06	-8.867601e-09	-2.506379e+01	-5.810158e+02
4.500000e-07	-3.358969e-06	-8.792796e-09	-2.448619e+01	-5.757448e+02
4.600000e-07	-3.278203e-06	-8.712419e-09	-2.389742e+01	-5.703144e+02
4.700000e-07	-3.196151e-06	-8.640475e-09	-2.329928e+01	-5.647047e+02
4.800000e-07	-3.112996e-06	-8.563450e-09	-2.269310e+01	-5.589090e+02
4.900000e-07	-3.028867e-06	-8.469263e-09	-2.207982e+01	-5.529339e+02
5.000000e-07	-2.943793e-06	-8.371527e-09	-2.145964e+01	-5.467940e+02
5.100000e-07	-2.857655e-06	-8.271095e-09	-2.083172e+01	-5.405038e+02
5.200000e-07	-2.770579e-06	-8.176332e-09	-2.019695e+01	-5.340701e+02
5.300000e-07	-2.682659e-06	-8.075885e-09	-1.955603e+01	-5.274886e+02
5.400000e-07	-2.593695e-06	-7.973558e-09	-1.890750e+01	-5.207458e+02
5.500000e-07	-2.503467e-06	-7.869299e-09	-1.824976e+01	-5.138249e+02
5.600000e-07	-2.412089e-06	-7.766342e-09	-1.758363e+01	-5.067142e+02
5.700000e-07	-2.319838e-06	-7.663233e-09	-1.691114e+01	-4.994124e+02
5.800000e-07	-2.226828e-06	-7.546341e-09	-1.623312e+01	-4.919292e+02
5.900000e-07	-2.133047e-06	-7.422917e-09	-1.554947e+01	-4.842795e+02
6.000000e-07	-2.038462e-06	-7.301792e-09	-1.485997e+01	-4.764749e+02
6.100000e-07	-1.943131e-06	-7.183431e-09	-1.416502e+01	-4.685152e+02
6.200000e-07	-1.847138e-06	-7.057478e-09	-1.346525e+01	-4.603833e+02
6.300000e-07	-1.750442e-06	-6.924935e-09	-1.276036e+01	-4.520481e+02
6.400000e-07	-1.653013e-06	-6.795732e-09	-1.205013e+01	-4.434724e+02
6.500000e-07	-1.554803e-06	-6.667087e-09	-1.133419e+01	-4.346235e+02
6.600000e-07	-1.455819e-06	-6.531296e-09	-1.061262e+01	-4.254828e+02
6.700000e-07	-1.356232e-06	-6.382026e-09	-9.886650e+00	-4.160486e+02
6.800000e-07	-1.256133e-06	-6.226281e-09	-9.156952e+00	-4.063323e+02
6.900000e-07	-1.155620e-06	-6.073223e-09	-8.424234e+00	-3.963486e+02
7.000000e-07	-1.054802e-06	-5.922040e-09	-7.689292e+00	-3.861040e+02
7.100000e-07	-9.537014e-07	-5.763624e-09	-6.952287e+00	-3.755896e+02
7.200000e-07	-8.522810e-07	-5.595324e-09	-6.212953e+00	-3.647798e+02
7.300000e-07	-7.505072e-07	-5.425030e-09	-5.471043e+00	-3.536389e+02
7.400000e-07	-6.484526e-07	-5.252571e-09	-4.727086e+00	-3.421324e+02
7.500000e-07	-5.461400e-07	-5.070213e-09	-3.981248e+00	-3.302378e+02
7.600000e-07	-4.436055e-07	-4.874586e-09	-3.233792e+00	-3.179493e+02
7.700000e-07	-3.409091e-07	-4.675608e-09	-2.485157e+00	-3.052753e+02
7.800000e-07	-2.381064e-07	-4.479256e-09	-1.735746e+00	-2.922275e+02
7.900000e-07	-1.352526e-07	-4.282367e-09	-9.859636e-01	-2.788073e+02
8.000000e-07	-3.233170e-08	-4.077734e-09	-2.356914e-01	-2.649946e+02
8.100000e-07	7.069125e-08	-3.857230e-09	5.153247e-01	-2.507437e+02
8.200000e-07	1.737319e-07	-3.627307e-09	1.266470e+00	-2.359896e+02
8.300000e-07	2.766841e-07	-3.393841e-09	2.016970e+00	-2.206611e+02
8.400000e-07	3.795265e-07	-3.150771e-09	2.766670e+00	-2.046978e+02
8.500000e-07	4.822267e-07	-2.891690e-09	3.515333e+00	-1.880627e+02
8.600000e-07	5.847532e-07	-2.621047e-09	4.262730e+00	-1.707468e+02
8.700000e-07	6.870460e-07	-2.346928e-09	5.008424e+00	-1.527642e+02
8.800000e-07	7.890505e-07	-2.069868e-09	5.752016e+00	-1.341386e+02
8.900000e-07	8.907163e-07	-1.781915e-09	6.493138e+00	-1.148873e+02
9.000000e-07	9.920564e-07	-1.477544e-09	7.231887e+00	-9.500868e+01
9.100000e-07	1.093113e-06	-1.161258e-09	7.968566e+00	-7.447648e+01
9.200000e-07	1.193857e-06	-8.364972e-10	8.702972e+00	-5.324228e+01
9.300000e-07	1.294190e-06	-4.982323e-10	9.434377e+00	-3.124473e+01
9.400000e-07	1.393995e-06	-1.430543e-10	1.016194e+01	-8.421312e+00
9.500000e-07	1.493203e-06	2.259370e-10	1.088514e+01	1.528060e+01
9.600000e-07	1.591781e-06	6.039304e-10	1.160375e+01	3.989520e+01
9.700000e-07	1.689584e-06	9.882512e-10	1.231672e+01	6.543139e+01
9.800000e-07	1.786556e-06	1.385873e-09	1.302362e+01	9.186543e+01
9.900000e-07	1.882782e-06	1.801956e-09	1.372509e+01	1.191312e+02
1.000000e-06	1.978363e-06	2.232818e-09	1.442186e+01	1.471079e+02
1.010000e-06	2.073297e-06	2.669843e-09	1.511391e+01	1.756090e+02
1.020000e-06	2.167472e-06	3.108774e-09	1.580043e+01	2.043770e+02
1.030000e-06	2.260888e-06	3.549440e-09	1.648141e+01	2.330901e+02
1.040000e-06	2.353553e-06	3.985049e-09	1.715692e+01	2.613844e+02
1.050000e-06	2.445453e-06	4.404202e-09	1.782685e+01	2.888890e+02
1.060000e-06	2.536415e-06	4.800758e-09	1.848994e+01	3.152682e+02
1.070000e-06	2.626149e-06	5.175983e-09	1.914408e+01	3.402617e+02
1.080000e-06	2.714695e-06	5.532018e-09	1.978957e+01	3.637102e+02
1.090000e-06	2.802313e-06	5.868412e-09	2.042829e+01	3.855621e+02
1.100000e-06	2.888984e-06	6.177411e-09	2.106010e+01	4.058581e+02
1.110000e-06	2.974588e-06	6.462316e-09	2.168414e+01	4.247007e+02
1.120000e-06	3.059181e-06	6.728073e-09	2.230080e+01	4.422174e+02
1.130000e-06	3.142833e-06	6.976378e-09	2.291060e+01	4.585294e+02
1.140000e-06	3.225366e-06	7.207022e-09	2.351226e+01	4.737341e+02
1.150000e-06	3.306588e-06	7.420440e-09	2.410434e+01	4.879030e+02
1.160000e-06	3.386495e-06	7.619505e-09	2.468685e+01	5.010929e+02
1.170000e-06	3.465081e-06	7.806891e-09	2.525973e+01	5.133619e+02
1.180000e-06	3.542401e-06	7.981820e-09	2.582338e+01	5.247811e+02
1.190000e-06	3.618427e-06	8.142973e-09	2.637759e+01	5.354375e+02
1.200000e-06	3.692890e-06	8.294303e-09	2.692041e+01	5.454263e+02
1.210000e-06	3.765658e-06	8.439460e-09	2.745087e+01	5.548357e+02
1.220000e-06	3.836935e-06	8.580927e-09	2.797047e+01	5.637331e+02
1.230000e-06	3.906826e-06	8.715174e-09	2.847996e+01	5.721578e+02
1.240000e-06	3.975359e-06	8.839692e-09	2.897955e+01	5.801239e+02
1.250000e-06	4.042471e-06	8.957032e-09	2.946878e+01	5.876324e+02
1.260000e-06	4.107881e-06	9.070445e-09	2.994561e+01	5.946878e+02
1.270000e-06	4.171659e-06	9.174671e-09	3.041053e+01	6.013104e+02
1.280000e-06	4.233969e-06	9.267843e-09	3.086476e+01	6.075408e+02
1.290000e-06	4.294824e-06	9.354694e-09	3.130838e+01	6.134338e+02
1.300000e-06	4.354176e-06	9.441443e-09	3.174105e+01	6.190446e+02
1.310000e-06	4.411744e-06	9.526615e-09	3.216071e+01	6.244140e+02
1.320000e-06	4.467536e-06	9.607618e-09	3.256742e+01	6.295578e+02
1.330000e-06	4.521675e-06	9.684289e-09	3.296208e+01	6.344672e+02
1.340000e-06	4.573978e-06	9.756483e-09	3.334336e+01	6.391183e+02
1.350000e-06	4.624144e-06	9.825440e-09	3.370906e+01	6.434873e+02
1.360000e-06	4.672317e-06	9.888926e-09	3.406022e+01	6.475655e+02
1.370000e-06	4.718825e-06	9.946598e-09	3.439927e+01	6.513672e+02
1.380000e-06	4.763761e-06	1.000086e-08	3.472684e+01	6.549283e+02
1.390000e-06	4.806923e-06	1.005441e-08	3.504148e+01	6.582948e+02
1.400000e-06	4.848053e-06	1.010648e-08	3.534130e+01	6.615085e+02
1.410000e-06	4.887365e-06	1.015621e-08	3.562788e+01	6.645937e+02
1.420000e-06	4.924996e-06	1.020228e-08	3.590221e+01	6.675520e+02
1.430000e-06	4.960913e-06	1.024618e-08	3.616403e+01	6.703657e+02
1.440000e-06	4.994856e-06	1.028967e-08	3.641147e+01	6.730087e+02
1.450000e-06	5.026837e-06	1.033150e-08	3.664461e+01	6.754595e+02
1.460000e-06	5.057114e-06	1.036920e-08	3.686532e+01	6.777108e+02
1.470000e-06	5.085695e-06	1.040239e-08	3.707367e+01	6.797718e+02
1.480000e-06	5.112299e-06	1.043242e-08	3.726760e+01	6.816627e+02
1.490000e-06	5.136723e-06	1.045927e-08	3.744565e+01	6.834053e+02
1.500000e-06	5.159200e-06	1.048474e-08	3.760951e+01	6.850128e+02
1.510000e-06	5.179921e-06	1.050820e-08	3.776056e+01	6.864850e+02
1.520000e-06	5.198785e-06	1.053194e-08	3.789807e+01	6.878109e+02
1.530000e-06	5.215615e-06	1.055559e-08	3.802076e+01	6.889762e+02
1.540000e-06	5.230373e-06	1.057495e-08	3.812834e+01	6.899733e+02
1.550000e-06	5.243062e-06	1.059046e-08	3.822084e+01	6.908082e+02
1.560000e-06	5.253519e-06	1.060256e-08	3.829707e+01	6.915016e+02
1.570000e-06	5.261822e-06	1.061202e-08	3.835760e+01	6.920824e+02
1.580000e-06	5.268227e-06	1.061942e-08	3.840429e+01	6.925774e+02
1.590000e-06	5.272778e-06	1.062688e-08	3.843747e+01	6.930017e+02
1.600000e-06	5.275347e-06	1.063556e-08	3.845619e+01	6.933528e+02
1.610000e-06	5.275869e-06	1.064457e-08	3.846000e+01	6.936133e+02
1.620000e-06	5.274545e-06	1.064698e-08	3.845035e+01	6.937582e+02
1.630000e-06	5.271529e-06	1.064387e-08	3.842836e+01	6.937659e+02
1.640000e-06	5.266660e-06	1.064137e-08	3.839287e+01	6.936271e+02
1.650000e-06	5.259790e-06	1.063737e-08	3.834278e+01	6.933470e+02
1.660000e-06	5.251165e-06	1.063155e-08	3.827991e+01	6.929417e+02
1.670000e-06	5.240895e-06	1.062434e-08	3.820505e+01	6.924290e+02
1.680000e-06	5.228735e-06	1.062401e-08	3.811640e+01	6.918187e+02
1.690000e-06	5.214483e-06	1.060858e-08	3.801250e+01	6.911074e+02
1.700000e-06	5.198156e-06	1.052175e-08	3.789348e+01	6.902795e+02
1.710000e-06	5.179395e-06	1.048857e-08	3.775672e+01	6.893151e+02
1.720000e-06	5.157824e-06	1.048975e-08	3.759947e+01	6.882009e+02
1.730000e-06	5.134088e-06	1.049459e-08	3.742644e+01	6.869396e+02
1.740000e-06	5.109223e-06	1.058377e-08	3.724519e+01	6.855523e+02
1.750000e-06	5.083547e-06	1.046110e-08	3.705801e+01	6.840735e+02
1.760000e-06	5.056082e-06	1.038966e-08	3.685780e+01	6.825393e+02
1.770000e-06	5.026210e-06	1.049862e-08	3.664004e+01	6.809733e+02
1.780000e-06	4.994699e-06	1.036439e-08	3.641033e+01	6.793754e+02
1.790000e-06	4.961455e-06	1.035396e-08	3.616799e+01	6.777187e+02
1.800000e-06	4.926379e-06	1.038968e-08	3.591228e+01	6.759551e+02
1.810000e-06	4.889617e-06	1.024616e-08	3.564430e+01	6.740289e+02
1.820000e-06	4.850703e-06	1.030928e-08	3.536063e+01	6.718920e+02
1.830000e-06	4.809942e-06	1.028718e-08	3.506348e+01	6.695180e+02
1.840000e-06	4.767573e-06	1.019359e-08	3.475462e+01	6.669077e+02
1.850000e-06	4.723261e-06	1.019837e-08	3.443160e+01	6.640876e+02
1.860000e-06	4.677189e-06	1.004749e-08	3.409575e+01	6.611005e+02
1.870000e-06	4.629282e-06	1.005131e-08	3.374652e+01	6.579930e+02
1.880000e-06	4.579454e-06	1.002332e-08	3.338328e+01	6.548040e+02
1.890000e-06	4.527792e-06	9.909481e-09	3.300667e+01	6.515569e+02
1.900000e-06	4.473974e-06	9.951154e-09	3.261435e+01	6.482580e+02
1.910000e-06	4.418324e-06	9.855649e-09	3.220867e+01	6.448981e+02
1.920000e-06	4.361109e-06	9.805414e-09	3.179158e+01	6.414581e+02
1.930000e-06	4.302373e-06	9.721519e-09	3.136341e+01	6.379142e+02
1.940000e-06	4.242017e-06	9.630916e-09	3.092343e+01	6.342424e+02
1.950000e-06	4.179729e-06	9.632984e-09	3.046936e+01	6.304218e+02
1.960000e-06	4.115856e-06	9.527874e-09	3.000374e+01	6.264366e+02
1.970000e-06	4.050533e-06	9.524855e-09	2.952755e+01	6.222785e+02
1.980000e-06	3.983789e-06	9.444830e-09	2.904100e+01	6.179487e+02
1.990000e-06	3.915539e-06	9.340379e-09	2.854347e+01	6.134579e+02
2.000000e-06	3.845483e-06	9.290152e-09	2.803278e+01	6.088257e+02
2.010000e-06	3.773949e-06	9.171916e-09	2.751131e+01	6.040763e+02
2.020000e-06	3.701103e-06	9.133814e-09	2.698028e+01	5.992319e+02
2.030000e-06	3.626899e-06	9.033798e-09	2.643934e+01	5.943062e+02
2.040000e-06	3.551135e-06	8.970538e-09	2.588704e+01	5.892992e+02
2.050000e-06	3.473650e-06	8.902973e-09	2.532219e+01	5.841959e+02
2.060000e-06	3.394752e-06	8.810573e-09	2.474704e+01	5.789708e+02
2.070000e-06	3.314658e-06	8.747180e-09	2.416317e+01	5.735948e+02
2.080000e-06	3.233387e-06	8.622701e-09	2.357072e+01	5.680446e+02
2.090000e-06	3.151008e-06	8.550122e-09	2.297020e+01	5.623091e+02
2.100000e-06	3.067570e-06	8.450767e-09	2.236195e+01	5.563907e+02
2.110000e-06	2.982853e-06	8.363681e-09	2.174438e+01	5.503025e+02
2.120000e-06	2.896806e-06	8.270557e-09	2.111712e+01	5.440598e+02
2.130000e-06	2.809584e-06	8.157905e-09	2.048129e+01	5.376726e+02
2.140000e-06	2.721320e-06	8.070415e-09	1.983786e+01	5.311402e+02
2.150000e-06	2.632135e-06	7.963027e-09	1.918772e+01	5.244515e+02
2.160000e-06	2.542026e-06	7.867031e-09	1.853085e+01	5.175900e+02
2.170000e-06	2.451050e-06	7.748156e-09	1.786765e+01	5.105415e+02
2.180000e-06	2.359216e-06	7.636599e-09	1.719820e+01	5.033011e+02
2.190000e-06	2.266443e-06	7.526561e-09	1.652190e+01	4.958751e+02
2.200000e-06	2.172692e-06	7.406777e-09	1.583848e+01	4.882777e+02
2.210000e-06	2.078008e-06	7.287263e-09	1.514825e+01	4.805227e+02
2.220000e-06	1.982461e-06	7.162410e-09	1.445173e+01	4.726143e+02
2.230000e-06	1.886214e-06	7.046832e-09	1.375011e+01	4.645411e+02
2.240000e-06	1.789346e-06	6.925756e-09	1.304396e+01	4.562757e+02
2.250000e-06	1.691809e-06	6.799887e-09	1.233294e+01	4.477817e+02
2.260000e-06	1.593714e-06	6.664166e-09	1.161785e+01	4.390240e+02
2.270000e-06	1.495147e-06	6.521112e-09	1.089931e+01	4.299785e+02
2.280000e-06	1.396184e-06	6.376818e-09	1.017789e+01	4.206383e+02
2.290000e-06	1.296811e-06	6.232700e-09	9.453483e+00	4.110115e+02
2.300000e-06	1.196976e-06	6.081553e-09	8.725710e+00	4.011129e+02
2.310000e-06	1.096668e-06	5.925597e-09	7.994485e+00	3.909528e+02
2.320000e-06	9.958572e-07	5.767513e-09	7.259594e+00	3.805277e+02
2.330000e-06	8.946131e-07	5.607251e-09	6.521545e+00	3.698169e+02
2.340000e-06	7.929708e-07	5.442542e-09	5.780593e+00	3.587869e+02
2.350000e-06	6.909676e-07	5.268041e-09	5.037011e+00	3.474016e+02
2.360000e-06	5.886207e-07	5.088515e-09	4.290923e+00	3.356337e+02
2.370000e-06	4.859951e-07	4.903750e-09	3.542804e+00	3.234719e+02
2.380000e-06	3.832017e-07	4.714567e-09	2.793461e+00	3.109208e+02
2.390000e-06	2.802706e-07	4.515343e-09	2.043115e+00	2.979927e+02
2.400000e-06	1.772444e-07	4.309239e-09	1.292076e+00	2.846937e+02
2.410000e-06	7.413646e-08	4.098904e-09	5.404395e-01	2.710114e+02
2.420000e-06	-2.902839e-08	3.886571e-09	-2.116110e-01	2.569082e+02
2.430000e-06	-1.321700e-07	3.667758e-09	-9.634920e-01	2.423241e+02
2.440000e-06	-2.352715e-07	3.436074e-09	-1.715081e+00	2.271881e+02
2.450000e-06	-3.382454e-07	3.196820e-09	-2.465739e+00	2.114347e+02
2.460000e-06	-4.409936e-07	2.947361e-09	-3.214753e+00	1.950182e+02
2.470000e-06	-5.435471e-07	2.689051e-09	-3.962347e+00	1.779210e+02
2.480000e-06	-6.459207e-07	2.418690e-09	-4.708629e+00	1.601508e+02
2.490000e-06	-7.480382e-07	2.135188e-09	-5.453044e+00	1.417298e+02
2.500000e-06	-8.497955e-07	1.843352e-09	-6.194834e+00	1.226791e+02
2.510000e-06	-9.511288e-07	1.544475e-09	-6.933533e+00	1.030043e+02
2.520000e-06	-1.051996e-06	1.237095e-09	-7.668831e+00	8.268697e+01
2.530000e-06	-1.152370e-06	9.163137e-10	-8.400536e+00	6.168517e+01
2.540000e-06	-1.252250e-06	5.845436e-10	-9.128646e+00	3.994045e+01
2.550000e-06	-1.351633e-06	2.439958e-10	-9.853127e+00	1.738936e+01
2.560000e-06	-1.450534e-06	-1.060620e-10	-1.057410e+01	-6.024953e+00
2.570000e-06	-1.549015e-06	-4.717222e-10	-1.129200e+01	-3.034341e+01
2.580000e-06	-1.646986e-06	-8.587751e-10	-1.200619e+01	-5.558375e+01
2.590000e-06	-1.744298e-06	-1.261289e-09	-1.271558e+01	-8.173369e+01
2.600000e-06	-1.840969e-06	-1.672981e-09	-1.342029e+01	-1.087419e+02
2.610000e-06	-1.937027e-06	-2.091927e-09	-1.412053e+01	-1.365067e+02
2.620000e-06	-2.032456e-06	-2.522093e-09	-1.481618e+01	-1.648634e+02
2.630000e-06	-2.127232e-06	-2.962915e-09	-1.550708e+01	-1.935774e+02
2.640000e-06	-2.221234e-06	-3.402936e-09	-1.619234e+01	-2.223460e+02
2.650000e-06	-2.314179e-06	-3.834608e-09	-1.686989e+01	-2.508154e+02
2.660000e-06	-2.405966e-06	-4.255615e-09	-1.753900e+01	-2.786125e+02
2.670000e-06	-2.496818e-06	-4.665517e-09	-1.820129e+01	-3.053857e+02
2.680000e-06	-2.586782e-06	-5.058627e-09	-1.885710e+01	-3.308467e+02
2.690000e-06	-2.675772e-06	-5.425728e-09	-1.950583e+01	-3.548020e+02
2.700000e-06	-2.763814e-06	-5.765322e-09	-2.014763e+01	-3.771661e+02
2.710000e-06	-2.850952e-06	-6.082980e-09	-2.078286e+01	-3.979529e+02
2.720000e-06	-2.937085e-06	-6.382175e-09	-2.141074e+01	-4.172488e+02
2.730000e-06	-3.021937e-06	-6.660672e-09	-2.202930e+01	-4.351771e+02
2.740000e-06	-3.105489e-06	-6.915164e-09	-2.263837e+01	-4.518639e+02
2.750000e-06	-3.187979e-06	-7.149216e-09	-2.323971e+01	-4.674151e+02
2.760000e-06	-3.269413e-06	-7.370816e-09	-2.383334e+01	-4.819099e+02
2.770000e-06	-3.349663e-06	-7.580127e-09	-2.441835e+01	-4.954081e+02
2.780000e-06	-3.428698e-06	-7.772451e-09	-2.499450e+01	-5.079657e+02
2.790000e-06	-3.506327e-06	-7.948552e-09	-2.556040e+01	-5.196487e+02
2.800000e-06	-3.582354e-06	-8.114841e-09	-2.611462e+01	-5.305397e+02
2.810000e-06	-3.656894e-06	-8.273588e-09	-2.665801e+01	-5.407323e+02
2.820000e-06	-3.730091e-06	-8.421369e-09	-2.719160e+01	-5.503189e+02
2.830000e-06	-3.801912e-06	-8.556321e-09	-2.771516e+01	-5.593747e+02
2.840000e-06	-3.872328e-06	-8.680473e-09	-2.822847e+01	-5.679483e+02
2.850000e-06	-3.941153e-06	-8.797503e-09	-2.873019e+01	-5.760609e+02
2.860000e-06	-4.008371e-06	-8.908926e-09	-2.922020e+01	-5.837161e+02
2.870000e-06	-4.074148e-06	-9.014818e-09	-2.969970e+01	-5.909154e+02
2.880000e-06	-4.138476e-06	-9.114607e-09	-3.016864e+01	-5.976731e+02
2.890000e-06	-4.201336e-06	-9.210629e-09	-3.062687e+01	-6.040236e+02
2.900000e-06	-4.262458e-06	-9.305577e-09	-3.107244e+01	-6.100182e+02
2.910000e-06	-4.321780e-06	-9.396012e-09	-3.150489e+01	-6.157139e+02
2.920000e-06	-4.379565e-06	-9.479080e-09	-3.192613e+01	-6.211574e+02
2.930000e-06	-4.435878e-06	-9.554819e-09	-3.233664e+01	-6.263731e+02
2.940000e-06	-4.490538e-06	-9.625408e-09	-3.273510e+01	-6.313596e+02
2.950000e-06	-4.543164e-06	-9.694031e-09	-3.311873e+01	-6.360962e+02
2.960000e-06	-4.593751e-06	-9.758889e-09	-3.348750e+01	-6.405573e+02
2.970000e-06	-4.642378e-06	-9.820615e-09	-3.384198e+01	-6.447281e+02
2.980000e-06	-4.688971e-06	-9.880744e-09	-3.418163e+01	-6.486152e+02
2.990000e-06	-4.733814e-06	-9.938546e-09	-3.450853e+01	-6.522483e+02
3.000000e-06	-4.777110e-06	-9.992589e-09	-3.482414e+01	-6.556718e+02
3.010000e-06	-4.818843e-06	-1.004248e-08	-3.512837e+01	-6.589305e+02
3.020000e-06	-4.858990e-06	-1.008717e-08	-3.542103e+01	-6.620553e+02
3.030000e-06	-4.897347e-06	-1.012700e-08	-3.570065e+01	-6.650551e+02
3.040000e-06	-4.933708e-06	-1.016427e-08	-3.596571e+01	-6.679175e+02
3.050000e-06	-4.968203e-06	-1.020117e-08	-3.621718e+01	-6.706177e+02
3.060000e-06	-5.000983e-06	-1.023819e-08	-3.645613e+01	-6.731315e+02
3.070000e-06	-5.031954e-06	-1.027364e-08	-3.668191e+01	-6.754462e+02
3.080000e-06	-5.060876e-06	-1.030599e-08	-3.689274e+01	-6.775660e+02
3.090000e-06	-5.087857e-06	-1.033542e-08	-3.708943e+01	-6.795086e+02
3.100000e-06	-5.113052e-06	-1.036242e-08	-3.727310e+01	-6.812964e+02
3.110000e-06	-5.136332e-06	-1.038568e-08	-3.744281e+01	-6.829462e+02
3.120000e-06	-5.157558e-06	-1.040470e-08	-3.759753e+01	-6.844622e+02
3.130000e-06	-5.176816e-06	-1.041966e-08	-3.773792e+01	-6.858363e+02
3.140000e-06	-5.194270e-06	-1.043159e-08	-3.786516e+01	-6.870541e+02
3.150000e-06	-5.209817e-06	-1.044343e-08	-3.797849e+01	-6.881048e+02
3.160000e-06	-5.223130e-06	-1.045661e-08	-3.807554e+01	-6.889898e+02
3.170000e-06	-5.234201e-06	-1.047022e-08	-3.815625e+01	-6.897253e+02
3.180000e-06	-5.243365e-06	-1.048154e-08	-3.822305e+01	-6.903386e+02
3.190000e-06	-5.250613e-06	-1.048786e-08	-3.827588e+01	-6.908583e+02
3.200000e-06	-5.255763e-06	-1.049160e-08	-3.831343e+01	-6.913042e+02
3.210000e-06	-5.258920e-06	-1.049242e-08	-3.833645e+01	-6.916797e+02
3.220000e-06	-5.260285e-06	-1.048978e-08	-3.834639e+01	-6.919715e+02
