# Temperatura_=_60.18
# Concentracion g/m^3_=_18600.0
# C_Vs_to_Am_M_A/Vsm_=_65563218390.804596
# pendiente_HvsI_1/m_=_3716.3
# ordenada_HvsI_A/m_=_1297.0
# frecuencia_Hz_=_309980.1014076956

Tiempo_(s)	Campo_(V.s)	Magnetizacion_(V.s)	Campo_(kA/m)	Magnetizacion_(A/m)
0.000000e+00	-5.270936e-06	-1.002195e-08	-3.834672e+01	-6.615262e+02
1.000000e-08	-5.269217e-06	-1.002403e-08	-3.833421e+01	-6.615078e+02
2.000000e-08	-5.265501e-06	-1.002533e-08	-3.830717e+01	-6.613170e+02
3.000000e-08	-5.260042e-06	-1.002445e-08	-3.826746e+01	-6.609594e+02
4.000000e-08	-5.252915e-06	-1.002099e-08	-3.821561e+01	-6.604641e+02
5.000000e-08	-5.244106e-06	-1.001235e-08	-3.815152e+01	-6.598702e+02
6.000000e-08	-5.233291e-06	-1.000138e-08	-3.807284e+01	-6.592098e+02
7.000000e-08	-5.220373e-06	-9.985083e-09	-3.797886e+01	-6.584928e+02
8.000000e-08	-5.205405e-06	-9.973301e-09	-3.786997e+01	-6.577029e+02
9.000000e-08	-5.188005e-06	-1.000565e-08	-3.774338e+01	-6.568050e+02
1.000000e-07	-5.168300e-06	-1.001901e-08	-3.760002e+01	-6.557633e+02
1.100000e-07	-5.146665e-06	-9.983170e-09	-3.744262e+01	-6.545601e+02
1.200000e-07	-5.123237e-06	-9.965968e-09	-3.727219e+01	-6.532083e+02
1.300000e-07	-5.098362e-06	-9.892899e-09	-3.709121e+01	-6.517501e+02
1.400000e-07	-5.071955e-06	-9.822222e-09	-3.689910e+01	-6.502424e+02
1.500000e-07	-5.043678e-06	-9.888327e-09	-3.669339e+01	-6.487324e+02
1.600000e-07	-5.013675e-06	-9.837185e-09	-3.647511e+01	-6.472355e+02
1.700000e-07	-4.982039e-06	-9.768693e-09	-3.624495e+01	-6.457232e+02
1.800000e-07	-4.948320e-06	-9.826496e-09	-3.599964e+01	-6.441278e+02
1.900000e-07	-4.912632e-06	-9.753719e-09	-3.574000e+01	-6.423625e+02
2.000000e-07	-4.875499e-06	-9.715380e-09	-3.546986e+01	-6.403505e+02
2.100000e-07	-4.836604e-06	-9.715317e-09	-3.518689e+01	-6.380510e+02
2.200000e-07	-4.795759e-06	-9.628217e-09	-3.488974e+01	-6.354733e+02
2.300000e-07	-4.752858e-06	-9.596697e-09	-3.457763e+01	-6.326725e+02
2.400000e-07	-4.707946e-06	-9.586635e-09	-3.425089e+01	-6.297296e+02
2.500000e-07	-4.661345e-06	-9.553970e-09	-3.391186e+01	-6.267227e+02
2.600000e-07	-4.612931e-06	-9.502467e-09	-3.355964e+01	-6.237022e+02
2.700000e-07	-4.562319e-06	-9.440904e-09	-3.319144e+01	-6.206768e+02
2.800000e-07	-4.509541e-06	-9.406146e-09	-3.280747e+01	-6.176165e+02
2.900000e-07	-4.454913e-06	-9.340708e-09	-3.241004e+01	-6.144697e+02
3.000000e-07	-4.398720e-06	-9.297736e-09	-3.200124e+01	-6.111854e+02
3.100000e-07	-4.340798e-06	-9.254941e-09	-3.157984e+01	-6.077332e+02
3.200000e-07	-4.281004e-06	-9.198588e-09	-3.114483e+01	-6.041104e+02
3.300000e-07	-4.219629e-06	-9.182919e-09	-3.069832e+01	-6.003380e+02
3.400000e-07	-4.156773e-06	-9.111821e-09	-3.024104e+01	-5.964452e+02
3.500000e-07	-4.092496e-06	-9.028868e-09	-2.977342e+01	-5.924539e+02
3.600000e-07	-4.026543e-06	-8.958541e-09	-2.929360e+01	-5.883669e+02
3.700000e-07	-3.958848e-06	-8.891166e-09	-2.880111e+01	-5.841682e+02
3.800000e-07	-3.889680e-06	-8.840063e-09	-2.829790e+01	-5.798325e+02
3.900000e-07	-3.819110e-06	-8.786557e-09	-2.778450e+01	-5.753393e+02
4.000000e-07	-3.747250e-06	-8.731433e-09	-2.726170e+01	-5.706846e+02
4.100000e-07	-3.674056e-06	-8.650307e-09	-2.672921e+01	-5.658843e+02
4.200000e-07	-3.599210e-06	-8.575941e-09	-2.618470e+01	-5.609673e+02
4.300000e-07	-3.522741e-06	-8.493741e-09	-2.562838e+01	-5.559606e+02
4.400000e-07	-3.444865e-06	-8.401842e-09	-2.506182e+01	-5.508754e+02
4.500000e-07	-3.365415e-06	-8.328726e-09	-2.448381e+01	-5.456978e+02
4.600000e-07	-3.284380e-06	-8.251107e-09	-2.389427e+01	-5.403921e+02
4.700000e-07	-3.202127e-06	-8.184321e-09	-2.329587e+01	-5.349129e+02
4.800000e-07	-3.118812e-06	-8.111551e-09	-2.268975e+01	-5.292226e+02
4.900000e-07	-3.034509e-06	-8.017599e-09	-2.207643e+01	-5.233063e+02
5.000000e-07	-2.949247e-06	-7.913184e-09	-2.145614e+01	-5.171768e+02
5.100000e-07	-2.862920e-06	-7.810205e-09	-2.082810e+01	-5.108688e+02
5.200000e-07	-2.775634e-06	-7.714423e-09	-2.019308e+01	-5.044230e+02
5.300000e-07	-2.687536e-06	-7.616013e-09	-1.955216e+01	-4.978685e+02
5.400000e-07	-2.598471e-06	-7.519761e-09	-1.890420e+01	-4.912098e+02
5.500000e-07	-2.508127e-06	-7.420323e-09	-1.824694e+01	-4.844252e+02
5.600000e-07	-2.416533e-06	-7.323624e-09	-1.758058e+01	-4.774756e+02
5.700000e-07	-2.324093e-06	-7.222567e-09	-1.690806e+01	-4.703213e+02
5.800000e-07	-2.230976e-06	-7.102480e-09	-1.623062e+01	-4.629379e+02
5.900000e-07	-2.137024e-06	-6.973273e-09	-1.554711e+01	-4.553244e+02
6.000000e-07	-2.042260e-06	-6.847726e-09	-1.485769e+01	-4.475016e+02
6.100000e-07	-1.946783e-06	-6.730402e-09	-1.416309e+01	-4.394982e+02
6.200000e-07	-1.850565e-06	-6.610352e-09	-1.346309e+01	-4.313353e+02
6.300000e-07	-1.753636e-06	-6.483473e-09	-1.275792e+01	-4.230126e+02
6.400000e-07	-1.655991e-06	-6.356036e-09	-1.204754e+01	-4.145047e+02
6.500000e-07	-1.557574e-06	-6.228817e-09	-1.133155e+01	-4.057685e+02
6.600000e-07	-1.458358e-06	-6.093616e-09	-1.060974e+01	-3.967585e+02
6.700000e-07	-1.358475e-06	-5.943509e-09	-9.883074e+00	-3.874430e+02
6.800000e-07	-1.258163e-06	-5.783896e-09	-9.153292e+00	-3.778143e+02
6.900000e-07	-1.157523e-06	-5.626604e-09	-8.421127e+00	-3.678870e+02
7.000000e-07	-1.056554e-06	-5.476133e-09	-7.686562e+00	-3.576874e+02
7.100000e-07	-9.552140e-07	-5.325373e-09	-6.949301e+00	-3.472363e+02
7.200000e-07	-8.535180e-07	-5.165663e-09	-6.209449e+00	-3.365345e+02
7.300000e-07	-7.514794e-07	-4.999317e-09	-5.467106e+00	-3.255569e+02
7.400000e-07	-6.491442e-07	-4.828573e-09	-4.722604e+00	-3.142582e+02
7.500000e-07	-5.466305e-07	-4.647393e-09	-3.976805e+00	-3.025873e+02
7.600000e-07	-4.439470e-07	-4.453986e-09	-3.229769e+00	-2.905042e+02
7.700000e-07	-3.411090e-07	-4.255621e-09	-2.481611e+00	-2.779915e+02
7.800000e-07	-2.381894e-07	-4.057560e-09	-1.732858e+00	-2.650547e+02
7.900000e-07	-1.351539e-07	-3.860623e-09	-9.832617e-01	-2.517112e+02
8.000000e-07	-3.204640e-08	-3.659427e-09	-2.331415e-01	-2.379721e+02
8.100000e-07	7.104593e-08	-3.445041e-09	5.168680e-01	-2.238250e+02
8.200000e-07	1.741261e-07	-3.218987e-09	1.266789e+00	-2.092255e+02
8.300000e-07	2.771702e-07	-2.987365e-09	2.016448e+00	-1.941014e+02
8.400000e-07	3.801078e-07	-2.746789e-09	2.765332e+00	-1.783689e+02
8.500000e-07	4.828985e-07	-2.491202e-09	3.513147e+00	-1.619543e+02
8.600000e-07	5.855285e-07	-2.224299e-09	4.259793e+00	-1.448121e+02
8.700000e-07	6.879479e-07	-1.951214e-09	5.004906e+00	-1.269326e+02
8.800000e-07	7.901433e-07	-1.673340e-09	5.748390e+00	-1.083343e+02
8.900000e-07	8.920662e-07	-1.384147e-09	6.489892e+00	-8.904571e+01
9.000000e-07	9.936527e-07	-1.078268e-09	7.228946e+00	-6.908153e+01
9.100000e-07	1.094899e-06	-7.599060e-10	7.965525e+00	-4.842449e+01
9.200000e-07	1.195819e-06	-4.332454e-10	8.699728e+00	-2.701929e+01
9.300000e-07	1.296414e-06	-9.451183e-11	9.431574e+00	-4.782338e+00
9.400000e-07	1.396557e-06	2.614900e-10	1.016012e+01	1.837533e+01
9.500000e-07	1.496055e-06	6.363976e-10	1.088398e+01	4.251859e+01
9.600000e-07	1.594780e-06	1.024635e-09	1.160222e+01	6.766057e+01
9.700000e-07	1.692717e-06	1.420780e-09	1.231473e+01	9.374365e+01
9.800000e-07	1.789971e-06	1.825865e-09	1.302226e+01	1.206327e+02
9.900000e-07	1.886537e-06	2.243535e-09	1.372479e+01	1.481198e+02
1.000000e-06	1.982319e-06	2.671443e-09	1.442162e+01	1.759376e+02
1.010000e-06	2.077311e-06	3.097834e-09	1.511270e+01	2.037774e+02
1.020000e-06	2.171583e-06	3.515854e-09	1.579853e+01	2.313081e+02
1.030000e-06	2.265138e-06	3.925779e-09	1.647916e+01	2.581974e+02
1.040000e-06	2.357972e-06	4.323440e-09	1.715454e+01	2.841330e+02
1.050000e-06	2.449994e-06	4.699551e-09	1.782401e+01	3.088449e+02
1.060000e-06	2.540937e-06	5.049369e-09	1.848563e+01	3.321275e+02
1.070000e-06	2.630734e-06	5.374638e-09	1.913891e+01	3.538569e+02
1.080000e-06	2.719528e-06	5.679970e-09	1.978490e+01	3.739992e+02
1.090000e-06	2.807338e-06	5.967566e-09	2.042373e+01	3.926050e+02
1.100000e-06	2.894128e-06	6.232303e-09	2.105514e+01	4.097912e+02
1.110000e-06	2.979957e-06	6.475026e-09	2.167955e+01	4.257107e+02
1.120000e-06	3.064861e-06	6.698342e-09	2.229724e+01	4.405203e+02
1.130000e-06	3.148727e-06	6.907592e-09	2.290738e+01	4.543531e+02
1.140000e-06	3.231383e-06	7.103750e-09	2.350871e+01	4.673044e+02
1.150000e-06	3.312782e-06	7.285723e-09	2.410090e+01	4.794325e+02
1.160000e-06	3.392886e-06	7.457352e-09	2.468367e+01	4.907730e+02
1.170000e-06	3.471680e-06	7.622217e-09	2.525690e+01	5.013592e+02
1.180000e-06	3.549173e-06	7.779425e-09	2.582067e+01	5.112386e+02
1.190000e-06	3.625270e-06	7.925161e-09	2.637429e+01	5.204806e+02
1.200000e-06	3.699757e-06	8.057554e-09	2.691619e+01	5.291706e+02
1.210000e-06	3.772628e-06	8.181013e-09	2.744633e+01	5.373951e+02
1.220000e-06	3.844067e-06	8.301431e-09	2.796606e+01	5.452238e+02
1.230000e-06	3.914108e-06	8.418227e-09	2.847562e+01	5.526974e+02
1.240000e-06	3.982826e-06	8.529130e-09	2.897555e+01	5.598258e+02
1.250000e-06	4.050033e-06	8.633216e-09	2.946449e+01	5.665979e+02
1.260000e-06	4.115515e-06	8.736238e-09	2.994088e+01	5.729983e+02
1.270000e-06	4.179405e-06	8.834045e-09	3.040569e+01	5.790243e+02
1.280000e-06	4.241829e-06	8.922544e-09	3.085984e+01	5.846956e+02
1.290000e-06	4.302869e-06	9.002343e-09	3.130390e+01	5.900527e+02
1.300000e-06	4.362387e-06	9.078418e-09	3.173691e+01	5.951455e+02
1.310000e-06	4.420120e-06	9.151924e-09	3.215692e+01	6.000179e+02
1.320000e-06	4.476064e-06	9.223708e-09	3.256392e+01	6.046941e+02
1.330000e-06	4.530308e-06	9.294250e-09	3.295855e+01	6.091744e+02
1.340000e-06	4.582692e-06	9.360882e-09	3.333965e+01	6.134408e+02
1.350000e-06	4.632945e-06	9.424049e-09	3.370525e+01	6.174708e+02
1.360000e-06	4.681220e-06	9.484948e-09	3.405645e+01	6.212522e+02
1.370000e-06	4.727809e-06	9.542823e-09	3.439540e+01	6.247929e+02
1.380000e-06	4.772774e-06	9.594673e-09	3.472253e+01	6.281212e+02
1.390000e-06	4.816002e-06	9.642152e-09	3.503701e+01	6.312758e+02
1.400000e-06	4.857310e-06	9.689179e-09	3.533753e+01	6.342918e+02
1.410000e-06	4.896760e-06	9.737341e-09	3.562454e+01	6.371875e+02
1.420000e-06	4.934485e-06	9.782541e-09	3.589899e+01	6.399581e+02
1.430000e-06	4.970506e-06	9.822532e-09	3.616105e+01	6.425801e+02
1.440000e-06	5.004619e-06	9.859676e-09	3.640922e+01	6.450231e+02
1.450000e-06	5.036738e-06	9.896385e-09	3.664289e+01	6.472639e+02
1.460000e-06	5.067056e-06	9.932510e-09	3.686346e+01	6.492973e+02
1.470000e-06	5.095658e-06	9.963496e-09	3.707154e+01	6.511375e+02
1.480000e-06	5.122296e-06	9.989445e-09	3.726534e+01	6.528116e+02
1.490000e-06	5.146786e-06	1.001460e-08	3.744350e+01	6.543469e+02
1.500000e-06	5.169370e-06	1.004045e-08	3.760781e+01	6.557592e+02
1.510000e-06	5.190229e-06	1.006354e-08	3.775956e+01	6.570480e+02
1.520000e-06	5.209177e-06	1.008176e-08	3.789741e+01	6.581989e+02
1.530000e-06	5.226028e-06	1.009757e-08	3.802000e+01	6.591952e+02
1.540000e-06	5.240858e-06	1.011186e-08	3.812789e+01	6.600291e+02
1.550000e-06	5.253630e-06	1.012538e-08	3.822081e+01	6.607108e+02
1.560000e-06	5.264126e-06	1.013615e-08	3.829717e+01	6.612672e+02
1.570000e-06	5.272471e-06	1.014516e-08	3.835788e+01	6.617331e+02
1.580000e-06	5.278929e-06	1.015421e-08	3.840486e+01	6.621363e+02
1.590000e-06	5.283531e-06	1.016310e-08	3.843834e+01	6.624856e+02
1.600000e-06	5.286072e-06	1.017036e-08	3.845683e+01	6.627655e+02
1.610000e-06	5.286508e-06	1.017330e-08	3.846000e+01	6.629419e+02
1.620000e-06	5.285119e-06	1.016941e-08	3.844989e+01	6.629761e+02
1.630000e-06	5.282084e-06	1.016486e-08	3.842782e+01	6.628416e+02
1.640000e-06	5.277176e-06	1.016076e-08	3.839211e+01	6.625357e+02
1.650000e-06	5.270279e-06	1.015330e-08	3.834193e+01	6.620808e+02
1.660000e-06	5.261695e-06	1.014569e-08	3.827949e+01	6.615146e+02
1.670000e-06	5.251457e-06	1.013971e-08	3.820500e+01	6.608735e+02
1.680000e-06	5.239204e-06	1.014134e-08	3.811586e+01	6.601755e+02
1.690000e-06	5.224821e-06	1.011596e-08	3.801122e+01	6.594125e+02
1.700000e-06	5.208480e-06	1.003461e-08	3.789234e+01	6.585539e+02
1.710000e-06	5.189643e-06	1.000320e-08	3.775530e+01	6.575618e+02
1.720000e-06	5.167944e-06	9.998114e-09	3.759743e+01	6.564110e+02
1.730000e-06	5.144154e-06	1.000982e-08	3.742435e+01	6.551038e+02
1.740000e-06	5.119259e-06	1.007815e-08	3.724325e+01	6.536741e+02
1.750000e-06	5.093532e-06	9.971553e-09	3.705608e+01	6.521765e+02
1.760000e-06	5.065967e-06	9.905674e-09	3.685554e+01	6.506638e+02
1.770000e-06	5.036020e-06	9.983677e-09	3.663767e+01	6.491639e+02
1.780000e-06	5.004474e-06	9.895889e-09	3.640817e+01	6.476627e+02
1.790000e-06	4.971185e-06	9.888663e-09	3.616599e+01	6.461033e+02
1.800000e-06	4.936105e-06	9.898634e-09	3.591078e+01	6.444023e+02
1.810000e-06	4.899318e-06	9.786071e-09	3.564314e+01	6.424764e+02
1.820000e-06	4.860299e-06	9.820753e-09	3.535928e+01	6.402711e+02
1.830000e-06	4.819441e-06	9.792808e-09	3.506203e+01	6.377790e+02
1.840000e-06	4.776985e-06	9.716225e-09	3.475316e+01	6.350420e+02
1.850000e-06	4.732654e-06	9.686387e-09	3.443064e+01	6.321358e+02
1.860000e-06	4.686588e-06	9.576718e-09	3.409551e+01	6.291425e+02
1.870000e-06	4.638620e-06	9.583207e-09	3.374654e+01	6.261236e+02
1.880000e-06	4.588714e-06	9.515845e-09	3.338347e+01	6.231017e+02
1.890000e-06	4.536905e-06	9.446660e-09	3.300655e+01	6.200579e+02
1.900000e-06	4.482905e-06	9.475501e-09	3.261369e+01	6.169452e+02
1.910000e-06	4.427196e-06	9.368623e-09	3.220840e+01	6.137100e+02
1.920000e-06	4.369897e-06	9.344539e-09	3.179154e+01	6.103136e+02
1.930000e-06	4.310991e-06	9.248646e-09	3.136300e+01	6.067445e+02
1.940000e-06	4.250474e-06	9.153936e-09	3.092272e+01	6.030173e+02
1.950000e-06	4.188076e-06	9.156621e-09	3.046878e+01	5.991604e+02
1.960000e-06	4.124164e-06	9.061573e-09	3.000380e+01	5.951997e+02
1.970000e-06	4.058793e-06	9.045701e-09	2.952823e+01	5.911446e+02
1.980000e-06	3.991968e-06	8.962939e-09	2.904206e+01	5.869847e+02
1.990000e-06	3.923586e-06	8.881953e-09	2.854458e+01	5.826961e+02
2.000000e-06	3.853324e-06	8.822872e-09	2.803341e+01	5.782552e+02
2.010000e-06	3.781598e-06	8.711396e-09	2.751160e+01	5.736518e+02
2.020000e-06	3.708627e-06	8.668792e-09	2.698072e+01	5.688958e+02
2.030000e-06	3.634316e-06	8.572485e-09	2.644010e+01	5.640132e+02
2.040000e-06	3.558443e-06	8.522200e-09	2.588811e+01	5.590333e+02
2.050000e-06	3.480816e-06	8.446584e-09	2.532337e+01	5.539739e+02
2.060000e-06	3.401786e-06	8.359855e-09	2.474842e+01	5.488292e+02
2.070000e-06	3.321601e-06	8.286026e-09	2.416506e+01	5.435698e+02
2.080000e-06	3.240260e-06	8.160769e-09	2.357329e+01	5.381514e+02
2.090000e-06	3.157724e-06	8.093766e-09	2.297283e+01	5.325322e+02
2.100000e-06	3.074140e-06	8.002272e-09	2.236475e+01	5.266887e+02
2.110000e-06	2.989300e-06	7.921290e-09	2.174753e+01	5.206250e+02
2.120000e-06	2.902993e-06	7.825869e-09	2.111963e+01	5.143701e+02
2.130000e-06	2.815596e-06	7.720516e-09	2.048381e+01	5.079648e+02
2.140000e-06	2.727280e-06	7.624490e-09	1.984130e+01	5.014437e+02
2.150000e-06	2.637971e-06	7.510855e-09	1.919157e+01	4.948199e+02
2.160000e-06	2.547681e-06	7.410251e-09	1.853470e+01	4.880798e+02
2.170000e-06	2.456551e-06	7.292555e-09	1.787171e+01	4.811881e+02
2.180000e-06	2.364600e-06	7.192042e-09	1.720275e+01	4.741036e+02
2.190000e-06	2.271735e-06	7.090464e-09	1.652716e+01	4.667953e+02
2.200000e-06	2.177785e-06	6.976627e-09	1.584366e+01	4.592546e+02
2.210000e-06	2.082800e-06	6.853395e-09	1.515263e+01	4.514963e+02
2.220000e-06	1.987057e-06	6.727675e-09	1.445608e+01	4.435482e+02
2.230000e-06	1.890654e-06	6.607743e-09	1.375475e+01	4.354357e+02
2.240000e-06	1.793643e-06	6.481057e-09	1.304898e+01	4.271662e+02
2.250000e-06	1.696038e-06	6.349899e-09	1.233889e+01	4.187222e+02
2.260000e-06	1.597868e-06	6.214738e-09	1.162469e+01	4.100648e+02
2.270000e-06	1.499079e-06	6.082752e-09	1.090599e+01	4.011474e+02
2.280000e-06	1.399773e-06	5.949886e-09	1.018352e+01	3.919325e+02
2.290000e-06	1.300117e-06	5.811251e-09	9.458512e+00	3.824041e+02
2.300000e-06	1.200099e-06	5.655566e-09	8.730869e+00	3.725704e+02
2.310000e-06	1.099675e-06	5.495974e-09	8.000272e+00	3.624557e+02
2.320000e-06	9.987923e-07	5.337393e-09	7.266338e+00	3.520844e+02
2.330000e-06	8.973937e-07	5.176298e-09	6.528650e+00	3.414650e+02
2.340000e-06	7.954638e-07	5.009926e-09	5.787098e+00	3.305805e+02
2.350000e-06	6.931027e-07	4.839567e-09	5.042408e+00	3.193909e+02
2.360000e-06	5.904044e-07	4.668953e-09	4.295265e+00	3.078451e+02
2.370000e-06	4.874500e-07	4.490850e-09	3.546259e+00	2.958978e+02
2.380000e-06	3.843314e-07	4.303840e-09	2.796058e+00	2.835239e+02
2.390000e-06	2.810910e-07	4.102553e-09	2.044972e+00	2.707220e+02
2.400000e-06	1.777732e-07	3.896927e-09	1.293322e+00	2.575075e+02
2.410000e-06	7.440051e-08	3.689582e-09	5.412729e-01	2.438958e+02
2.420000e-06	-2.903498e-08	3.480287e-09	-2.112331e-01	2.298833e+02
2.430000e-06	-1.324529e-07	3.262099e-09	-9.636115e-01	2.154363e+02
2.440000e-06	-2.357895e-07	3.031577e-09	-1.715398e+00	2.004900e+02
2.450000e-06	-3.390304e-07	2.796888e-09	-2.466488e+00	1.849623e+02
2.460000e-06	-4.421452e-07	2.551725e-09	-3.216661e+00	1.687738e+02
2.470000e-06	-5.450735e-07	2.294554e-09	-3.965477e+00	1.518685e+02
2.480000e-06	-6.477401e-07	2.022744e-09	-4.712390e+00	1.342253e+02
2.490000e-06	-7.501009e-07	1.740772e-09	-5.457077e+00	1.158552e+02
2.500000e-06	-8.520769e-07	1.452288e-09	-6.198965e+00	9.678605e+01
2.510000e-06	-9.535412e-07	1.155413e-09	-6.937131e+00	7.703937e+01
2.520000e-06	-1.054501e-06	8.455041e-10	-7.671624e+00	5.660954e+01
2.530000e-06	-1.155023e-06	5.184712e-10	-8.402936e+00	3.545319e+01
2.540000e-06	-1.255145e-06	1.817757e-10	-9.131336e+00	1.349385e+01
2.550000e-06	-1.354858e-06	-1.631834e-10	-9.856761e+00	-9.358770e+00
2.560000e-06	-1.454035e-06	-5.218783e-10	-1.057828e+01	-3.318057e+01
2.570000e-06	-1.552647e-06	-8.992209e-10	-1.129570e+01	-5.800391e+01
2.580000e-06	-1.650710e-06	-1.292946e-09	-1.200912e+01	-8.379525e+01
2.590000e-06	-1.748148e-06	-1.698336e-09	-1.271800e+01	-1.104444e+02
2.600000e-06	-1.844955e-06	-2.112991e-09	-1.342228e+01	-1.377656e+02
2.610000e-06	-1.941121e-06	-2.534664e-09	-1.412189e+01	-1.655090e+02
2.620000e-06	-2.036664e-06	-2.959785e-09	-1.481699e+01	-1.933768e+02
2.630000e-06	-2.131582e-06	-3.384324e-09	-1.550752e+01	-2.210432e+02
2.640000e-06	-2.225608e-06	-3.800270e-09	-1.619158e+01	-2.481739e+02
2.650000e-06	-2.318622e-06	-4.202491e-09	-1.686827e+01	-2.744477e+02
2.660000e-06	-2.410673e-06	-4.587721e-09	-1.753794e+01	-2.995786e+02
2.670000e-06	-2.501800e-06	-4.952299e-09	-1.820091e+01	-3.233381e+02
2.680000e-06	-2.591963e-06	-5.293206e-09	-1.885685e+01	-3.455746e+02
2.690000e-06	-2.681115e-06	-5.607921e-09	-1.950545e+01	-3.662250e+02
2.700000e-06	-2.769329e-06	-5.897418e-09	-2.014722e+01	-3.853144e+02
2.710000e-06	-2.856645e-06	-6.164167e-09	-2.078245e+01	-4.029410e+02
2.720000e-06	-2.942942e-06	-6.414850e-09	-2.141027e+01	-4.192498e+02
2.730000e-06	-3.027999e-06	-6.651225e-09	-2.202907e+01	-4.343998e+02
2.740000e-06	-3.111800e-06	-6.869899e-09	-2.263873e+01	-4.485340e+02
2.750000e-06	-3.194440e-06	-7.071950e-09	-2.323994e+01	-4.617605e+02
2.760000e-06	-3.275986e-06	-7.261298e-09	-2.383320e+01	-4.741483e+02
2.770000e-06	-3.356451e-06	-7.437213e-09	-2.441860e+01	-4.857384e+02
2.780000e-06	-3.435691e-06	-7.597864e-09	-2.499508e+01	-4.965625e+02
2.790000e-06	-3.513409e-06	-7.745371e-09	-2.556048e+01	-5.066624e+02
2.800000e-06	-3.589561e-06	-7.886237e-09	-2.611450e+01	-5.161002e+02
2.810000e-06	-3.664272e-06	-8.024397e-09	-2.665803e+01	-5.249577e+02
2.820000e-06	-3.737586e-06	-8.154840e-09	-2.719140e+01	-5.333228e+02
2.830000e-06	-3.809576e-06	-8.276293e-09	-2.771514e+01	-5.412724e+02
2.840000e-06	-3.880125e-06	-8.389446e-09	-2.822839e+01	-5.488575e+02
2.850000e-06	-3.949049e-06	-8.495569e-09	-2.872982e+01	-5.560971e+02
2.860000e-06	-4.016407e-06	-8.594936e-09	-2.921986e+01	-5.629853e+02
2.870000e-06	-4.082309e-06	-8.687861e-09	-2.969930e+01	-5.695061e+02
2.880000e-06	-4.146766e-06	-8.777888e-09	-3.016823e+01	-5.756512e+02
2.890000e-06	-4.209724e-06	-8.866954e-09	-3.062627e+01	-5.814327e+02
2.900000e-06	-4.271001e-06	-8.952967e-09	-3.107206e+01	-5.868852e+02
2.910000e-06	-4.330493e-06	-9.033983e-09	-3.150487e+01	-5.920573e+02
2.920000e-06	-4.388361e-06	-9.109876e-09	-3.192587e+01	-5.969966e+02
2.930000e-06	-4.444743e-06	-9.180344e-09	-3.233606e+01	-6.017344e+02
2.940000e-06	-4.499468e-06	-9.246982e-09	-3.273419e+01	-6.062787e+02
2.950000e-06	-4.552199e-06	-9.309424e-09	-3.311781e+01	-6.106161e+02
2.960000e-06	-4.602894e-06	-9.367625e-09	-3.348662e+01	-6.147240e+02
2.970000e-06	-4.651665e-06	-9.424838e-09	-3.384144e+01	-6.185852e+02
2.980000e-06	-4.698450e-06	-9.481142e-09	-3.418181e+01	-6.222009e+02
2.990000e-06	-4.743422e-06	-9.533737e-09	-3.450898e+01	-6.255932e+02
3.000000e-06	-4.786843e-06	-9.580562e-09	-3.482488e+01	-6.287990e+02
3.010000e-06	-4.828683e-06	-9.624441e-09	-3.512926e+01	-6.318563e+02
3.020000e-06	-4.868894e-06	-9.667774e-09	-3.542181e+01	-6.347898e+02
3.030000e-06	-4.907338e-06	-9.708539e-09	-3.570149e+01	-6.376022e+02
3.040000e-06	-4.943791e-06	-9.746127e-09	-3.596669e+01	-6.402750e+02
3.050000e-06	-4.978347e-06	-9.781559e-09	-3.621809e+01	-6.427784e+02
3.060000e-06	-5.011197e-06	-9.814548e-09	-3.645708e+01	-6.450856e+02
3.070000e-06	-5.042284e-06	-9.845215e-09	-3.668324e+01	-6.471847e+02
3.080000e-06	-5.071347e-06	-9.872293e-09	-3.689468e+01	-6.490842e+02
3.090000e-06	-5.098393e-06	-9.895869e-09	-3.709144e+01	-6.508082e+02
3.100000e-06	-5.123603e-06	-9.919015e-09	-3.727484e+01	-6.523853e+02
3.110000e-06	-5.146923e-06	-9.941364e-09	-3.744450e+01	-6.538362e+02
3.120000e-06	-5.168196e-06	-9.959451e-09	-3.759927e+01	-6.551655e+02
3.130000e-06	-5.187488e-06	-9.971709e-09	-3.773962e+01	-6.563624e+02
3.140000e-06	-5.204970e-06	-9.981081e-09	-3.786680e+01	-6.574097e+02
3.150000e-06	-5.220558e-06	-9.990428e-09	-3.798021e+01	-6.582953e+02
3.160000e-06	-5.233897e-06	-1.000260e-08	-3.807725e+01	-6.590234e+02
3.170000e-06	-5.244993e-06	-1.001480e-08	-3.815797e+01	-6.596162e+02
3.180000e-06	-5.254158e-06	-1.002332e-08	-3.822465e+01	-6.601072e+02
3.190000e-06	-5.261435e-06	-1.002754e-08	-3.827759e+01	-6.605283e+02
3.200000e-06	-5.266634e-06	-1.003014e-08	-3.831542e+01	-6.608952e+02
3.210000e-06	-5.269770e-06	-1.002922e-08	-3.833823e+01	-6.612002e+02
3.220000e-06	-5.271068e-06	-1.002464e-08	-3.834767e+01	-6.614140e+02
