# Temperatura_=_45.62
# Concentracion g/m^3_=_18600.0
# C_Vs_to_Am_M_A/Vsm_=_65563218390.804596
# pendiente_HvsI_1/m_=_3716.3
# ordenada_HvsI_A/m_=_1297.0
# frecuencia_Hz_=_309975.81096403714

Tiempo_(s)	Campo_(V.s)	Magnetizacion_(V.s)	Campo_(kA/m)	Magnetizacion_(A/m)
0.000000e+00	-5.265753e-06	-1.052203e-08	-3.834874e+01	-6.928576e+02
1.000000e-08	-5.263597e-06	-1.052878e-08	-3.833304e+01	-6.930930e+02
2.000000e-08	-5.259432e-06	-1.052958e-08	-3.830271e+01	-6.931388e+02
3.000000e-08	-5.253651e-06	-1.053280e-08	-3.826061e+01	-6.930146e+02
4.000000e-08	-5.246261e-06	-1.053387e-08	-3.820679e+01	-6.927559e+02
5.000000e-08	-5.237102e-06	-1.052708e-08	-3.814009e+01	-6.923972e+02
6.000000e-08	-5.225842e-06	-1.051298e-08	-3.805809e+01	-6.919566e+02
7.000000e-08	-5.212542e-06	-1.048615e-08	-3.796122e+01	-6.914284e+02
8.000000e-08	-5.197145e-06	-1.051042e-08	-3.784910e+01	-6.907869e+02
9.000000e-08	-5.179287e-06	-1.058410e-08	-3.771904e+01	-6.900020e+02
1.000000e-07	-5.159223e-06	-1.055412e-08	-3.757292e+01	-6.890581e+02
1.100000e-07	-5.137277e-06	-1.050661e-08	-3.741310e+01	-6.879680e+02
1.200000e-07	-5.113607e-06	-1.047989e-08	-3.724072e+01	-6.867746e+02
1.300000e-07	-5.088531e-06	-1.033765e-08	-3.705810e+01	-6.855374e+02
1.400000e-07	-5.061873e-06	-1.041250e-08	-3.686396e+01	-6.843089e+02
1.500000e-07	-5.033283e-06	-1.046036e-08	-3.665574e+01	-6.831096e+02
1.600000e-07	-5.003015e-06	-1.026487e-08	-3.643531e+01	-6.819124e+02
1.700000e-07	-4.971064e-06	-1.039044e-08	-3.620262e+01	-6.806442e+02
1.800000e-07	-4.936922e-06	-1.039985e-08	-3.595397e+01	-6.792058e+02
1.900000e-07	-4.900957e-06	-1.024276e-08	-3.569205e+01	-6.775028e+02
2.000000e-07	-4.863580e-06	-1.031695e-08	-3.541985e+01	-6.754768e+02
2.100000e-07	-4.824362e-06	-1.021571e-08	-3.513424e+01	-6.731256e+02
2.200000e-07	-4.783181e-06	-1.013060e-08	-3.483433e+01	-6.705035e+02
2.300000e-07	-4.739952e-06	-1.016913e-08	-3.451951e+01	-6.677021e+02
2.400000e-07	-4.694812e-06	-1.010988e-08	-3.419077e+01	-6.648194e+02
2.500000e-07	-4.648003e-06	-1.011478e-08	-3.384988e+01	-6.619280e+02
2.600000e-07	-4.599249e-06	-1.004927e-08	-3.349481e+01	-6.590546e+02
2.700000e-07	-4.548288e-06	-9.974872e-09	-3.312368e+01	-6.561776e+02
2.800000e-07	-4.495218e-06	-9.952445e-09	-3.273719e+01	-6.532422e+02
2.900000e-07	-4.440377e-06	-9.877809e-09	-3.233780e+01	-6.501855e+02
3.000000e-07	-4.383951e-06	-9.842416e-09	-3.192687e+01	-6.469613e+02
3.100000e-07	-4.325735e-06	-9.784428e-09	-3.150290e+01	-6.435544e+02
3.200000e-07	-4.265726e-06	-9.767940e-09	-3.106588e+01	-6.399799e+02
3.300000e-07	-4.204167e-06	-9.716809e-09	-3.061757e+01	-6.362698e+02
3.400000e-07	-4.141165e-06	-9.631991e-09	-3.015874e+01	-6.324542e+02
3.500000e-07	-4.076696e-06	-9.590868e-09	-2.968923e+01	-6.285455e+02
3.600000e-07	-4.010514e-06	-9.495013e-09	-2.920725e+01	-6.245342e+02
3.700000e-07	-3.942627e-06	-9.449396e-09	-2.871285e+01	-6.203959e+02
3.800000e-07	-3.873277e-06	-9.407405e-09	-2.820780e+01	-6.161071e+02
3.900000e-07	-3.802587e-06	-9.330996e-09	-2.769299e+01	-6.116603e+02
4.000000e-07	-3.730587e-06	-9.271473e-09	-2.716863e+01	-6.070718e+02
4.100000e-07	-3.657132e-06	-9.190844e-09	-2.663369e+01	-6.023775e+02
4.200000e-07	-3.582070e-06	-9.128970e-09	-2.608704e+01	-5.976177e+02
4.300000e-07	-3.505459e-06	-9.049842e-09	-2.552910e+01	-5.928194e+02
4.400000e-07	-3.427408e-06	-8.975089e-09	-2.496068e+01	-5.879811e+02
4.500000e-07	-3.347845e-06	-8.895589e-09	-2.438125e+01	-5.830703e+02
4.600000e-07	-3.266779e-06	-8.819338e-09	-2.379088e+01	-5.780332e+02
4.700000e-07	-3.184437e-06	-8.764779e-09	-2.319120e+01	-5.728136e+02
4.800000e-07	-3.101045e-06	-8.679745e-09	-2.258389e+01	-5.673725e+02
4.900000e-07	-3.016698e-06	-8.592215e-09	-2.196961e+01	-5.617014e+02
5.000000e-07	-2.931348e-06	-8.492098e-09	-2.134804e+01	-5.558218e+02
5.100000e-07	-2.844986e-06	-8.401544e-09	-2.071910e+01	-5.497742e+02
5.200000e-07	-2.757698e-06	-8.313125e-09	-2.008340e+01	-5.435983e+02
5.300000e-07	-2.669522e-06	-8.216429e-09	-1.944125e+01	-5.373167e+02
5.400000e-07	-2.580289e-06	-8.120385e-09	-1.879140e+01	-5.309257e+02
5.500000e-07	-2.489777e-06	-8.021875e-09	-1.813223e+01	-5.243997e+02
5.600000e-07	-2.398104e-06	-7.933592e-09	-1.746460e+01	-5.177044e+02
5.700000e-07	-2.305602e-06	-7.830705e-09	-1.679094e+01	-5.108136e+02
5.800000e-07	-2.212406e-06	-7.712686e-09	-1.611222e+01	-5.037211e+02
5.900000e-07	-2.118381e-06	-7.589222e-09	-1.542747e+01	-4.964423e+02
6.000000e-07	-2.023521e-06	-7.477547e-09	-1.473664e+01	-4.890049e+02
6.100000e-07	-1.927911e-06	-7.371124e-09	-1.404034e+01	-4.814319e+02
6.200000e-07	-1.831617e-06	-7.251062e-09	-1.333906e+01	-4.737267e+02
6.300000e-07	-1.734663e-06	-7.126170e-09	-1.263298e+01	-4.658660e+02
6.400000e-07	-1.636938e-06	-7.003788e-09	-1.192128e+01	-4.578040e+02
6.500000e-07	-1.538376e-06	-6.885156e-09	-1.120349e+01	-4.494879e+02
6.600000e-07	-1.439105e-06	-6.753964e-09	-1.048053e+01	-4.408766e+02
6.700000e-07	-1.339298e-06	-6.607803e-09	-9.753665e+00	-4.319552e+02
6.800000e-07	-1.239037e-06	-6.457919e-09	-9.023499e+00	-4.227384e+02
6.900000e-07	-1.138388e-06	-6.315734e-09	-8.290502e+00	-4.132620e+02
7.000000e-07	-1.037429e-06	-6.175897e-09	-7.555256e+00	-4.035648e+02
7.100000e-07	-9.361839e-07	-6.024982e-09	-6.817919e+00	-3.936697e+02
7.200000e-07	-8.345752e-07	-5.865536e-09	-6.077936e+00	-3.835715e+02
7.300000e-07	-7.326429e-07	-5.708229e-09	-5.335597e+00	-3.732364e+02
7.400000e-07	-6.304520e-07	-5.554529e-09	-4.591374e+00	-3.626140e+02
7.500000e-07	-5.280180e-07	-5.388793e-09	-3.845381e+00	-3.516547e+02
7.600000e-07	-4.253785e-07	-5.204747e-09	-3.097891e+00	-3.403263e+02
7.700000e-07	-3.225900e-07	-5.017746e-09	-2.349317e+00	-3.286214e+02
7.800000e-07	-2.197237e-07	-4.836477e-09	-1.600175e+00	-3.165530e+02
7.900000e-07	-1.167570e-07	-4.655469e-09	-8.503028e-01	-3.041398e+02
8.000000e-07	-1.370222e-08	-4.465760e-09	-9.978874e-02	-2.913889e+02
8.100000e-07	8.934831e-08	-4.259533e-09	6.506943e-01	-2.782831e+02
8.200000e-07	1.923917e-07	-4.048965e-09	1.401125e+00	-2.647791e+02
8.300000e-07	2.953703e-07	-3.840503e-09	2.151085e+00	-2.508181e+02
8.400000e-07	3.982145e-07	-3.623062e-09	2.900065e+00	-2.363435e+02
8.500000e-07	5.009494e-07	-3.389594e-09	3.648249e+00	-2.213190e+02
8.600000e-07	6.035538e-07	-3.145236e-09	4.395484e+00	-2.057393e+02
8.700000e-07	7.059325e-07	-2.900246e-09	5.141074e+00	-1.896283e+02
8.800000e-07	8.079711e-07	-2.654247e-09	5.884188e+00	-1.730257e+02
8.900000e-07	9.096706e-07	-2.399394e-09	6.624831e+00	-1.559681e+02
9.000000e-07	1.011061e-06	-2.130270e-09	7.363222e+00	-1.384720e+02
9.100000e-07	1.112114e-06	-1.853604e-09	8.099161e+00	-1.205255e+02
9.200000e-07	1.212859e-06	-1.575467e-09	8.832853e+00	-1.020919e+02
9.300000e-07	1.313250e-06	-1.288350e-09	9.563964e+00	-8.312248e+01
9.400000e-07	1.413113e-06	-9.854826e-10	1.029124e+01	-6.357220e+01
9.500000e-07	1.512311e-06	-6.708394e-10	1.101366e+01	-4.341172e+01
9.600000e-07	1.610779e-06	-3.532949e-10	1.173077e+01	-2.263059e+01
9.700000e-07	1.708502e-06	-3.253102e-11	1.244246e+01	-1.231262e+00
9.800000e-07	1.805481e-06	2.988055e-10	1.314872e+01	2.078164e+01
9.900000e-07	1.901679e-06	6.466906e-10	1.384930e+01	4.341018e+01
1.000000e-06	1.997135e-06	1.007930e-09	1.454448e+01	6.666398e+01
1.010000e-06	2.091910e-06	1.373798e-09	1.523469e+01	9.055066e+01
1.020000e-06	2.185964e-06	1.746973e-09	1.591966e+01	1.150582e+02
1.030000e-06	2.279311e-06	2.133158e-09	1.659947e+01	1.401358e+02
1.040000e-06	2.371938e-06	2.527302e-09	1.727404e+01	1.656806e+02
1.050000e-06	2.463721e-06	2.919675e-09	1.794247e+01	1.915364e+02
1.060000e-06	2.554457e-06	3.309833e-09	1.860327e+01	2.175052e+02
1.070000e-06	2.644033e-06	3.702679e-09	1.925562e+01	2.433682e+02
1.080000e-06	2.732525e-06	4.096179e-09	1.990008e+01	2.689087e+02
1.090000e-06	2.820049e-06	4.483170e-09	2.053749e+01	2.939306e+02
1.100000e-06	2.906570e-06	4.852492e-09	2.116759e+01	3.182665e+02
1.110000e-06	2.992052e-06	5.207470e-09	2.179013e+01	3.417773e+02
1.120000e-06	3.076595e-06	5.550641e-09	2.240583e+01	3.643452e+02
1.130000e-06	3.160140e-06	5.880557e-09	2.301426e+01	3.858686e+02
1.140000e-06	3.242476e-06	6.189452e-09	2.361389e+01	4.062610e+02
1.150000e-06	3.323483e-06	6.476687e-09	2.420383e+01	4.254587e+02
1.160000e-06	3.403192e-06	6.748391e-09	2.478433e+01	4.434307e+02
1.170000e-06	3.481638e-06	7.006141e-09	2.535562e+01	4.601884e+02
1.180000e-06	3.558858e-06	7.246161e-09	2.591799e+01	4.757872e+02
1.190000e-06	3.634817e-06	7.464362e-09	2.647118e+01	4.903176e+02
1.200000e-06	3.709152e-06	7.665895e-09	2.701253e+01	5.038878e+02
1.210000e-06	3.781778e-06	7.856775e-09	2.754144e+01	5.166017e+02
1.220000e-06	3.852944e-06	8.039915e-09	2.805972e+01	5.285417e+02
1.230000e-06	3.922710e-06	8.211266e-09	2.856780e+01	5.397614e+02
1.240000e-06	3.991104e-06	8.372600e-09	2.906590e+01	5.502905e+02
1.250000e-06	4.057931e-06	8.525323e-09	2.955258e+01	5.601480e+02
1.260000e-06	4.123066e-06	8.672267e-09	3.002693e+01	5.693598e+02
1.270000e-06	4.186663e-06	8.808811e-09	3.049008e+01	5.779690e+02
1.280000e-06	4.248783e-06	8.933753e-09	3.094249e+01	5.860379e+02
1.290000e-06	4.309511e-06	9.049460e-09	3.138475e+01	5.936382e+02
1.300000e-06	4.368675e-06	9.159690e-09	3.181562e+01	6.008349e+02
1.310000e-06	4.425999e-06	9.266572e-09	3.223309e+01	6.076715e+02
1.320000e-06	4.481553e-06	9.368504e-09	3.263768e+01	6.141628e+02
1.330000e-06	4.535405e-06	9.462916e-09	3.302986e+01	6.202990e+02
1.340000e-06	4.587344e-06	9.550722e-09	3.340812e+01	6.260599e+02
1.350000e-06	4.637199e-06	9.635389e-09	3.377119e+01	6.314330e+02
1.360000e-06	4.685168e-06	9.714827e-09	3.412053e+01	6.364277e+02
1.370000e-06	4.731416e-06	9.787571e-09	3.445734e+01	6.410803e+02
1.380000e-06	4.776060e-06	9.853106e-09	3.478247e+01	6.454467e+02
1.390000e-06	4.818879e-06	9.914475e-09	3.509431e+01	6.495869e+02
1.400000e-06	4.859740e-06	9.973972e-09	3.539188e+01	6.535471e+02
1.410000e-06	4.898891e-06	1.003298e-08	3.567701e+01	6.573484e+02
1.420000e-06	4.936350e-06	1.008969e-08	3.594981e+01	6.609844e+02
1.430000e-06	4.971987e-06	1.014376e-08	3.620934e+01	6.644302e+02
1.440000e-06	5.005628e-06	1.019667e-08	3.645434e+01	6.676574e+02
1.450000e-06	5.037392e-06	1.024707e-08	3.668566e+01	6.706484e+02
1.460000e-06	5.067423e-06	1.029190e-08	3.690438e+01	6.734038e+02
1.470000e-06	5.095731e-06	1.033030e-08	3.711053e+01	6.759411e+02
1.480000e-06	5.121966e-06	1.036423e-08	3.730159e+01	6.782851e+02
1.490000e-06	5.145986e-06	1.039771e-08	3.747652e+01	6.804554e+02
1.500000e-06	5.168149e-06	1.043154e-08	3.763793e+01	6.824589e+02
1.510000e-06	5.188599e-06	1.046248e-08	3.778686e+01	6.842883e+02
1.520000e-06	5.207140e-06	1.048940e-08	3.792189e+01	6.859304e+02
1.530000e-06	5.223574e-06	1.051384e-08	3.804157e+01	6.873772e+02
1.540000e-06	5.237966e-06	1.053674e-08	3.814638e+01	6.886360e+02
1.550000e-06	5.250283e-06	1.055639e-08	3.823608e+01	6.897320e+02
1.560000e-06	5.260360e-06	1.057167e-08	3.830947e+01	6.907015e+02
1.570000e-06	5.268326e-06	1.058401e-08	3.836748e+01	6.915791e+02
1.580000e-06	5.274430e-06	1.059635e-08	3.841194e+01	6.923837e+02
1.590000e-06	5.278703e-06	1.060776e-08	3.844306e+01	6.931099e+02
1.600000e-06	5.280911e-06	1.062000e-08	3.845913e+01	6.937299e+02
1.610000e-06	5.281030e-06	1.063084e-08	3.846000e+01	6.942050e+02
1.620000e-06	5.279376e-06	1.063136e-08	3.844795e+01	6.945025e+02
1.630000e-06	5.276066e-06	1.063448e-08	3.842385e+01	6.946090e+02
1.640000e-06	5.270830e-06	1.063535e-08	3.838572e+01	6.945370e+02
1.650000e-06	5.263616e-06	1.062977e-08	3.833318e+01	6.943182e+02
1.660000e-06	5.254716e-06	1.062296e-08	3.826837e+01	6.939895e+02
1.670000e-06	5.244114e-06	1.062201e-08	3.819115e+01	6.935756e+02
1.680000e-06	5.231513e-06	1.064576e-08	3.809938e+01	6.930785e+02
1.690000e-06	5.216880e-06	1.056505e-08	3.799282e+01	6.924777e+02
1.700000e-06	5.200167e-06	1.047767e-08	3.787110e+01	6.917426e+02
1.710000e-06	5.180795e-06	1.050137e-08	3.773003e+01	6.908508e+02
1.720000e-06	5.158692e-06	1.048115e-08	3.756905e+01	6.898052e+02
1.730000e-06	5.134665e-06	1.059577e-08	3.739407e+01	6.886397e+02
1.740000e-06	5.109682e-06	1.057669e-08	3.721213e+01	6.874108e+02
1.750000e-06	5.083774e-06	1.036690e-08	3.702345e+01	6.861762e+02
1.760000e-06	5.055758e-06	1.053243e-08	3.681942e+01	6.849689e+02
1.770000e-06	5.025490e-06	1.049154e-08	3.659899e+01	6.837779e+02
1.780000e-06	4.993709e-06	1.033029e-08	3.636754e+01	6.825435e+02
1.790000e-06	4.960047e-06	1.051880e-08	3.612239e+01	6.811719e+02
1.800000e-06	4.924661e-06	1.036838e-08	3.586468e+01	6.795635e+02
1.810000e-06	4.887554e-06	1.029375e-08	3.559445e+01	6.776453e+02
1.820000e-06	4.848224e-06	1.043885e-08	3.530802e+01	6.753961e+02
1.830000e-06	4.807136e-06	1.026818e-08	3.500879e+01	6.728532e+02
1.840000e-06	4.764369e-06	1.028045e-08	3.469733e+01	6.700992e+02
1.850000e-06	4.719737e-06	1.019705e-08	3.437229e+01	6.672338e+02
1.860000e-06	4.673432e-06	1.006832e-08	3.403507e+01	6.643407e+02
1.870000e-06	4.625151e-06	1.017740e-08	3.368345e+01	6.614626e+02
1.880000e-06	4.574933e-06	1.001940e-08	3.331773e+01	6.585924e+02
1.890000e-06	4.522785e-06	1.003644e-08	3.293796e+01	6.556837e+02
1.900000e-06	4.468511e-06	1.001171e-08	3.254270e+01	6.526731e+02
1.910000e-06	4.412603e-06	9.895390e-09	3.213554e+01	6.495070e+02
1.920000e-06	4.355100e-06	9.916336e-09	3.171676e+01	6.461593e+02
1.930000e-06	4.296076e-06	9.751040e-09	3.128691e+01	6.426364e+02
1.940000e-06	4.235313e-06	9.765875e-09	3.084439e+01	6.389671e+02
1.950000e-06	4.172618e-06	9.688731e-09	3.038780e+01	6.351838e+02
1.960000e-06	4.108446e-06	9.622562e-09	2.992046e+01	6.313060e+02
1.970000e-06	4.042845e-06	9.640649e-09	2.944271e+01	6.273307e+02
1.980000e-06	3.975861e-06	9.472512e-09	2.895489e+01	6.232371e+02
1.990000e-06	3.907276e-06	9.462948e-09	2.845540e+01	6.189994e+02
2.000000e-06	3.836902e-06	9.351671e-09	2.794290e+01	6.146036e+02
2.010000e-06	3.765112e-06	9.291927e-09	2.742007e+01	6.100584e+02
2.020000e-06	3.692000e-06	9.247039e-09	2.688762e+01	6.053943e+02
2.030000e-06	3.617464e-06	9.126980e-09	2.634480e+01	6.006525e+02
2.040000e-06	3.541318e-06	9.104801e-09	2.579026e+01	5.958661e+02
2.050000e-06	3.463479e-06	8.995393e-09	2.522337e+01	5.910436e+02
2.060000e-06	3.384265e-06	8.958106e-09	2.464649e+01	5.861621e+02
2.070000e-06	3.303920e-06	8.843547e-09	2.406136e+01	5.811730e+02
2.080000e-06	3.222437e-06	8.751379e-09	2.346794e+01	5.760184e+02
2.090000e-06	3.139813e-06	8.689070e-09	2.286622e+01	5.706519e+02
2.100000e-06	3.056079e-06	8.589070e-09	2.225642e+01	5.650545e+02
2.110000e-06	2.971021e-06	8.531782e-09	2.163697e+01	5.592389e+02
2.120000e-06	2.884640e-06	8.406052e-09	2.100789e+01	5.532414e+02
2.130000e-06	2.797213e-06	8.329117e-09	2.037118e+01	5.471041e+02
2.140000e-06	2.708802e-06	8.225053e-09	1.972731e+01	5.408564e+02
2.150000e-06	2.619453e-06	8.132427e-09	1.907661e+01	5.345034e+02
2.160000e-06	2.529167e-06	8.027675e-09	1.841909e+01	5.280254e+02
2.170000e-06	2.437960e-06	7.909017e-09	1.775486e+01	5.213889e+02
2.180000e-06	2.345833e-06	7.822969e-09	1.708393e+01	5.145636e+02
2.190000e-06	2.252745e-06	7.715231e-09	1.640600e+01	5.075360e+02
2.200000e-06	2.158642e-06	7.616321e-09	1.572068e+01	5.003153e+02
2.210000e-06	2.063607e-06	7.484745e-09	1.502857e+01	4.929266e+02
2.220000e-06	1.967830e-06	7.371594e-09	1.433106e+01	4.853965e+02
2.230000e-06	1.871440e-06	7.261161e-09	1.362908e+01	4.777360e+02
2.240000e-06	1.774436e-06	7.147455e-09	1.292263e+01	4.699302e+02
2.250000e-06	1.676823e-06	7.027049e-09	1.221175e+01	4.619395e+02
2.260000e-06	1.578633e-06	6.893797e-09	1.149667e+01	4.537114e+02
2.270000e-06	1.479890e-06	6.767056e-09	1.077755e+01	4.451990e+02
2.280000e-06	1.380704e-06	6.634155e-09	1.005521e+01	4.363779e+02
2.290000e-06	1.281055e-06	6.500121e-09	9.329505e+00	4.272537e+02
2.300000e-06	1.181001e-06	6.349871e-09	8.600842e+00	4.178572e+02
2.310000e-06	1.080521e-06	6.203155e-09	7.869075e+00	4.082282e+02
2.320000e-06	9.795125e-07	6.059344e-09	7.133467e+00	3.983966e+02
2.330000e-06	8.780568e-07	5.912257e-09	6.394598e+00	3.883670e+02
2.340000e-06	7.762071e-07	5.754902e-09	5.652861e+00	3.781140e+02
2.350000e-06	6.740298e-07	5.586596e-09	4.908737e+00	3.675906e+02
2.360000e-06	5.715680e-07	5.418543e-09	4.162541e+00	3.567451e+02
2.370000e-06	4.687846e-07	5.250801e-09	3.414004e+00	3.455382e+02
2.380000e-06	3.657861e-07	5.077795e-09	2.663900e+00	3.339546e+02
2.390000e-06	2.626772e-07	4.894672e-09	1.912991e+00	3.220017e+02
2.400000e-06	1.594559e-07	4.705174e-09	1.161265e+00	3.096986e+02
2.410000e-06	5.619376e-08	4.515834e-09	4.092407e-01	2.970576e+02
2.420000e-06	-4.705502e-08	4.325172e-09	-3.426862e-01	2.840703e+02
2.430000e-06	-1.503299e-07	4.119255e-09	-1.094803e+00	2.707012e+02
2.440000e-06	-2.535733e-07	3.902038e-09	-1.846691e+00	2.568947e+02
2.450000e-06	-3.567058e-07	3.679757e-09	-2.597771e+00	2.425912e+02
2.460000e-06	-4.597287e-07	3.455069e-09	-3.348053e+00	2.277465e+02
2.470000e-06	-5.625293e-07	3.224620e-09	-4.096716e+00	2.123448e+02
2.480000e-06	-6.650164e-07	2.982536e-09	-4.843095e+00	1.964015e+02
2.490000e-06	-7.671354e-07	2.730655e-09	-5.586794e+00	1.799533e+02
2.500000e-06	-8.688468e-07	2.473139e-09	-6.327525e+00	1.630397e+02
2.510000e-06	-9.701692e-07	2.211865e-09	-7.065422e+00	1.456853e+02
2.520000e-06	-1.071062e-06	1.937730e-09	-7.800194e+00	1.278874e+02
2.530000e-06	-1.171517e-06	1.650505e-09	-8.531771e+00	1.096163e+02
2.540000e-06	-1.271466e-06	1.359292e-09	-9.259672e+00	9.082544e+01
2.550000e-06	-1.370836e-06	1.067300e-09	-9.983348e+00	7.146684e+01
2.560000e-06	-1.469701e-06	7.708906e-10	-1.070335e+01	5.150537e+01
2.570000e-06	-1.568063e-06	4.612976e-10	-1.141968e+01	3.092476e+01
2.580000e-06	-1.665929e-06	1.383524e-10	-1.213241e+01	9.724383e+00
2.590000e-06	-1.763249e-06	-1.953251e-10	-1.284116e+01	-1.209064e+01
2.600000e-06	-1.859880e-06	-5.370345e-10	-1.354489e+01	-3.451965e+01
2.610000e-06	-1.955854e-06	-8.877443e-10	-1.424384e+01	-5.757037e+01
2.620000e-06	-2.051265e-06	-1.250816e-09	-1.493869e+01	-8.125272e+01
2.630000e-06	-2.146049e-06	-1.623909e-09	-1.562896e+01	-1.055632e+02
2.640000e-06	-2.239957e-06	-2.000064e-09	-1.631287e+01	-1.304652e+02
2.650000e-06	-2.332829e-06	-2.379895e-09	-1.698922e+01	-1.558735e+02
2.660000e-06	-2.424598e-06	-2.769152e-09	-1.765755e+01	-1.816484e+02
2.670000e-06	-2.515379e-06	-3.166727e-09	-1.831868e+01	-2.076034e+02
2.680000e-06	-2.605323e-06	-3.566011e-09	-1.897371e+01	-2.335237e+02
2.690000e-06	-2.694313e-06	-3.958243e-09	-1.962179e+01	-2.591897e+02
2.700000e-06	-2.782311e-06	-4.342229e-09	-2.026265e+01	-2.843971e+02
2.710000e-06	-2.869375e-06	-4.718847e-09	-2.089672e+01	-3.089691e+02
2.720000e-06	-2.955353e-06	-5.084066e-09	-2.152286e+01	-3.327579e+02
2.730000e-06	-3.040054e-06	-5.433668e-09	-2.213971e+01	-3.556398e+02
2.740000e-06	-3.123516e-06	-5.765241e-09	-2.274754e+01	-3.775083e+02
2.750000e-06	-3.205910e-06	-6.079592e-09	-2.334759e+01	-3.982716e+02
2.760000e-06	-3.287222e-06	-6.380477e-09	-2.393975e+01	-4.178576e+02
2.770000e-06	-3.367406e-06	-6.665181e-09	-2.452371e+01	-4.362236e+02
2.780000e-06	-3.446331e-06	-6.929207e-09	-2.509849e+01	-4.533667e+02
2.790000e-06	-3.523666e-06	-7.172484e-09	-2.566170e+01	-4.693287e+02
2.800000e-06	-3.599455e-06	-7.400870e-09	-2.621365e+01	-4.841903e+02
2.810000e-06	-3.673884e-06	-7.617398e-09	-2.675568e+01	-4.980564e+02
2.820000e-06	-3.746897e-06	-7.818745e-09	-2.728742e+01	-5.110343e+02
2.830000e-06	-3.818544e-06	-8.003171e-09	-2.780920e+01	-5.232149e+02
2.840000e-06	-3.888748e-06	-8.174422e-09	-2.832047e+01	-5.346611e+02
2.850000e-06	-3.957280e-06	-8.337568e-09	-2.881957e+01	-5.454091e+02
2.860000e-06	-4.024296e-06	-8.492189e-09	-2.930762e+01	-5.554794e+02
2.870000e-06	-4.089917e-06	-8.632442e-09	-2.978552e+01	-5.648941e+02
2.880000e-06	-4.154088e-06	-8.759319e-09	-3.025285e+01	-5.736902e+02
2.890000e-06	-4.216759e-06	-8.881814e-09	-3.070927e+01	-5.819242e+02
2.900000e-06	-4.277637e-06	-9.001272e-09	-3.115262e+01	-5.896665e+02
2.910000e-06	-4.336714e-06	-9.113137e-09	-3.158286e+01	-5.969861e+02
2.920000e-06	-4.394249e-06	-9.216233e-09	-3.200187e+01	-6.039346e+02
2.930000e-06	-4.450312e-06	-9.312412e-09	-3.241015e+01	-6.105361e+02
2.940000e-06	-4.504668e-06	-9.405676e-09	-3.280601e+01	-6.167876e+02
2.950000e-06	-4.557004e-06	-9.494573e-09	-3.318716e+01	-6.226704e+02
2.960000e-06	-4.607410e-06	-9.576234e-09	-3.355425e+01	-6.281674e+02
2.970000e-06	-4.655787e-06	-9.651721e-09	-3.390656e+01	-6.332802e+02
2.980000e-06	-4.702111e-06	-9.723716e-09	-3.424392e+01	-6.380365e+02
2.990000e-06	-4.746769e-06	-9.794180e-09	-3.456916e+01	-6.424873e+02
3.000000e-06	-4.789892e-06	-9.860695e-09	-3.488320e+01	-6.466933e+02
3.010000e-06	-4.831443e-06	-9.921520e-09	-3.518581e+01	-6.507068e+02
3.020000e-06	-4.871359e-06	-9.977336e-09	-3.547650e+01	-6.545578e+02
3.030000e-06	-4.909447e-06	-1.003280e-08	-3.575388e+01	-6.582481e+02
3.040000e-06	-4.945567e-06	-1.008471e-08	-3.601694e+01	-6.617575e+02
3.050000e-06	-4.979784e-06	-1.013071e-08	-3.626612e+01	-6.650568e+02
3.060000e-06	-5.012262e-06	-1.017346e-08	-3.650265e+01	-6.681237e+02
3.070000e-06	-5.042903e-06	-1.021618e-08	-3.672580e+01	-6.709527e+02
3.080000e-06	-5.071479e-06	-1.025694e-08	-3.693391e+01	-6.735567e+02
3.090000e-06	-5.098161e-06	-1.029491e-08	-3.712822e+01	-6.759593e+02
3.100000e-06	-5.123057e-06	-1.032686e-08	-3.730953e+01	-6.781831e+02
3.110000e-06	-5.146052e-06	-1.035495e-08	-3.747700e+01	-6.802395e+02
3.120000e-06	-5.166965e-06	-1.038090e-08	-3.762931e+01	-6.821254e+02
3.130000e-06	-5.185884e-06	-1.040334e-08	-3.776708e+01	-6.838282e+02
3.140000e-06	-5.203013e-06	-1.042157e-08	-3.789183e+01	-6.853370e+02
3.150000e-06	-5.218235e-06	-1.043751e-08	-3.800269e+01	-6.866534e+02
3.160000e-06	-5.231198e-06	-1.045636e-08	-3.809709e+01	-6.877972e+02
3.170000e-06	-5.241937e-06	-1.047569e-08	-3.817530e+01	-6.888023e+02
3.180000e-06	-5.250753e-06	-1.049121e-08	-3.823950e+01	-6.897056e+02
3.190000e-06	-5.257598e-06	-1.050107e-08	-3.828935e+01	-6.905321e+02
3.200000e-06	-5.262326e-06	-1.050869e-08	-3.832379e+01	-6.912847e+02
3.210000e-06	-5.265106e-06	-1.051288e-08	-3.834403e+01	-6.919420e+02
3.220000e-06	-5.266163e-06	-1.051574e-08	-3.835173e+01	-6.924670e+02
