# Temperatura_=_32.8
# Concentracion g/m^3_=_20500.0
# C_Vs_to_Am_M_A/Vsm_=_65563218390.804596
# pendiente_HvsI_1/m_=_3716.3
# ordenada_HvsI_A/m_=_1297.0
# frecuencia_Hz_=_311481.61077691475

Tiempo_(s)	Campo_(V.s)	Magnetizacion_(V.s)	Campo_(kA/m)	Magnetizacion_(A/m)
0.000000e+00	-6.083914e-06	-7.173516e-09	-4.743092e+01	-4.692164e+02
1.000000e-08	-6.081442e-06	-7.180757e-09	-4.741165e+01	-4.693316e+02
2.000000e-08	-6.076732e-06	-7.185503e-09	-4.737493e+01	-4.692298e+02
3.000000e-08	-6.070031e-06	-7.186825e-09	-4.732268e+01	-4.689643e+02
4.000000e-08	-6.061318e-06	-7.180491e-09	-4.725476e+01	-4.686030e+02
5.000000e-08	-6.050289e-06	-7.170304e-09	-4.716878e+01	-4.681965e+02
6.000000e-08	-6.036843e-06	-7.158781e-09	-4.706395e+01	-4.677518e+02
7.000000e-08	-6.021109e-06	-7.142932e-09	-4.694129e+01	-4.672256e+02
8.000000e-08	-6.003070e-06	-7.140786e-09	-4.680065e+01	-4.665419e+02
9.000000e-08	-5.982770e-06	-7.177007e-09	-4.664239e+01	-4.656287e+02
1.000000e-07	-5.960035e-06	-7.140628e-09	-4.646515e+01	-4.644590e+02
1.100000e-07	-5.934721e-06	-7.089163e-09	-4.626780e+01	-4.630772e+02
1.200000e-07	-5.906961e-06	-7.087129e-09	-4.605138e+01	-4.615982e+02
1.300000e-07	-5.877206e-06	-7.040915e-09	-4.581940e+01	-4.601751e+02
1.400000e-07	-5.845866e-06	-6.972986e-09	-4.557507e+01	-4.589457e+02
1.500000e-07	-5.812835e-06	-7.032637e-09	-4.531756e+01	-4.579775e+02
1.600000e-07	-5.777635e-06	-6.992579e-09	-4.504313e+01	-4.572333e+02
1.700000e-07	-5.740385e-06	-6.898913e-09	-4.475273e+01	-4.565719e+02
1.800000e-07	-5.701209e-06	-6.996756e-09	-4.444730e+01	-4.557870e+02
1.900000e-07	-5.659666e-06	-6.900801e-09	-4.412344e+01	-4.546702e+02
2.000000e-07	-5.615911e-06	-6.861381e-09	-4.378231e+01	-4.530774e+02
2.100000e-07	-5.570027e-06	-6.859604e-09	-4.342460e+01	-4.509731e+02
2.200000e-07	-5.521854e-06	-6.748492e-09	-4.304903e+01	-4.484368e+02
2.300000e-07	-5.471189e-06	-6.765560e-09	-4.265404e+01	-4.456305e+02
2.400000e-07	-5.417956e-06	-6.724061e-09	-4.223903e+01	-4.427391e+02
2.500000e-07	-5.362594e-06	-6.691838e-09	-4.180742e+01	-4.399066e+02
2.600000e-07	-5.305222e-06	-6.671828e-09	-4.136015e+01	-4.371920e+02
2.700000e-07	-5.245655e-06	-6.606759e-09	-4.089575e+01	-4.345591e+02
2.800000e-07	-5.184046e-06	-6.571391e-09	-4.041544e+01	-4.319025e+02
2.900000e-07	-5.120527e-06	-6.511378e-09	-3.992024e+01	-4.290966e+02
3.000000e-07	-5.055010e-06	-6.475420e-09	-3.940946e+01	-4.260470e+02
3.100000e-07	-4.987377e-06	-6.407769e-09	-3.888219e+01	-4.227251e+02
3.200000e-07	-4.917707e-06	-6.357574e-09	-3.833903e+01	-4.191732e+02
3.300000e-07	-4.846224e-06	-6.348062e-09	-3.778174e+01	-4.154801e+02
3.400000e-07	-4.772898e-06	-6.259821e-09	-3.721008e+01	-4.117410e+02
3.500000e-07	-4.697523e-06	-6.208515e-09	-3.662245e+01	-4.080181e+02
3.600000e-07	-4.620029e-06	-6.140359e-09	-3.601830e+01	-4.043184e+02
3.700000e-07	-4.540543e-06	-6.079045e-09	-3.539861e+01	-4.005962e+02
3.800000e-07	-4.459113e-06	-6.034840e-09	-3.476378e+01	-3.967776e+02
3.900000e-07	-4.375935e-06	-5.972510e-09	-3.411531e+01	-3.927943e+02
4.000000e-07	-4.291293e-06	-5.918927e-09	-3.345544e+01	-3.886117e+02
4.100000e-07	-4.205220e-06	-5.843713e-09	-3.278439e+01	-3.842401e+02
4.200000e-07	-4.117749e-06	-5.784893e-09	-3.210246e+01	-3.797259e+02
4.300000e-07	-4.028780e-06	-5.705709e-09	-3.140885e+01	-3.751267e+02
4.400000e-07	-3.938100e-06	-5.632653e-09	-3.070190e+01	-3.704844e+02
4.500000e-07	-3.845808e-06	-5.562626e-09	-2.998238e+01	-3.658062e+02
4.600000e-07	-3.752108e-06	-5.493339e-09	-2.925188e+01	-3.610628e+02
4.700000e-07	-3.657112e-06	-5.430985e-09	-2.851128e+01	-3.562026e+02
4.800000e-07	-3.560780e-06	-5.348655e-09	-2.776026e+01	-3.511740e+02
4.900000e-07	-3.462928e-06	-5.261721e-09	-2.699740e+01	-3.459477e+02
5.000000e-07	-3.363574e-06	-5.173267e-09	-2.622283e+01	-3.405262e+02
5.100000e-07	-3.262886e-06	-5.095868e-09	-2.543785e+01	-3.349405e+02
5.200000e-07	-3.160998e-06	-5.012866e-09	-2.464352e+01	-3.292344e+02
5.300000e-07	-3.058030e-06	-4.923530e-09	-2.384077e+01	-3.234451e+02
5.400000e-07	-2.953989e-06	-4.833583e-09	-2.302965e+01	-3.175892e+02
5.500000e-07	-2.848683e-06	-4.743936e-09	-2.220867e+01	-3.116594e+02
5.600000e-07	-2.742072e-06	-4.656609e-09	-2.137752e+01	-3.056322e+02
5.700000e-07	-2.634381e-06	-4.558444e-09	-2.053795e+01	-2.994816e+02
5.800000e-07	-2.525742e-06	-4.460948e-09	-1.969099e+01	-2.931920e+02
5.900000e-07	-2.416184e-06	-4.364538e-09	-1.883686e+01	-2.867636e+02
6.000000e-07	-2.305762e-06	-4.268678e-09	-1.797600e+01	-2.802088e+02
6.100000e-07	-2.194520e-06	-4.168715e-09	-1.710874e+01	-2.735414e+02
6.200000e-07	-2.082452e-06	-4.062209e-09	-1.623504e+01	-2.667665e+02
6.300000e-07	-1.969494e-06	-3.959091e-09	-1.535441e+01	-2.598750e+02
6.400000e-07	-1.855677e-06	-3.855650e-09	-1.446708e+01	-2.528465e+02
6.500000e-07	-1.741011e-06	-3.747766e-09	-1.357313e+01	-2.456605e+02
6.600000e-07	-1.625446e-06	-3.630474e-09	-1.267217e+01	-2.383076e+02
6.700000e-07	-1.509161e-06	-3.514291e-09	-1.176560e+01	-2.307971e+02
6.800000e-07	-1.392306e-06	-3.403618e-09	-1.085458e+01	-2.231552e+02
6.900000e-07	-1.274863e-06	-3.292130e-09	-9.938987e+00	-2.154145e+02
7.000000e-07	-1.156893e-06	-3.174463e-09	-9.019276e+00	-2.075995e+02
7.100000e-07	-1.038515e-06	-3.048499e-09	-8.096391e+00	-1.997145e+02
7.200000e-07	-9.198017e-07	-2.923853e-09	-7.170884e+00	-1.917407e+02
7.300000e-07	-8.007864e-07	-2.801505e-09	-6.243026e+00	-1.836440e+02
7.400000e-07	-6.815200e-07	-2.676524e-09	-5.313211e+00	-1.753901e+02
7.500000e-07	-5.620340e-07	-2.547573e-09	-4.381684e+00	-1.669603e+02
7.600000e-07	-4.423357e-07	-2.416865e-09	-3.448502e+00	-1.583604e+02
7.700000e-07	-3.225018e-07	-2.286818e-09	-2.514263e+00	-1.496168e+02
7.800000e-07	-2.025575e-07	-2.154703e-09	-1.579163e+00	-1.407631e+02
7.900000e-07	-8.246171e-08	-2.015305e-09	-6.428813e-01	-1.318204e+02
8.000000e-07	3.770036e-08	-1.871158e-09	2.939165e-01	-1.227827e+02
8.100000e-07	1.577671e-07	-1.728352e-09	1.229971e+00	-1.136131e+02
8.200000e-07	2.777200e-07	-1.588049e-09	2.165139e+00	-1.042548e+02
8.300000e-07	3.975811e-07	-1.446185e-09	3.099590e+00	-9.465290e+01
8.400000e-07	5.172876e-07	-1.296786e-09	4.032836e+00	-8.477830e+01
8.500000e-07	6.367888e-07	-1.139318e-09	4.964482e+00	-7.464372e+01
8.600000e-07	7.561076e-07	-9.786604e-10	5.894705e+00	-6.430496e+01
8.700000e-07	8.752234e-07	-8.185663e-10	6.823346e+00	-5.384607e+01
8.800000e-07	9.940545e-07	-6.599150e-10	7.749768e+00	-4.335428e+01
8.900000e-07	1.112571e-06	-5.032065e-10	8.673734e+00	-3.289462e+01
9.000000e-07	1.230747e-06	-3.467847e-10	9.595050e+00	-2.249407e+01
9.100000e-07	1.348476e-06	-1.893914e-10	1.051288e+01	-1.214135e+01
9.200000e-07	1.465662e-06	-3.183369e-11	1.142648e+01	-1.801049e+00
9.300000e-07	1.582242e-06	1.292368e-10	1.233535e+01	8.564486e+00
9.400000e-07	1.698119e-06	2.926539e-10	1.323874e+01	1.897582e+01
9.500000e-07	1.813178e-06	4.545407e-10	1.413576e+01	2.942794e+01
9.600000e-07	1.927360e-06	6.128909e-10	1.502593e+01	3.989589e+01
9.700000e-07	2.040721e-06	7.674463e-10	1.590971e+01	5.035134e+01
9.800000e-07	2.153189e-06	9.197476e-10	1.678652e+01	6.078169e+01
9.900000e-07	2.264785e-06	1.073349e-09	1.765654e+01	7.120255e+01
1.000000e-06	2.375652e-06	1.233916e-09	1.852086e+01	8.165722e+01
1.010000e-06	2.485690e-06	1.399430e-09	1.937874e+01	9.220302e+01
1.020000e-06	2.594866e-06	1.567375e-09	2.022989e+01	1.028902e+02
1.030000e-06	2.703168e-06	1.735730e-09	2.107422e+01	1.137430e+02
1.040000e-06	2.810387e-06	1.902020e-09	2.191011e+01	1.247501e+02
1.050000e-06	2.916423e-06	2.065735e-09	2.273678e+01	1.358703e+02
1.060000e-06	3.021269e-06	2.232066e-09	2.355417e+01	1.470488e+02
1.070000e-06	3.124895e-06	2.403495e-09	2.436205e+01	1.582376e+02
1.080000e-06	3.227368e-06	2.576981e-09	2.516095e+01	1.694111e+02
1.090000e-06	3.328696e-06	2.748129e-09	2.595091e+01	1.805690e+02
1.100000e-06	3.428790e-06	2.918565e-09	2.673125e+01	1.917268e+02
1.110000e-06	3.527530e-06	3.091482e-09	2.750104e+01	2.028973e+02
1.120000e-06	3.624721e-06	3.262363e-09	2.825876e+01	2.140734e+02
1.130000e-06	3.720435e-06	3.429769e-09	2.900496e+01	2.252192e+02
1.140000e-06	3.814861e-06	3.593923e-09	2.974112e+01	2.362744e+02
1.150000e-06	3.908014e-06	3.758952e-09	3.046734e+01	2.471702e+02
1.160000e-06	3.999806e-06	3.922971e-09	3.118296e+01	2.578493e+02
1.170000e-06	4.090059e-06	4.083522e-09	3.188659e+01	2.682817e+02
1.180000e-06	4.178604e-06	4.239587e-09	3.257690e+01	2.784682e+02
1.190000e-06	4.265505e-06	4.389688e-09	3.325438e+01	2.884309e+02
1.200000e-06	4.350930e-06	4.537455e-09	3.392037e+01	2.981944e+02
1.210000e-06	4.434849e-06	4.683831e-09	3.457461e+01	3.077671e+02
1.220000e-06	4.517125e-06	4.825681e-09	3.521605e+01	3.171298e+02
1.230000e-06	4.597563e-06	4.963668e-09	3.584315e+01	3.262376e+02
1.240000e-06	4.676161e-06	5.099070e-09	3.645591e+01	3.350336e+02
1.250000e-06	4.752957e-06	5.229802e-09	3.705462e+01	3.434689e+02
1.260000e-06	4.827790e-06	5.353209e-09	3.763803e+01	3.515188e+02
1.270000e-06	4.900640e-06	5.465702e-09	3.820597e+01	3.591888e+02
1.280000e-06	4.971628e-06	5.573092e-09	3.875941e+01	3.665082e+02
1.290000e-06	5.040794e-06	5.680360e-09	3.929863e+01	3.735142e+02
1.300000e-06	5.108029e-06	5.787853e-09	3.982280e+01	3.802346e+02
1.310000e-06	5.173177e-06	5.889772e-09	4.033071e+01	3.866767e+02
1.320000e-06	5.236382e-06	5.982373e-09	4.082346e+01	3.928286e+02
1.330000e-06	5.297809e-06	6.070095e-09	4.130235e+01	3.986701e+02
1.340000e-06	5.357346e-06	6.153740e-09	4.176651e+01	4.041891e+02
1.350000e-06	5.414760e-06	6.230376e-09	4.221411e+01	4.093946e+02
1.360000e-06	5.469998e-06	6.300752e-09	4.264476e+01	4.143189e+02
1.370000e-06	5.523044e-06	6.369013e-09	4.305831e+01	4.190085e+02
1.380000e-06	5.573621e-06	6.438328e-09	4.345262e+01	4.235065e+02
1.390000e-06	5.621816e-06	6.507699e-09	4.382835e+01	4.278356e+02
1.400000e-06	5.667993e-06	6.573104e-09	4.418835e+01	4.319890e+02
1.410000e-06	5.712219e-06	6.633393e-09	4.453314e+01	4.359344e+02
1.420000e-06	5.754146e-06	6.690071e-09	4.486001e+01	4.396303e+02
1.430000e-06	5.793716e-06	6.741522e-09	4.516850e+01	4.430460e+02
1.440000e-06	5.831240e-06	6.785292e-09	4.546105e+01	4.461780e+02
1.450000e-06	5.866695e-06	6.826238e-09	4.573746e+01	4.490538e+02
1.460000e-06	5.899834e-06	6.868653e-09	4.599581e+01	4.517214e+02
1.470000e-06	5.930746e-06	6.910922e-09	4.623680e+01	4.542293e+02
1.480000e-06	5.959652e-06	6.948728e-09	4.646216e+01	4.566062e+02
1.490000e-06	5.986272e-06	6.980578e-09	4.666969e+01	4.588490e+02
1.500000e-06	6.010424e-06	7.009775e-09	4.685798e+01	4.609264e+02
1.510000e-06	6.032351e-06	7.037766e-09	4.702893e+01	4.627955e+02
1.520000e-06	6.052246e-06	7.060890e-09	4.718403e+01	4.644248e+02
1.530000e-06	6.069819e-06	7.079651e-09	4.732104e+01	4.658121e+02
1.540000e-06	6.084911e-06	7.098458e-09	4.743869e+01	4.669892e+02
1.550000e-06	6.097607e-06	7.117334e-09	4.753768e+01	4.680108e+02
1.560000e-06	6.107686e-06	7.134168e-09	4.761625e+01	4.689308e+02
1.570000e-06	6.115322e-06	7.145985e-09	4.767578e+01	4.697790e+02
1.580000e-06	6.120825e-06	7.155568e-09	4.771868e+01	4.705473e+02
1.590000e-06	6.124068e-06	7.165135e-09	4.774397e+01	4.711927e+02
1.600000e-06	6.124938e-06	7.172415e-09	4.775075e+01	4.716584e+02
1.610000e-06	6.123565e-06	7.169678e-09	4.774005e+01	4.719006e+02
1.620000e-06	6.120111e-06	7.167564e-09	4.771312e+01	4.719119e+02
1.630000e-06	6.114430e-06	7.166577e-09	4.766883e+01	4.717272e+02
1.640000e-06	6.106549e-06	7.166363e-09	4.760739e+01	4.714105e+02
1.650000e-06	6.096632e-06	7.167243e-09	4.753007e+01	4.710256e+02
1.660000e-06	6.084530e-06	7.163478e-09	4.743572e+01	4.706050e+02
1.670000e-06	6.070098e-06	7.165124e-09	4.732321e+01	4.701319e+02
1.680000e-06	6.053633e-06	7.132146e-09	4.719485e+01	4.695442e+02
1.690000e-06	6.035123e-06	7.057558e-09	4.705054e+01	4.687624e+02
1.700000e-06	6.013673e-06	7.067204e-09	4.688331e+01	4.677309e+02
1.710000e-06	5.988992e-06	7.078905e-09	4.669090e+01	4.664539e+02
1.720000e-06	5.961838e-06	7.068428e-09	4.647921e+01	4.650107e+02
1.730000e-06	5.932719e-06	7.130018e-09	4.625219e+01	4.635396e+02
1.740000e-06	5.901996e-06	7.047001e-09	4.601267e+01	4.621938e+02
1.750000e-06	5.869911e-06	6.938848e-09	4.576252e+01	4.610846e+02
1.760000e-06	5.835814e-06	7.046004e-09	4.549670e+01	4.602332e+02
1.770000e-06	5.799453e-06	6.973618e-09	4.521323e+01	4.595516e+02
1.780000e-06	5.760979e-06	6.993074e-09	4.491328e+01	4.588617e+02
1.790000e-06	5.720123e-06	7.089056e-09	4.459476e+01	4.579475e+02
1.800000e-06	5.677184e-06	6.962466e-09	4.426000e+01	4.566232e+02
1.810000e-06	5.632219e-06	7.042079e-09	4.390945e+01	4.547914e+02
1.820000e-06	5.584952e-06	6.954110e-09	4.354095e+01	4.524718e+02
1.830000e-06	5.535602e-06	6.855268e-09	4.315622e+01	4.497885e+02
1.840000e-06	5.483783e-06	6.887913e-09	4.275223e+01	4.469222e+02
1.850000e-06	5.429462e-06	6.748244e-09	4.232873e+01	4.440461e+02
1.860000e-06	5.373140e-06	6.790393e-09	4.188964e+01	4.412684e+02
1.870000e-06	5.314816e-06	6.738657e-09	4.143494e+01	4.386028e+02
1.880000e-06	5.254472e-06	6.658151e-09	4.096450e+01	4.359759e+02
1.890000e-06	5.191957e-06	6.669868e-09	4.047712e+01	4.332662e+02
1.900000e-06	5.127385e-06	6.558085e-09	3.997371e+01	4.303567e+02
1.910000e-06	5.060945e-06	6.581598e-09	3.945573e+01	4.271812e+02
1.920000e-06	4.992461e-06	6.467892e-09	3.892183e+01	4.237450e+02
1.930000e-06	4.921872e-06	6.419987e-09	3.837150e+01	4.201165e+02
1.940000e-06	4.849242e-06	6.403722e-09	3.780527e+01	4.163928e+02
1.950000e-06	4.774810e-06	6.304450e-09	3.722499e+01	4.126580e+02
1.960000e-06	4.698374e-06	6.309854e-09	3.662909e+01	4.089499e+02
1.970000e-06	4.619814e-06	6.182805e-09	3.601662e+01	4.052493e+02
1.980000e-06	4.539479e-06	6.149778e-09	3.539032e+01	4.014934e+02
1.990000e-06	4.457557e-06	6.082405e-09	3.475165e+01	3.976067e+02
2.000000e-06	4.374082e-06	6.019463e-09	3.410087e+01	3.935339e+02
2.010000e-06	4.288797e-06	5.967407e-09	3.343598e+01	3.892610e+02
2.020000e-06	4.201724e-06	5.871170e-09	3.275714e+01	3.848175e+02
2.030000e-06	4.113152e-06	5.835831e-09	3.206663e+01	3.802584e+02
2.040000e-06	4.023184e-06	5.748826e-09	3.136522e+01	3.756372e+02
2.050000e-06	3.931805e-06	5.693860e-09	3.065283e+01	3.709811e+02
2.060000e-06	3.838854e-06	5.589993e-09	2.992816e+01	3.662796e+02
2.070000e-06	3.744329e-06	5.518480e-09	2.919124e+01	3.614903e+02
2.080000e-06	3.648383e-06	5.453636e-09	2.844323e+01	3.565588e+02
2.090000e-06	3.551132e-06	5.382576e-09	2.768505e+01	3.514416e+02
2.100000e-06	3.452583e-06	5.308700e-09	2.691675e+01	3.461237e+02
2.110000e-06	3.352702e-06	5.207402e-09	2.613806e+01	3.406224e+02
2.120000e-06	3.251405e-06	5.132150e-09	2.534835e+01	3.349767e+02
2.130000e-06	3.148801e-06	5.032990e-09	2.454843e+01	3.292297e+02
2.140000e-06	3.045048e-06	4.955186e-09	2.373956e+01	3.234104e+02
2.150000e-06	2.940155e-06	4.851089e-09	2.292180e+01	3.175237e+02
2.160000e-06	2.834212e-06	4.763874e-09	2.209585e+01	3.115536e+02
2.170000e-06	2.727252e-06	4.676600e-09	2.126198e+01	3.054733e+02
2.180000e-06	2.619338e-06	4.582150e-09	2.042067e+01	2.992606e+02
2.190000e-06	2.510405e-06	4.485801e-09	1.957142e+01	2.929070e+02
2.200000e-06	2.400475e-06	4.374623e-09	1.871439e+01	2.864194e+02
2.210000e-06	2.289545e-06	4.278343e-09	1.784956e+01	2.798123e+02
2.220000e-06	2.177654e-06	4.175743e-09	1.697725e+01	2.730966e+02
2.230000e-06	2.064923e-06	4.073251e-09	1.609839e+01	2.662709e+02
2.240000e-06	1.951364e-06	3.962826e-09	1.521307e+01	2.593201e+02
2.250000e-06	1.837016e-06	3.856832e-09	1.432159e+01	2.522220e+02
2.260000e-06	1.721927e-06	3.749364e-09	1.342435e+01	2.449600e+02
2.270000e-06	1.606121e-06	3.636922e-09	1.252151e+01	2.375330e+02
2.280000e-06	1.489528e-06	3.512275e-09	1.161254e+01	2.299589e+02
2.290000e-06	1.372306e-06	3.387482e-09	1.069866e+01	2.222686e+02
2.300000e-06	1.254499e-06	3.267094e-09	9.780223e+00	2.144928e+02
2.310000e-06	1.136143e-06	3.153341e-09	8.857509e+00	2.066476e+02
2.320000e-06	1.017322e-06	3.036888e-09	7.931162e+00	1.987264e+02
2.330000e-06	8.981098e-07	2.912738e-09	7.001772e+00	1.907016e+02
2.340000e-06	7.786419e-07	2.789741e-09	6.070385e+00	1.825369e+02
2.350000e-06	6.589035e-07	2.663609e-09	5.136891e+00	1.742037e+02
2.360000e-06	5.389182e-07	2.536526e-09	4.201471e+00	1.656941e+02
2.370000e-06	4.187586e-07	2.396575e-09	3.264692e+00	1.570247e+02
2.380000e-06	2.985178e-07	2.257170e-09	2.327281e+00	1.482275e+02
2.390000e-06	1.782168e-07	2.125118e-09	1.389399e+00	1.393327e+02
2.400000e-06	5.783155e-08	1.994066e-09	4.508616e-01	1.303500e+02
2.410000e-06	-6.260069e-08	1.859002e-09	-4.880425e-01	1.212586e+02
2.420000e-06	-1.829951e-07	1.714076e-09	-1.426651e+00	1.120103e+02
2.430000e-06	-3.033004e-07	1.568022e-09	-2.364566e+00	1.025461e+02
2.440000e-06	-4.234711e-07	1.423428e-09	-3.301432e+00	9.282036e+01
2.450000e-06	-5.434570e-07	1.271643e-09	-4.236856e+00	8.282209e+01
2.460000e-06	-6.632287e-07	1.113539e-09	-5.170611e+00	7.258495e+01
2.470000e-06	-7.828046e-07	9.532264e-10	-6.102838e+00	6.218052e+01
2.480000e-06	-9.021723e-07	7.958501e-10	-7.033443e+00	5.169774e+01
2.490000e-06	-1.021157e-06	6.383408e-10	-7.961064e+00	4.121628e+01
2.500000e-06	-1.139618e-06	4.760749e-10	-8.884597e+00	3.078461e+01
2.510000e-06	-1.257527e-06	3.130426e-10	-9.803835e+00	2.041100e+01
2.520000e-06	-1.374926e-06	1.545214e-10	-1.071909e+01	1.007052e+01
2.530000e-06	-1.491802e-06	2.260797e-12	-1.163027e+01	-2.760952e-01
2.540000e-06	-1.608005e-06	-1.507417e-10	-1.253620e+01	-1.066046e+01
2.550000e-06	-1.723417e-06	-3.086360e-10	-1.343596e+01	-2.109145e+01
2.560000e-06	-1.838032e-06	-4.707294e-10	-1.432952e+01	-3.155329e+01
2.570000e-06	-1.951867e-06	-6.348325e-10	-1.521698e+01	-4.201701e+01
2.580000e-06	-2.064854e-06	-7.978523e-10	-1.609785e+01	-5.245942e+01
2.590000e-06	-2.176884e-06	-9.583290e-10	-1.697125e+01	-6.288017e+01
2.600000e-06	-2.287942e-06	-1.117685e-09	-1.783707e+01	-7.330865e+01
2.610000e-06	-2.397981e-06	-1.277515e-09	-1.869494e+01	-8.379701e+01
2.620000e-06	-2.506982e-06	-1.439045e-09	-1.954473e+01	-9.440204e+01
2.630000e-06	-2.615109e-06	-1.601672e-09	-2.038770e+01	-1.051638e+02
2.640000e-06	-2.722338e-06	-1.767972e-09	-2.122368e+01	-1.160903e+02
2.650000e-06	-2.828623e-06	-1.936688e-09	-2.205228e+01	-1.271550e+02
2.660000e-06	-2.933926e-06	-2.105800e-09	-2.287324e+01	-1.383077e+02
2.670000e-06	-3.038172e-06	-2.276269e-09	-2.368595e+01	-1.494944e+02
2.680000e-06	-3.141250e-06	-2.447066e-09	-2.448956e+01	-1.606762e+02
2.690000e-06	-3.242959e-06	-2.618328e-09	-2.528249e+01	-1.718398e+02
2.700000e-06	-3.343229e-06	-2.788439e-09	-2.606422e+01	-1.829941e+02
2.710000e-06	-3.442162e-06	-2.958324e-09	-2.683550e+01	-1.941557e+02
2.720000e-06	-3.539907e-06	-3.128947e-09	-2.759754e+01	-2.053300e+02
2.730000e-06	-3.636494e-06	-3.298902e-09	-2.835054e+01	-2.164968e+02
2.740000e-06	-3.731805e-06	-3.467781e-09	-2.909360e+01	-2.276076e+02
2.750000e-06	-3.825622e-06	-3.635086e-09	-2.982501e+01	-2.385957e+02
2.760000e-06	-3.917880e-06	-3.800671e-09	-3.054426e+01	-2.493952e+02
2.770000e-06	-4.008644e-06	-3.963276e-09	-3.125186e+01	-2.599602e+02
2.780000e-06	-4.097897e-06	-4.121872e-09	-3.194770e+01	-2.702753e+02
2.790000e-06	-4.185666e-06	-4.275969e-09	-3.263195e+01	-2.803530e+02
2.800000e-06	-4.271841e-06	-4.426774e-09	-3.330379e+01	-2.902193e+02
2.810000e-06	-4.356314e-06	-4.574731e-09	-3.396234e+01	-2.998934e+02
2.820000e-06	-4.439166e-06	-4.719750e-09	-3.460827e+01	-3.093714e+02
2.830000e-06	-4.520389e-06	-4.860598e-09	-3.524149e+01	-3.186210e+02
2.840000e-06	-4.599976e-06	-4.995199e-09	-3.586196e+01	-3.275897e+02
2.850000e-06	-4.677714e-06	-5.126093e-09	-3.646802e+01	-3.362218e+02
2.860000e-06	-4.753359e-06	-5.254824e-09	-3.705775e+01	-3.444780e+02
2.870000e-06	-4.827048e-06	-5.377130e-09	-3.763224e+01	-3.523476e+02
2.880000e-06	-4.898917e-06	-5.493582e-09	-3.819254e+01	-3.598489e+02
2.890000e-06	-4.968865e-06	-5.603212e-09	-3.873786e+01	-3.670170e+02
2.900000e-06	-5.036769e-06	-5.707343e-09	-3.926725e+01	-3.738867e+02
2.910000e-06	-5.102767e-06	-5.809097e-09	-3.978178e+01	-3.804769e+02
2.920000e-06	-5.166997e-06	-5.904376e-09	-4.028253e+01	-3.867852e+02
2.930000e-06	-5.229265e-06	-5.993866e-09	-4.076798e+01	-3.927940e+02
2.940000e-06	-5.289394e-06	-6.080044e-09	-4.123675e+01	-3.984848e+02
2.950000e-06	-5.347458e-06	-6.166431e-09	-4.168942e+01	-4.038542e+02
2.960000e-06	-5.403584e-06	-6.249247e-09	-4.212698e+01	-4.089225e+02
2.970000e-06	-5.457636e-06	-6.324504e-09	-4.254838e+01	-4.137304e+02
2.980000e-06	-5.509358e-06	-6.394823e-09	-4.295161e+01	-4.183252e+02
2.990000e-06	-5.558676e-06	-6.461774e-09	-4.333611e+01	-4.227423e+02
3.000000e-06	-5.605582e-06	-6.525624e-09	-4.370179e+01	-4.269911e+02
3.010000e-06	-5.650293e-06	-6.585306e-09	-4.405036e+01	-4.310516e+02
3.020000e-06	-5.693147e-06	-6.641537e-09	-4.438445e+01	-4.348847e+02
3.030000e-06	-5.734097e-06	-6.696569e-09	-4.470370e+01	-4.384515e+02
3.040000e-06	-5.772925e-06	-6.749714e-09	-4.500641e+01	-4.417325e+02
3.050000e-06	-5.809423e-06	-6.799639e-09	-4.529096e+01	-4.447391e+02
3.060000e-06	-5.843683e-06	-6.841819e-09	-4.555805e+01	-4.475103e+02
3.070000e-06	-5.875882e-06	-6.879977e-09	-4.580908e+01	-4.500972e+02
3.080000e-06	-5.905824e-06	-6.919811e-09	-4.604251e+01	-4.525411e+02
3.090000e-06	-5.933415e-06	-6.958021e-09	-4.625761e+01	-4.548567e+02
3.100000e-06	-5.958826e-06	-6.988299e-09	-4.645572e+01	-4.570264e+02
3.110000e-06	-5.982074e-06	-7.013258e-09	-4.663696e+01	-4.590109e+02
3.120000e-06	-6.002911e-06	-7.037822e-09	-4.679942e+01	-4.607697e+02
3.130000e-06	-6.021432e-06	-7.065457e-09	-4.694381e+01	-4.622833e+02
3.140000e-06	-6.037819e-06	-7.089732e-09	-4.707156e+01	-4.635659e+02
3.150000e-06	-6.051795e-06	-7.107549e-09	-4.718052e+01	-4.646620e+02
3.160000e-06	-6.063194e-06	-7.122118e-09	-4.726939e+01	-4.656293e+02
3.170000e-06	-6.072213e-06	-7.133551e-09	-4.733970e+01	-4.665130e+02
3.180000e-06	-6.078894e-06	-7.143199e-09	-4.739178e+01	-4.673262e+02
3.190000e-06	-6.083146e-06	-7.150308e-09	-4.742493e+01	-4.680428e+02
3.200000e-06	-6.085156e-06	-7.155793e-09	-4.744061e+01	-4.686103e+02
3.210000e-06	-6.085086e-06	-7.163147e-09	-4.744006e+01	-4.689745e+02
