# Temperatura_=_30.73
# Concentracion g/m^3_=_20500.0
# C_Vs_to_Am_M_A/Vsm_=_65563218390.804596
# pendiente_HvsI_1/m_=_3716.3
# ordenada_HvsI_A/m_=_1297.0
# frecuencia_Hz_=_311485.61670312576

Tiempo_(s)	Campo_(V.s)	Magnetizacion_(V.s)	Campo_(kA/m)	Magnetizacion_(A/m)
0.000000e+00	-6.088609e-06	-7.512412e-09	-4.743234e+01	-4.921465e+02
1.000000e-08	-6.086002e-06	-7.516781e-09	-4.741204e+01	-4.922717e+02
2.000000e-08	-6.081193e-06	-7.521961e-09	-4.737457e+01	-4.922341e+02
3.000000e-08	-6.074345e-06	-7.522863e-09	-4.732122e+01	-4.920764e+02
4.000000e-08	-6.065457e-06	-7.516860e-09	-4.725198e+01	-4.918253e+02
5.000000e-08	-6.054345e-06	-7.509472e-09	-4.716542e+01	-4.914780e+02
6.000000e-08	-6.040896e-06	-7.499579e-09	-4.706064e+01	-4.909994e+02
7.000000e-08	-6.025110e-06	-7.484335e-09	-4.693766e+01	-4.903357e+02
8.000000e-08	-6.006900e-06	-7.484059e-09	-4.679580e+01	-4.894376e+02
9.000000e-08	-5.986409e-06	-7.505756e-09	-4.663617e+01	-4.882878e+02
1.000000e-07	-5.963586e-06	-7.467134e-09	-4.645837e+01	-4.869194e+02
1.100000e-07	-5.938174e-06	-7.421934e-09	-4.626040e+01	-4.854178e+02
1.200000e-07	-5.910252e-06	-7.410055e-09	-4.604288e+01	-4.839022e+02
1.300000e-07	-5.880326e-06	-7.349613e-09	-4.580975e+01	-4.824906e+02
1.400000e-07	-5.848817e-06	-7.285282e-09	-4.556428e+01	-4.812610e+02
1.500000e-07	-5.815641e-06	-7.338699e-09	-4.530583e+01	-4.802208e+02
1.600000e-07	-5.780308e-06	-7.295698e-09	-4.503057e+01	-4.792967e+02
1.700000e-07	-5.742801e-06	-7.235693e-09	-4.473838e+01	-4.783503e+02
1.800000e-07	-5.703332e-06	-7.312799e-09	-4.443090e+01	-4.772139e+02
1.900000e-07	-5.661620e-06	-7.226611e-09	-4.410596e+01	-4.757371e+02
2.000000e-07	-5.617700e-06	-7.185003e-09	-4.376380e+01	-4.738266e+02
2.100000e-07	-5.571679e-06	-7.155453e-09	-4.340528e+01	-4.714684e+02
2.200000e-07	-5.523381e-06	-7.077393e-09	-4.302903e+01	-4.687245e+02
2.300000e-07	-5.472555e-06	-7.081663e-09	-4.263307e+01	-4.657064e+02
2.400000e-07	-5.419165e-06	-7.031036e-09	-4.221714e+01	-4.625371e+02
2.500000e-07	-5.363626e-06	-7.011324e-09	-4.178448e+01	-4.593131e+02
2.600000e-07	-5.306102e-06	-6.967518e-09	-4.133635e+01	-4.560810e+02
2.700000e-07	-5.246421e-06	-6.881735e-09	-4.087141e+01	-4.528331e+02
2.800000e-07	-5.184633e-06	-6.845897e-09	-4.039006e+01	-4.495238e+02
2.900000e-07	-5.120832e-06	-6.778410e-09	-3.989303e+01	-4.460952e+02
3.000000e-07	-5.055081e-06	-6.724986e-09	-3.938081e+01	-4.425034e+02
3.100000e-07	-4.987319e-06	-6.666096e-09	-3.885292e+01	-4.387350e+02
3.200000e-07	-4.917545e-06	-6.619222e-09	-3.830935e+01	-4.348077e+02
3.300000e-07	-4.845883e-06	-6.580861e-09	-3.775108e+01	-4.307587e+02
3.400000e-07	-4.772393e-06	-6.498744e-09	-3.717857e+01	-4.266248e+02
3.500000e-07	-4.696969e-06	-6.443089e-09	-3.659099e+01	-4.224264e+02
3.600000e-07	-4.619449e-06	-6.356864e-09	-3.598708e+01	-4.181590e+02
3.700000e-07	-4.539874e-06	-6.293592e-09	-3.536716e+01	-4.137971e+02
3.800000e-07	-4.458340e-06	-6.236671e-09	-3.473199e+01	-4.093073e+02
3.900000e-07	-4.375046e-06	-6.163453e-09	-3.408310e+01	-4.046628e+02
4.000000e-07	-4.290205e-06	-6.101439e-09	-3.342216e+01	-3.998559e+02
4.100000e-07	-4.203956e-06	-6.021661e-09	-3.275025e+01	-3.948993e+02
4.200000e-07	-4.116310e-06	-5.951688e-09	-3.206746e+01	-3.898205e+02
4.300000e-07	-4.027132e-06	-5.862765e-09	-3.137273e+01	-3.846483e+02
4.400000e-07	-3.936359e-06	-5.776652e-09	-3.066558e+01	-3.794006e+02
4.500000e-07	-3.843964e-06	-5.696434e-09	-2.994579e+01	-3.740772e+02
4.600000e-07	-3.750096e-06	-5.622607e-09	-2.921453e+01	-3.686604e+02
4.700000e-07	-3.654940e-06	-5.546015e-09	-2.847323e+01	-3.631226e+02
4.800000e-07	-3.558405e-06	-5.455684e-09	-2.772119e+01	-3.574383e+02
4.900000e-07	-3.460410e-06	-5.365112e-09	-2.695777e+01	-3.515933e+02
5.000000e-07	-3.360976e-06	-5.265333e-09	-2.618315e+01	-3.455890e+02
5.100000e-07	-3.260178e-06	-5.172108e-09	-2.539790e+01	-3.394401e+02
5.200000e-07	-3.158176e-06	-5.078592e-09	-2.460327e+01	-3.331674e+02
5.300000e-07	-3.055079e-06	-4.984209e-09	-2.380011e+01	-3.267894e+02
5.400000e-07	-2.950853e-06	-4.889685e-09	-2.298815e+01	-3.203156e+02
5.500000e-07	-2.845455e-06	-4.794005e-09	-2.216706e+01	-3.137455e+02
5.600000e-07	-2.738915e-06	-4.694034e-09	-2.133708e+01	-3.070715e+02
5.700000e-07	-2.631203e-06	-4.583791e-09	-2.049797e+01	-3.002844e+02
5.800000e-07	-2.522377e-06	-4.475506e-09	-1.965018e+01	-2.933778e+02
5.900000e-07	-2.412659e-06	-4.368229e-09	-1.879544e+01	-2.863510e+02
6.000000e-07	-2.302133e-06	-4.262823e-09	-1.793441e+01	-2.792066e+02
6.100000e-07	-2.190756e-06	-4.154917e-09	-1.706674e+01	-2.719480e+02
6.200000e-07	-2.078423e-06	-4.043117e-09	-1.619163e+01	-2.645755e+02
6.300000e-07	-1.965157e-06	-3.932068e-09	-1.530925e+01	-2.570857e+02
6.400000e-07	-1.851158e-06	-3.818060e-09	-1.442116e+01	-2.494729e+02
6.500000e-07	-1.736452e-06	-3.700143e-09	-1.352756e+01	-2.417330e+02
6.600000e-07	-1.620898e-06	-3.578409e-09	-1.262735e+01	-2.338671e+02
6.700000e-07	-1.504480e-06	-3.457218e-09	-1.172042e+01	-2.258818e+02
6.800000e-07	-1.387375e-06	-3.337002e-09	-1.080813e+01	-2.177874e+02
6.900000e-07	-1.269802e-06	-3.214214e-09	-9.892191e+00	-2.095929e+02
7.000000e-07	-1.151815e-06	-3.086877e-09	-8.973029e+00	-2.013014e+02
7.100000e-07	-1.033386e-06	-2.954830e-09	-8.050433e+00	-1.929077e+02
7.200000e-07	-9.145413e-07	-2.823514e-09	-7.124589e+00	-1.844000e+02
7.300000e-07	-7.953873e-07	-2.693087e-09	-6.196338e+00	-1.757659e+02
7.400000e-07	-6.760247e-07	-2.561576e-09	-5.266463e+00	-1.669991e+02
7.500000e-07	-5.564597e-07	-2.426823e-09	-4.335011e+00	-1.581044e+02
7.600000e-07	-4.366601e-07	-2.289777e-09	-3.401731e+00	-1.490976e+02
7.700000e-07	-3.166654e-07	-2.151428e-09	-2.466932e+00	-1.400000e+02
7.800000e-07	-1.965740e-07	-2.009994e-09	-1.531379e+00	-1.308281e+02
7.900000e-07	-7.641379e-08	-1.864957e-09	-5.952895e-01	-1.215847e+02
8.000000e-07	4.375856e-08	-1.718758e-09	3.408941e-01	-1.122527e+02
8.100000e-07	1.639188e-07	-1.574530e-09	1.276983e+00	-1.027972e+02
8.200000e-07	2.840437e-07	-1.430282e-09	2.212798e+00	-9.317513e+01
8.300000e-07	4.040913e-07	-1.284328e-09	3.148009e+00	-8.334933e+01
8.400000e-07	5.240040e-07	-1.134053e-09	4.082170e+00	-7.330244e+01
8.500000e-07	6.437240e-07	-9.779459e-10	5.014830e+00	-6.304555e+01
8.600000e-07	7.632106e-07	-8.172019e-10	5.945671e+00	-5.261812e+01
8.700000e-07	8.823963e-07	-6.532970e-10	6.874169e+00	-4.207929e+01
8.800000e-07	1.001302e-06	-4.894409e-10	7.800483e+00	-3.149356e+01
8.900000e-07	1.119879e-06	-3.283939e-10	8.724243e+00	-2.091620e+01
9.000000e-07	1.238063e-06	-1.686237e-10	9.644930e+00	-1.038310e+01
9.100000e-07	1.355826e-06	-8.246524e-12	1.056235e+01	9.172364e-02
9.200000e-07	1.473050e-06	1.507416e-10	1.147556e+01	1.051132e+01
9.300000e-07	1.589615e-06	3.075161e-10	1.238365e+01	2.088665e+01
9.400000e-07	1.705457e-06	4.654172e-10	1.328609e+01	3.122739e+01
9.500000e-07	1.820546e-06	6.245741e-10	1.418268e+01	4.153670e+01
9.600000e-07	1.934872e-06	7.828722e-10	1.507332e+01	5.181153e+01
9.700000e-07	2.048411e-06	9.394855e-10	1.595782e+01	6.204769e+01
9.800000e-07	2.161037e-06	1.093724e-09	1.683521e+01	7.224639e+01
9.900000e-07	2.272767e-06	1.245616e-09	1.770563e+01	8.241885e+01
1.000000e-06	2.383735e-06	1.398336e-09	1.857011e+01	9.258623e+01
1.010000e-06	2.493899e-06	1.553285e-09	1.942832e+01	1.027749e+02
1.020000e-06	2.603199e-06	1.710500e-09	2.027981e+01	1.130085e+02
1.030000e-06	2.711547e-06	1.869670e-09	2.112388e+01	1.233012e+02
1.040000e-06	2.818799e-06	2.029838e-09	2.195941e+01	1.336538e+02
1.050000e-06	2.924928e-06	2.187621e-09	2.278619e+01	1.440553e+02
1.060000e-06	3.029819e-06	2.345961e-09	2.360333e+01	1.544889e+02
1.070000e-06	3.133398e-06	2.505110e-09	2.441024e+01	1.649389e+02
1.080000e-06	3.235837e-06	2.666730e-09	2.520827e+01	1.753968e+02
1.090000e-06	3.337207e-06	2.828734e-09	2.599799e+01	1.858622e+02
1.100000e-06	3.437319e-06	2.990143e-09	2.677789e+01	1.963403e+02
1.110000e-06	3.535930e-06	3.152836e-09	2.754610e+01	2.068354e+02
1.120000e-06	3.633028e-06	3.313546e-09	2.830253e+01	2.173448e+02
1.130000e-06	3.728745e-06	3.474135e-09	2.904819e+01	2.278551e+02
1.140000e-06	3.823191e-06	3.632396e-09	2.978396e+01	2.383430e+02
1.150000e-06	3.916338e-06	3.788243e-09	3.050961e+01	2.487797e+02
1.160000e-06	4.008073e-06	3.943841e-09	3.122426e+01	2.591372e+02
1.170000e-06	4.098223e-06	4.099804e-09	3.192656e+01	2.693933e+02
1.180000e-06	4.186671e-06	4.255356e-09	3.261560e+01	2.795335e+02
1.190000e-06	4.273582e-06	4.410564e-09	3.329266e+01	2.895490e+02
1.200000e-06	4.359029e-06	4.563684e-09	3.395833e+01	2.994318e+02
1.210000e-06	4.442941e-06	4.714983e-09	3.461203e+01	3.091698e+02
1.220000e-06	4.525149e-06	4.860732e-09	3.525246e+01	3.187439e+02
1.230000e-06	4.605469e-06	5.001586e-09	3.587817e+01	3.281282e+02
1.240000e-06	4.684009e-06	5.139467e-09	3.649003e+01	3.372935e+02
1.250000e-06	4.760812e-06	5.275202e-09	3.708835e+01	3.462124e+02
1.260000e-06	4.835649e-06	5.408730e-09	3.767135e+01	3.548639e+02
1.270000e-06	4.908432e-06	5.538968e-09	3.823836e+01	3.632350e+02
1.280000e-06	4.979352e-06	5.665765e-09	3.879085e+01	3.713204e+02
1.290000e-06	5.048495e-06	5.788998e-09	3.932950e+01	3.791191e+02
1.300000e-06	5.115712e-06	5.906199e-09	3.985314e+01	3.866313e+02
1.310000e-06	5.180853e-06	6.013530e-09	4.036061e+01	3.938572e+02
1.320000e-06	5.244050e-06	6.114016e-09	4.085294e+01	4.007964e+02
1.330000e-06	5.305449e-06	6.212524e-09	4.133126e+01	4.074498e+02
1.340000e-06	5.364865e-06	6.311428e-09	4.179413e+01	4.138219e+02
1.350000e-06	5.422132e-06	6.406457e-09	4.224026e+01	4.199204e+02
1.360000e-06	5.477337e-06	6.496230e-09	4.267033e+01	4.257556e+02
1.370000e-06	5.530354e-06	6.580522e-09	4.308334e+01	4.313368e+02
1.380000e-06	5.580841e-06	6.661139e-09	4.347666e+01	4.366698e+02
1.390000e-06	5.628918e-06	6.737910e-09	4.385119e+01	4.417550e+02
1.400000e-06	5.674939e-06	6.809968e-09	4.420971e+01	4.465890e+02
1.410000e-06	5.719019e-06	6.878665e-09	4.455311e+01	4.511678e+02
1.420000e-06	5.760848e-06	6.945016e-09	4.487897e+01	4.554907e+02
1.430000e-06	5.800361e-06	7.008087e-09	4.518679e+01	4.595629e+02
1.440000e-06	5.837870e-06	7.066497e-09	4.547900e+01	4.633945e+02
1.450000e-06	5.873283e-06	7.120802e-09	4.575488e+01	4.669971e+02
1.460000e-06	5.906316e-06	7.172714e-09	4.601222e+01	4.703786e+02
1.470000e-06	5.937106e-06	7.222130e-09	4.625208e+01	4.735386e+02
1.480000e-06	5.965866e-06	7.266140e-09	4.647614e+01	4.764689e+02
1.490000e-06	5.992376e-06	7.305681e-09	4.668265e+01	4.791567e+02
1.500000e-06	6.016482e-06	7.341593e-09	4.687045e+01	4.815921e+02
1.510000e-06	6.038379e-06	7.374439e-09	4.704104e+01	4.837755e+02
1.520000e-06	6.058142e-06	7.403628e-09	4.719499e+01	4.857214e+02
1.530000e-06	6.075553e-06	7.430048e-09	4.733063e+01	4.874559e+02
1.540000e-06	6.090504e-06	7.455424e-09	4.744711e+01	4.890087e+02
1.550000e-06	6.102975e-06	7.477606e-09	4.754426e+01	4.904029e+02
1.560000e-06	6.112894e-06	7.495098e-09	4.762153e+01	4.916452e+02
1.570000e-06	6.120443e-06	7.508625e-09	4.768034e+01	4.927239e+02
1.580000e-06	6.125814e-06	7.520550e-09	4.772218e+01	4.936141e+02
1.590000e-06	6.128851e-06	7.532409e-09	4.774584e+01	4.942900e+02
1.600000e-06	6.129481e-06	7.541956e-09	4.775075e+01	4.947387e+02
1.610000e-06	6.127972e-06	7.543320e-09	4.773899e+01	4.949698e+02
1.620000e-06	6.124442e-06	7.545749e-09	4.771149e+01	4.950151e+02
1.630000e-06	6.118672e-06	7.545401e-09	4.766655e+01	4.949183e+02
1.640000e-06	6.110752e-06	7.541353e-09	4.760484e+01	4.947168e+02
1.650000e-06	6.100788e-06	7.536345e-09	4.752722e+01	4.944248e+02
1.660000e-06	6.088549e-06	7.530234e-09	4.743187e+01	4.940238e+02
1.670000e-06	6.073971e-06	7.530007e-09	4.731831e+01	4.934676e+02
1.680000e-06	6.057403e-06	7.495641e-09	4.718924e+01	4.927012e+02
1.690000e-06	6.038729e-06	7.440823e-09	4.704376e+01	4.916869e+02
1.700000e-06	6.017077e-06	7.449258e-09	4.687508e+01	4.904294e+02
1.710000e-06	5.992275e-06	7.442546e-09	4.668187e+01	4.889871e+02
1.720000e-06	5.965014e-06	7.434981e-09	4.646950e+01	4.874646e+02
1.730000e-06	5.935792e-06	7.486666e-09	4.624185e+01	4.859855e+02
1.740000e-06	5.904999e-06	7.395550e-09	4.600195e+01	4.846538e+02
1.750000e-06	5.872735e-06	7.314160e-09	4.575061e+01	4.835174e+02
1.760000e-06	5.838396e-06	7.406795e-09	4.548310e+01	4.825462e+02
1.770000e-06	5.801824e-06	7.348039e-09	4.519819e+01	4.816330e+02
1.780000e-06	5.763214e-06	7.368492e-09	4.489740e+01	4.806206e+02
1.790000e-06	5.722316e-06	7.383202e-09	4.457880e+01	4.793435e+02
1.800000e-06	5.679291e-06	7.278565e-09	4.424362e+01	4.776736e+02
1.810000e-06	5.634209e-06	7.355605e-09	4.389241e+01	4.755534e+02
1.820000e-06	5.586877e-06	7.254957e-09	4.352368e+01	4.730058e+02
1.830000e-06	5.537385e-06	7.188601e-09	4.313812e+01	4.701204e+02
1.840000e-06	5.485441e-06	7.172726e-09	4.273346e+01	4.670189e+02
1.850000e-06	5.431030e-06	7.043694e-09	4.230957e+01	4.638163e+02
1.860000e-06	5.374521e-06	7.097427e-09	4.186935e+01	4.605875e+02
1.870000e-06	5.316010e-06	7.014227e-09	4.141353e+01	4.573531e+02
1.880000e-06	5.255523e-06	6.939181e-09	4.094232e+01	4.540852e+02
1.890000e-06	5.192894e-06	6.930413e-09	4.045442e+01	4.507286e+02
1.900000e-06	5.128217e-06	6.819168e-09	3.995056e+01	4.472293e+02
1.910000e-06	5.061606e-06	6.811863e-09	3.943164e+01	4.435565e+02
1.920000e-06	4.992962e-06	6.698551e-09	3.889687e+01	4.397118e+02
1.930000e-06	4.922239e-06	6.663455e-09	3.834592e+01	4.357243e+02
1.940000e-06	4.849476e-06	6.621396e-09	3.777908e+01	4.316333e+02
1.950000e-06	4.774854e-06	6.542295e-09	3.719774e+01	4.274697e+02
1.960000e-06	4.698209e-06	6.517166e-09	3.660065e+01	4.232425e+02
1.970000e-06	4.619526e-06	6.378873e-09	3.598768e+01	4.189366e+02
1.980000e-06	4.539113e-06	6.337691e-09	3.536124e+01	4.145207e+02
1.990000e-06	4.457091e-06	6.257026e-09	3.472226e+01	4.099627e+02
2.000000e-06	4.373412e-06	6.196025e-09	3.407037e+01	4.052438e+02
2.010000e-06	4.287903e-06	6.126754e-09	3.340422e+01	4.003660e+02
2.020000e-06	4.200654e-06	6.033554e-09	3.272453e+01	3.953502e+02
2.030000e-06	4.111912e-06	5.982291e-09	3.203319e+01	3.902261e+02
2.040000e-06	4.021776e-06	5.887301e-09	3.133101e+01	3.850189e+02
2.050000e-06	3.930209e-06	5.814644e-09	3.061767e+01	3.797386e+02
2.060000e-06	3.837078e-06	5.702997e-09	2.989215e+01	3.743762e+02
2.070000e-06	3.742396e-06	5.630210e-09	2.915455e+01	3.689081e+02
2.080000e-06	3.646309e-06	5.548022e-09	2.840599e+01	3.633062e+02
2.090000e-06	3.548953e-06	5.468966e-09	2.764755e+01	3.575495e+02
2.100000e-06	3.450257e-06	5.381920e-09	2.687868e+01	3.516307e+02
2.110000e-06	3.350220e-06	5.276977e-09	2.609936e+01	3.455581e+02
2.120000e-06	3.248838e-06	5.192465e-09	2.530956e+01	3.393504e+02
2.130000e-06	3.146135e-06	5.084671e-09	2.450947e+01	3.330283e+02
2.140000e-06	3.042239e-06	4.990925e-09	2.370008e+01	3.266066e+02
2.150000e-06	2.937231e-06	4.877618e-09	2.288204e+01	3.200900e+02
2.160000e-06	2.831166e-06	4.785034e-09	2.205575e+01	3.134741e+02
2.170000e-06	2.724059e-06	4.685968e-09	2.122135e+01	3.067500e+02
2.180000e-06	2.616019e-06	4.582350e-09	2.037968e+01	2.999091e+02
2.190000e-06	2.506980e-06	4.475943e-09	1.953023e+01	2.929479e+02
2.200000e-06	2.396858e-06	4.361572e-09	1.867234e+01	2.858673e+02
2.210000e-06	2.285700e-06	4.257775e-09	1.780638e+01	2.786709e+02
2.220000e-06	2.173694e-06	4.144888e-09	1.693382e+01	2.713609e+02
2.230000e-06	2.060917e-06	4.028540e-09	1.605525e+01	2.639359e+02
2.240000e-06	1.947257e-06	3.909511e-09	1.516980e+01	2.563909e+02
2.250000e-06	1.832738e-06	3.796150e-09	1.427765e+01	2.487207e+02
2.260000e-06	1.717388e-06	3.677008e-09	1.337904e+01	2.409232e+02
2.270000e-06	1.601330e-06	3.554500e-09	1.247491e+01	2.330020e+02
2.280000e-06	1.484671e-06	3.424538e-09	1.156609e+01	2.249660e+02
2.290000e-06	1.367432e-06	3.300901e-09	1.065276e+01	2.168256e+02
2.300000e-06	1.249566e-06	3.179180e-09	9.734543e+00	2.085875e+02
2.310000e-06	1.131111e-06	3.057019e-09	8.811739e+00	2.002510e+02
2.320000e-06	1.012126e-06	2.928707e-09	7.884804e+00	1.918073e+02
2.330000e-06	8.927352e-07	2.795063e-09	6.954712e+00	1.832435e+02
2.340000e-06	7.731384e-07	2.663143e-09	6.023012e+00	1.745493e+02
2.350000e-06	6.532909e-07	2.527205e-09	5.089359e+00	1.657231e+02
2.360000e-06	5.331991e-07	2.390067e-09	4.153803e+00	1.567752e+02
2.370000e-06	4.129387e-07	2.247519e-09	3.216933e+00	1.477249e+02
2.380000e-06	2.925433e-07	2.111856e-09	2.279012e+00	1.385927e+02
2.390000e-06	1.720578e-07	1.979898e-09	1.340389e+00	1.293897e+02
2.400000e-06	5.154688e-08	1.841230e-09	4.015678e-01	1.201098e+02
2.410000e-06	-6.895275e-08	1.694506e-09	-5.371654e-01	1.107269e+02
2.420000e-06	-1.894193e-07	1.543199e-09	-1.475641e+00	1.012007e+02
2.430000e-06	-3.098510e-07	1.393015e-09	-2.413845e+00	9.148908e+01
2.440000e-06	-4.302020e-07	1.243058e-09	-3.351420e+00	8.156248e+01
2.450000e-06	-5.503782e-07	1.086303e-09	-4.287634e+00	7.141618e+01
2.460000e-06	-6.703593e-07	9.270802e-10	-5.222328e+00	6.107502e+01
2.470000e-06	-7.901083e-07	7.693946e-10	-6.155214e+00	5.058913e+01
2.480000e-06	-9.095595e-07	6.133124e-10	-7.085779e+00	4.002206e+01
2.490000e-06	-1.028591e-06	4.535379e-10	-8.013076e+00	2.943567e+01
2.500000e-06	-1.147118e-06	2.882159e-10	-8.936440e+00	1.887705e+01
2.510000e-06	-1.265125e-06	1.235432e-10	-9.855754e+00	8.371788e+00
2.520000e-06	-1.382604e-06	-3.762218e-11	-1.077096e+01	-2.074994e+00
2.530000e-06	-1.499516e-06	-1.935703e-10	-1.168174e+01	-1.247127e+01
2.540000e-06	-1.615768e-06	-3.493198e-10	-1.258738e+01	-2.282837e+01
2.550000e-06	-1.731272e-06	-5.060544e-10	-1.348720e+01	-3.315327e+01
2.560000e-06	-1.845937e-06	-6.636392e-10	-1.438048e+01	-4.344587e+01
2.570000e-06	-1.959745e-06	-8.224147e-10	-1.526708e+01	-5.370178e+01
2.580000e-06	-2.072662e-06	-9.802637e-10	-1.614674e+01	-6.391855e+01
2.590000e-06	-2.184655e-06	-1.136382e-09	-1.701921e+01	-7.410170e+01
2.600000e-06	-2.295705e-06	-1.292174e-09	-1.788432e+01	-8.426739e+01
2.610000e-06	-2.405736e-06	-1.449597e-09	-1.874150e+01	-9.444003e+01
2.620000e-06	-2.514799e-06	-1.606789e-09	-1.959114e+01	-1.046457e+02
2.630000e-06	-2.622970e-06	-1.761314e-09	-2.043383e+01	-1.149045e+02
2.640000e-06	-2.730266e-06	-1.917953e-09	-2.126970e+01	-1.252244e+02
2.650000e-06	-2.836622e-06	-2.077191e-09	-2.209825e+01	-1.356003e+02
2.660000e-06	-2.941958e-06	-2.236920e-09	-2.291886e+01	-1.460176e+02
2.670000e-06	-3.046221e-06	-2.395823e-09	-2.373110e+01	-1.564592e+02
2.680000e-06	-3.149295e-06	-2.552842e-09	-2.453408e+01	-1.669121e+02
2.690000e-06	-3.251023e-06	-2.710460e-09	-2.532658e+01	-1.773717e+02
2.700000e-06	-3.351386e-06	-2.868229e-09	-2.610844e+01	-1.878410e+02
2.710000e-06	-3.450417e-06	-3.026559e-09	-2.687992e+01	-1.983254e+02
2.720000e-06	-3.548173e-06	-3.184424e-09	-2.764148e+01	-2.088268e+02
2.730000e-06	-3.644727e-06	-3.344793e-09	-2.839367e+01	-2.193377e+02
2.740000e-06	-3.739996e-06	-3.508844e-09	-2.913585e+01	-2.298396e+02
2.750000e-06	-3.833861e-06	-3.672313e-09	-2.986709e+01	-2.403061e+02
2.760000e-06	-3.926165e-06	-3.831164e-09	-3.058616e+01	-2.507080e+02
2.770000e-06	-4.016933e-06	-3.985897e-09	-3.129328e+01	-2.610194e+02
2.780000e-06	-4.106215e-06	-4.140145e-09	-3.198882e+01	-2.712218e+02
2.790000e-06	-4.193953e-06	-4.294154e-09	-3.267233e+01	-2.813037e+02
2.800000e-06	-4.280080e-06	-4.446038e-09	-3.334328e+01	-2.912573e+02
2.810000e-06	-4.364486e-06	-4.594344e-09	-3.400084e+01	-3.010735e+02
2.820000e-06	-4.447232e-06	-4.742445e-09	-3.464546e+01	-3.107370e+02
2.830000e-06	-4.528466e-06	-4.890822e-09	-3.527829e+01	-3.202252e+02
2.840000e-06	-4.608109e-06	-5.032802e-09	-3.589874e+01	-3.295101e+02
2.850000e-06	-4.685837e-06	-5.166898e-09	-3.650427e+01	-3.385628e+02
2.860000e-06	-4.761433e-06	-5.299102e-09	-3.709319e+01	-3.473584e+02
2.870000e-06	-4.835109e-06	-5.430300e-09	-3.766715e+01	-3.558795e+02
2.880000e-06	-4.906957e-06	-5.557857e-09	-3.822687e+01	-3.641171e+02
2.890000e-06	-4.976855e-06	-5.676265e-09	-3.877140e+01	-3.720680e+02
2.900000e-06	-5.044751e-06	-5.788837e-09	-3.930034e+01	-3.797323e+02
2.910000e-06	-5.110729e-06	-5.902475e-09	-3.981432e+01	-3.871103e+02
2.920000e-06	-5.174886e-06	-6.014076e-09	-4.031413e+01	-3.942018e+02
2.930000e-06	-5.237063e-06	-6.116351e-09	-4.079851e+01	-4.010067e+02
2.940000e-06	-5.297097e-06	-6.209953e-09	-4.126620e+01	-4.075275e+02
2.950000e-06	-5.355119e-06	-6.305602e-09	-4.171821e+01	-4.137700e+02
2.960000e-06	-5.411237e-06	-6.404723e-09	-4.215538e+01	-4.197437e+02
2.970000e-06	-5.465241e-06	-6.497945e-09	-4.257609e+01	-4.254587e+02
2.980000e-06	-5.516821e-06	-6.578937e-09	-4.297792e+01	-4.309229e+02
2.990000e-06	-5.565933e-06	-6.653081e-09	-4.336052e+01	-4.361398e+02
3.000000e-06	-5.612686e-06	-6.727400e-09	-4.372474e+01	-4.411076e+02
3.010000e-06	-5.657354e-06	-6.800951e-09	-4.407272e+01	-4.458222e+02
3.020000e-06	-5.700166e-06	-6.868240e-09	-4.440624e+01	-4.502807e+02
3.030000e-06	-5.740983e-06	-6.931458e-09	-4.472422e+01	-4.544849e+02
3.040000e-06	-5.779693e-06	-6.995195e-09	-4.502578e+01	-4.584426e+02
3.050000e-06	-5.816136e-06	-7.057979e-09	-4.530969e+01	-4.621652e+02
3.060000e-06	-5.850355e-06	-7.112886e-09	-4.557627e+01	-4.656633e+02
3.070000e-06	-5.882447e-06	-7.159821e-09	-4.582627e+01	-4.689413e+02
3.080000e-06	-5.912224e-06	-7.203223e-09	-4.605824e+01	-4.719948e+02
3.090000e-06	-5.939649e-06	-7.246919e-09	-4.627189e+01	-4.748128e+02
3.100000e-06	-5.964878e-06	-7.287289e-09	-4.646844e+01	-4.773828e+02
3.110000e-06	-5.987949e-06	-7.320048e-09	-4.664816e+01	-4.796990e+02
3.120000e-06	-6.008658e-06	-7.348979e-09	-4.680950e+01	-4.817683e+02
3.130000e-06	-6.027118e-06	-7.381488e-09	-4.695331e+01	-4.836110e+02
3.140000e-06	-6.043480e-06	-7.414519e-09	-4.708077e+01	-4.852563e+02
3.150000e-06	-6.057410e-06	-7.438630e-09	-4.718929e+01	-4.867321e+02
3.160000e-06	-6.068696e-06	-7.455585e-09	-4.727722e+01	-4.880547e+02
3.170000e-06	-6.077587e-06	-7.469891e-09	-4.734648e+01	-4.892223e+02
3.180000e-06	-6.084178e-06	-7.486148e-09	-4.739782e+01	-4.902157e+02
3.190000e-06	-6.088338e-06	-7.498139e-09	-4.743023e+01	-4.910078e+02
3.200000e-06	-6.090210e-06	-7.502952e-09	-4.744481e+01	-4.915773e+02
3.210000e-06	-6.089962e-06	-7.507717e-09	-4.744288e+01	-4.919210e+02
