# Temperatura_=_32.13
# Concentracion g/m^3_=_20500.0
# C_Vs_to_Am_M_A/Vsm_=_65563218390.804596
# pendiente_HvsI_1/m_=_3716.3
# ordenada_HvsI_A/m_=_1297.0
# frecuencia_Hz_=_311483.41676039883

Tiempo_(s)	Campo_(V.s)	Magnetizacion_(V.s)	Campo_(kA/m)	Magnetizacion_(A/m)
0.000000e+00	-6.101546e-06	-7.087782e-09	-4.743269e+01	-4.640276e+02
1.000000e-08	-6.099181e-06	-7.095508e-09	-4.741431e+01	-4.641126e+02
2.000000e-08	-6.094624e-06	-7.099607e-09	-4.737888e+01	-4.640019e+02
3.000000e-08	-6.088085e-06	-7.099156e-09	-4.732805e+01	-4.637602e+02
4.000000e-08	-6.079553e-06	-7.093368e-09	-4.726172e+01	-4.634517e+02
5.000000e-08	-6.068719e-06	-7.087695e-09	-4.717750e+01	-4.631086e+02
6.000000e-08	-6.055461e-06	-7.079428e-09	-4.707443e+01	-4.627118e+02
7.000000e-08	-6.039813e-06	-7.064912e-09	-4.695279e+01	-4.621954e+02
8.000000e-08	-6.021842e-06	-7.061110e-09	-4.681308e+01	-4.614758e+02
9.000000e-08	-6.001692e-06	-7.091604e-09	-4.665644e+01	-4.604947e+02
1.000000e-07	-5.979163e-06	-7.058401e-09	-4.648130e+01	-4.592583e+02
1.100000e-07	-5.954005e-06	-7.006840e-09	-4.628572e+01	-4.578539e+02
1.200000e-07	-5.926287e-06	-6.999925e-09	-4.607025e+01	-4.564341e+02
1.300000e-07	-5.896516e-06	-6.953509e-09	-4.583882e+01	-4.551695e+02
1.400000e-07	-5.865184e-06	-6.886557e-09	-4.559524e+01	-4.541873e+02
1.500000e-07	-5.832180e-06	-6.948607e-09	-4.533867e+01	-4.535166e+02
1.600000e-07	-5.796942e-06	-6.911599e-09	-4.506474e+01	-4.530649e+02
1.700000e-07	-5.759596e-06	-6.827945e-09	-4.477441e+01	-4.526355e+02
1.800000e-07	-5.720365e-06	-6.922555e-09	-4.446944e+01	-4.519830e+02
1.900000e-07	-5.678828e-06	-6.836461e-09	-4.414654e+01	-4.508883e+02
2.000000e-07	-5.635065e-06	-6.784865e-09	-4.380632e+01	-4.492262e+02
2.100000e-07	-5.589181e-06	-6.774986e-09	-4.344963e+01	-4.470018e+02
2.200000e-07	-5.541018e-06	-6.692957e-09	-4.307521e+01	-4.443425e+02
2.300000e-07	-5.490396e-06	-6.700276e-09	-4.268168e+01	-4.414494e+02
2.400000e-07	-5.437243e-06	-6.663712e-09	-4.226848e+01	-4.385263e+02
2.500000e-07	-5.381880e-06	-6.648085e-09	-4.183810e+01	-4.357130e+02
2.600000e-07	-5.324452e-06	-6.605900e-09	-4.139166e+01	-4.330463e+02
2.700000e-07	-5.264889e-06	-6.530457e-09	-4.092862e+01	-4.304619e+02
2.800000e-07	-5.203282e-06	-6.509366e-09	-4.044970e+01	-4.278322e+02
2.900000e-07	-5.139697e-06	-6.445135e-09	-3.995539e+01	-4.250236e+02
3.000000e-07	-5.074078e-06	-6.408776e-09	-3.944528e+01	-4.219508e+02
3.100000e-07	-5.006381e-06	-6.363177e-09	-3.891901e+01	-4.186053e+02
3.200000e-07	-4.936695e-06	-6.312073e-09	-3.837728e+01	-4.150516e+02
3.300000e-07	-4.865174e-06	-6.285464e-09	-3.782128e+01	-4.113938e+02
3.400000e-07	-4.791747e-06	-6.206836e-09	-3.725047e+01	-4.077291e+02
3.500000e-07	-4.716312e-06	-6.149038e-09	-3.666405e+01	-4.041086e+02
3.600000e-07	-4.638794e-06	-6.072858e-09	-3.606143e+01	-4.005203e+02
3.700000e-07	-4.559176e-06	-6.023321e-09	-3.544249e+01	-3.968996e+02
3.800000e-07	-4.477688e-06	-5.980539e-09	-3.480901e+01	-3.931604e+02
3.900000e-07	-4.394519e-06	-5.924496e-09	-3.416247e+01	-3.892330e+02
4.000000e-07	-4.309770e-06	-5.877205e-09	-3.350364e+01	-3.850911e+02
4.100000e-07	-4.223571e-06	-5.802568e-09	-3.283354e+01	-3.807580e+02
4.200000e-07	-4.135953e-06	-5.735873e-09	-3.215241e+01	-3.762916e+02
4.300000e-07	-4.046767e-06	-5.653113e-09	-3.145908e+01	-3.717549e+02
4.400000e-07	-3.955894e-06	-5.579011e-09	-3.075265e+01	-3.671872e+02
4.500000e-07	-3.863436e-06	-5.514315e-09	-3.003389e+01	-3.625874e+02
4.600000e-07	-3.769562e-06	-5.451968e-09	-2.930413e+01	-3.579166e+02
4.700000e-07	-3.674387e-06	-5.387329e-09	-2.856425e+01	-3.531165e+02
4.800000e-07	-3.577805e-06	-5.309809e-09	-2.781343e+01	-3.481351e+02
4.900000e-07	-3.479705e-06	-5.227350e-09	-2.705081e+01	-3.429481e+02
5.000000e-07	-3.380196e-06	-5.136384e-09	-2.627724e+01	-3.375665e+02
5.100000e-07	-3.279352e-06	-5.054478e-09	-2.549329e+01	-3.320285e+02
5.200000e-07	-3.177309e-06	-4.971998e-09	-2.470002e+01	-3.263814e+02
5.300000e-07	-3.074191e-06	-4.886626e-09	-2.389840e+01	-3.206608e+02
5.400000e-07	-2.969930e-06	-4.800592e-09	-2.308788e+01	-3.148783e+02
5.500000e-07	-2.864376e-06	-4.711205e-09	-2.226732e+01	-3.090207e+02
5.600000e-07	-2.757616e-06	-4.619460e-09	-2.143738e+01	-3.030608e+02
5.700000e-07	-2.649839e-06	-4.521499e-09	-2.059953e+01	-2.969728e+02
5.800000e-07	-2.541028e-06	-4.427293e-09	-1.975365e+01	-2.907445e+02
5.900000e-07	-2.431223e-06	-4.334309e-09	-1.890004e+01	-2.843809e+02
6.000000e-07	-2.320586e-06	-4.241241e-09	-1.803996e+01	-2.778974e+02
6.100000e-07	-2.209115e-06	-4.142046e-09	-1.717340e+01	-2.713086e+02
6.200000e-07	-2.096646e-06	-4.035138e-09	-1.629907e+01	-2.646165e+02
6.300000e-07	-1.983236e-06	-3.929771e-09	-1.541744e+01	-2.578080e+02
6.400000e-07	-1.868996e-06	-3.826536e-09	-1.452935e+01	-2.508599e+02
6.500000e-07	-1.753929e-06	-3.723711e-09	-1.363483e+01	-2.437518e+02
6.600000e-07	-1.638093e-06	-3.613872e-09	-1.273434e+01	-2.364779e+02
6.700000e-07	-1.521564e-06	-3.501988e-09	-1.182846e+01	-2.290526e+02
6.800000e-07	-1.404355e-06	-3.391852e-09	-1.091729e+01	-2.215065e+02
6.900000e-07	-1.286540e-06	-3.277607e-09	-1.000141e+01	-2.138727e+02
7.000000e-07	-1.168273e-06	-3.157525e-09	-9.082017e+00	-2.061712e+02
7.100000e-07	-1.049639e-06	-3.032519e-09	-8.159765e+00	-1.983987e+02
7.200000e-07	-9.306648e-07	-2.910999e-09	-7.234878e+00	-1.905279e+02
7.300000e-07	-8.114223e-07	-2.794018e-09	-6.307901e+00	-1.825197e+02
7.400000e-07	-6.919411e-07	-2.673869e-09	-5.379068e+00	-1.743410e+02
7.500000e-07	-5.721628e-07	-2.546693e-09	-4.447926e+00	-1.659806e+02
7.600000e-07	-4.520914e-07	-2.416388e-09	-3.514504e+00	-1.574557e+02
7.700000e-07	-3.318418e-07	-2.285901e-09	-2.579699e+00	-1.488045e+02
7.800000e-07	-2.114943e-07	-2.153613e-09	-1.644132e+00	-1.400674e+02
7.900000e-07	-9.104811e-08	-2.016190e-09	-7.077972e-01	-1.312652e+02
8.000000e-07	2.945879e-08	-1.875320e-09	2.290092e-01	-1.223840e+02
8.100000e-07	1.499697e-07	-1.737621e-09	1.165846e+00	-1.133746e+02
8.200000e-07	2.704318e-07	-1.603161e-09	2.102304e+00	-1.041681e+02
8.300000e-07	3.907569e-07	-1.464281e-09	3.037698e+00	-9.470168e+01
8.400000e-07	5.109416e-07	-1.313804e-09	3.971999e+00	-8.494511e+01
8.500000e-07	6.309851e-07	-1.155786e-09	4.905203e+00	-7.491634e+01
8.600000e-07	7.507744e-07	-9.962906e-10	5.836431e+00	-6.467967e+01
8.700000e-07	8.702546e-07	-8.376667e-10	6.765256e+00	-5.432683e+01
8.800000e-07	9.893970e-07	-6.797950e-10	7.691455e+00	-4.394843e+01
8.900000e-07	1.108208e-06	-5.237152e-10	8.615076e+00	-3.360745e+01
9.000000e-07	1.226632e-06	-3.709413e-10	9.535690e+00	-2.332491e+01
9.100000e-07	1.344615e-06	-2.170558e-10	1.045288e+01	-1.308308e+01
9.200000e-07	1.462138e-06	-5.967916e-11	1.136649e+01	-2.843555e+00
9.300000e-07	1.579046e-06	9.850119e-11	1.227531e+01	7.428547e+00
9.400000e-07	1.695241e-06	2.579725e-10	1.317860e+01	1.774534e+01
9.500000e-07	1.810697e-06	4.175550e-10	1.407615e+01	2.809047e+01
9.600000e-07	1.925376e-06	5.758793e-10	1.496764e+01	3.842900e+01
9.700000e-07	2.039202e-06	7.319278e-10	1.585251e+01	4.872791e+01
9.800000e-07	2.152144e-06	8.851998e-10	1.673051e+01	5.897723e+01
9.900000e-07	2.264214e-06	1.037445e-09	1.760173e+01	6.920151e+01
1.000000e-06	2.375413e-06	1.191735e-09	1.846617e+01	7.945603e+01
1.010000e-06	2.485790e-06	1.349940e-09	1.932423e+01	8.980845e+01
1.020000e-06	2.595367e-06	1.512827e-09	2.017608e+01	1.003139e+02
1.030000e-06	2.704049e-06	1.679243e-09	2.102095e+01	1.109942e+02
1.040000e-06	2.811685e-06	1.845373e-09	2.185771e+01	1.218299e+02
1.050000e-06	2.918186e-06	2.009020e-09	2.268563e+01	1.327688e+02
1.060000e-06	3.023466e-06	2.175021e-09	2.350407e+01	1.437472e+02
1.070000e-06	3.127471e-06	2.344128e-09	2.431258e+01	1.547141e+02
1.080000e-06	3.230250e-06	2.513203e-09	2.511158e+01	1.656479e+02
1.090000e-06	3.331914e-06	2.680990e-09	2.590190e+01	1.765586e+02
1.100000e-06	3.432416e-06	2.847729e-09	2.668319e+01	1.874752e+02
1.110000e-06	3.531539e-06	3.017715e-09	2.745377e+01	1.984233e+02
1.120000e-06	3.629174e-06	3.187470e-09	2.821276e+01	2.094045e+02
1.130000e-06	3.725306e-06	3.354955e-09	2.896009e+01	2.203860e+02
1.140000e-06	3.820019e-06	3.521061e-09	2.969638e+01	2.313053e+02
1.150000e-06	3.913449e-06	3.685468e-09	3.042269e+01	2.420877e+02
1.160000e-06	4.005549e-06	3.847380e-09	3.113866e+01	2.526696e+02
1.170000e-06	4.096104e-06	4.004052e-09	3.184263e+01	2.630157e+02
1.180000e-06	4.184964e-06	4.156145e-09	3.253342e+01	2.731242e+02
1.190000e-06	4.272205e-06	4.306789e-09	3.321162e+01	2.830173e+02
1.200000e-06	4.357925e-06	4.457158e-09	3.387799e+01	2.927214e+02
1.210000e-06	4.442116e-06	4.605504e-09	3.453248e+01	3.022469e+02
1.220000e-06	4.524670e-06	4.748133e-09	3.517425e+01	3.115754e+02
1.230000e-06	4.605476e-06	4.885314e-09	3.580243e+01	3.206611e+02
1.240000e-06	4.684536e-06	5.019209e-09	3.641703e+01	3.294445e+02
1.250000e-06	4.761772e-06	5.148860e-09	3.701745e+01	3.378724e+02
1.260000e-06	4.836956e-06	5.272380e-09	3.760192e+01	3.459159e+02
1.270000e-06	4.910102e-06	5.387246e-09	3.817055e+01	3.535770e+02
1.280000e-06	4.981362e-06	5.498485e-09	3.872452e+01	3.608837e+02
1.290000e-06	5.050775e-06	5.610678e-09	3.926412e+01	3.678748e+02
1.300000e-06	5.118289e-06	5.718951e-09	3.978897e+01	3.745823e+02
1.310000e-06	5.183792e-06	5.816329e-09	4.029819e+01	3.810204e+02
1.320000e-06	5.247305e-06	5.904008e-09	4.079193e+01	3.871839e+02
1.330000e-06	5.308979e-06	5.989810e-09	4.127137e+01	3.930575e+02
1.340000e-06	5.368819e-06	6.074780e-09	4.173656e+01	3.986300e+02
1.350000e-06	5.426517e-06	6.154358e-09	4.218509e+01	4.039060e+02
1.360000e-06	5.482011e-06	6.229718e-09	4.261650e+01	4.089086e+02
1.370000e-06	5.535368e-06	6.304314e-09	4.303129e+01	4.136725e+02
1.380000e-06	5.586313e-06	6.377424e-09	4.342733e+01	4.182305e+02
1.390000e-06	5.634822e-06	6.444552e-09	4.380443e+01	4.225998e+02
1.400000e-06	5.681194e-06	6.503310e-09	4.416492e+01	4.267758e+02
1.410000e-06	5.725579e-06	6.558911e-09	4.450997e+01	4.307353e+02
1.420000e-06	5.767729e-06	6.616282e-09	4.483764e+01	4.344500e+02
1.430000e-06	5.807563e-06	6.672677e-09	4.514731e+01	4.379017e+02
1.440000e-06	5.845349e-06	6.723141e-09	4.544105e+01	4.410923e+02
1.450000e-06	5.881067e-06	6.768322e-09	4.571872e+01	4.440448e+02
1.460000e-06	5.914465e-06	6.810685e-09	4.597835e+01	4.467926e+02
1.470000e-06	5.945629e-06	6.849928e-09	4.622061e+01	4.493637e+02
1.480000e-06	5.974778e-06	6.885470e-09	4.644722e+01	4.517674e+02
1.490000e-06	6.001683e-06	6.916151e-09	4.665637e+01	4.539896e+02
1.500000e-06	6.026116e-06	6.944062e-09	4.684631e+01	4.560013e+02
1.510000e-06	6.048248e-06	6.971346e-09	4.701836e+01	4.577756e+02
1.520000e-06	6.068329e-06	6.997344e-09	4.717446e+01	4.593056e+02
1.530000e-06	6.086119e-06	7.020406e-09	4.731277e+01	4.606139e+02
1.540000e-06	6.101398e-06	7.040581e-09	4.743154e+01	4.617493e+02
1.550000e-06	6.114269e-06	7.056943e-09	4.753160e+01	4.627692e+02
1.560000e-06	6.124562e-06	7.068401e-09	4.761162e+01	4.637162e+02
1.570000e-06	6.132367e-06	7.076867e-09	4.767229e+01	4.645998e+02
1.580000e-06	6.138019e-06	7.084348e-09	4.771623e+01	4.653908e+02
1.590000e-06	6.141458e-06	7.094990e-09	4.774296e+01	4.660344e+02
1.600000e-06	6.142460e-06	7.108640e-09	4.775075e+01	4.664751e+02
1.610000e-06	6.141162e-06	7.111920e-09	4.774066e+01	4.666833e+02
1.620000e-06	6.137868e-06	7.110191e-09	4.771505e+01	4.666719e+02
1.630000e-06	6.132366e-06	7.104771e-09	4.767229e+01	4.664928e+02
1.640000e-06	6.124633e-06	7.097940e-09	4.761217e+01	4.662145e+02
1.650000e-06	6.114887e-06	7.094470e-09	4.753641e+01	4.658901e+02
1.660000e-06	6.103006e-06	7.087498e-09	4.744404e+01	4.655289e+02
1.670000e-06	6.088791e-06	7.086929e-09	4.733354e+01	4.650879e+02
1.680000e-06	6.072452e-06	7.060423e-09	4.720652e+01	4.644882e+02
1.690000e-06	6.054048e-06	7.000080e-09	4.706345e+01	4.636525e+02
1.700000e-06	6.032800e-06	7.006515e-09	4.689827e+01	4.625484e+02
1.710000e-06	6.008276e-06	7.010989e-09	4.670762e+01	4.612196e+02
1.720000e-06	5.981149e-06	6.997763e-09	4.649674e+01	4.597878e+02
1.730000e-06	5.952096e-06	7.060538e-09	4.627088e+01	4.584212e+02
1.740000e-06	5.921443e-06	6.987798e-09	4.603259e+01	4.572780e+02
1.750000e-06	5.889401e-06	6.875810e-09	4.578351e+01	4.564452e+02
1.760000e-06	5.855355e-06	6.977552e-09	4.551883e+01	4.558961e+02
1.770000e-06	5.819011e-06	6.943273e-09	4.523630e+01	4.554850e+02
1.780000e-06	5.780603e-06	6.976159e-09	4.493772e+01	4.549840e+02
1.790000e-06	5.739848e-06	7.045907e-09	4.462090e+01	4.541503e+02
1.800000e-06	5.696986e-06	6.930959e-09	4.428769e+01	4.528013e+02
1.810000e-06	5.652073e-06	6.990688e-09	4.393854e+01	4.508705e+02
1.820000e-06	5.604814e-06	6.895355e-09	4.357116e+01	4.484236e+02
1.830000e-06	5.555463e-06	6.809601e-09	4.318751e+01	4.456300e+02
1.840000e-06	5.503735e-06	6.811932e-09	4.278538e+01	4.427014e+02
1.850000e-06	5.449486e-06	6.679986e-09	4.236366e+01	4.398189e+02
1.860000e-06	5.393128e-06	6.742784e-09	4.192554e+01	4.370769e+02
1.870000e-06	5.334775e-06	6.682733e-09	4.147190e+01	4.344627e+02
1.880000e-06	5.274416e-06	6.602866e-09	4.100268e+01	4.318761e+02
1.890000e-06	5.211828e-06	6.616412e-09	4.051613e+01	4.291792e+02
1.900000e-06	5.147132e-06	6.498316e-09	4.001319e+01	4.262554e+02
1.910000e-06	5.080564e-06	6.501065e-09	3.949570e+01	4.230533e+02
1.920000e-06	5.012009e-06	6.397925e-09	3.896276e+01	4.196009e+02
1.930000e-06	4.941434e-06	6.356443e-09	3.841412e+01	4.159865e+02
1.940000e-06	4.868764e-06	6.339260e-09	3.784919e+01	4.123166e+02
1.950000e-06	4.794163e-06	6.260212e-09	3.726925e+01	4.086710e+02
1.960000e-06	4.717609e-06	6.250009e-09	3.667413e+01	4.050719e+02
1.970000e-06	4.639013e-06	6.123781e-09	3.606313e+01	4.014799e+02
1.980000e-06	4.558637e-06	6.089405e-09	3.543830e+01	3.978159e+02
1.990000e-06	4.476623e-06	6.023884e-09	3.480073e+01	3.939970e+02
2.000000e-06	4.392958e-06	5.967004e-09	3.415033e+01	3.899713e+02
2.010000e-06	4.307485e-06	5.912238e-09	3.348588e+01	3.857363e+02
2.020000e-06	4.220260e-06	5.823765e-09	3.280780e+01	3.813343e+02
2.030000e-06	4.131471e-06	5.782669e-09	3.211756e+01	3.768294e+02
2.040000e-06	4.041292e-06	5.697412e-09	3.141652e+01	3.722769e+02
2.050000e-06	3.949665e-06	5.637209e-09	3.070423e+01	3.676982e+02
2.060000e-06	3.856479e-06	5.540400e-09	2.997981e+01	3.630732e+02
2.070000e-06	3.761828e-06	5.477101e-09	2.924400e+01	3.583510e+02
2.080000e-06	3.665738e-06	5.408230e-09	2.849701e+01	3.534730e+02
2.090000e-06	3.568328e-06	5.337349e-09	2.773976e+01	3.483983e+02
2.100000e-06	3.469622e-06	5.258809e-09	2.697243e+01	3.431187e+02
2.110000e-06	3.369510e-06	5.158850e-09	2.619417e+01	3.376599e+02
2.120000e-06	3.268026e-06	5.084246e-09	2.540525e+01	3.320668e+02
2.130000e-06	3.165280e-06	4.986683e-09	2.460651e+01	3.263837e+02
2.140000e-06	3.061258e-06	4.909425e-09	2.379786e+01	3.206357e+02
2.150000e-06	2.956074e-06	4.810749e-09	2.298017e+01	3.148224e+02
2.160000e-06	2.849924e-06	4.726626e-09	2.215497e+01	3.089222e+02
2.170000e-06	2.742796e-06	4.638032e-09	2.132217e+01	3.029066e+02
2.180000e-06	2.634641e-06	4.541924e-09	2.048138e+01	2.967550e+02
2.190000e-06	2.525488e-06	4.445252e-09	1.963284e+01	2.904636e+02
2.200000e-06	2.415375e-06	4.336434e-09	1.877684e+01	2.840433e+02
2.210000e-06	2.304167e-06	4.241224e-09	1.791232e+01	2.775109e+02
2.220000e-06	2.192016e-06	4.142182e-09	1.704047e+01	2.708760e+02
2.230000e-06	2.079041e-06	4.040736e-09	1.616222e+01	2.641335e+02
2.240000e-06	1.965234e-06	3.933597e-09	1.527750e+01	2.572644e+02
2.250000e-06	1.850645e-06	3.826342e-09	1.438669e+01	2.502452e+02
2.260000e-06	1.735188e-06	3.714374e-09	1.348914e+01	2.430608e+02
2.270000e-06	1.618921e-06	3.598008e-09	1.258530e+01	2.357147e+02
2.280000e-06	1.501940e-06	3.474635e-09	1.167590e+01	2.282302e+02
2.290000e-06	1.384362e-06	3.358759e-09	1.076187e+01	2.206409e+02
2.300000e-06	1.266224e-06	3.245476e-09	9.843477e+00	2.129757e+02
2.310000e-06	1.147590e-06	3.133718e-09	8.921232e+00	2.052444e+02
2.320000e-06	1.028509e-06	3.015069e-09	7.995508e+00	1.974319e+02
2.330000e-06	9.090250e-07	2.889260e-09	7.066653e+00	1.895035e+02
2.340000e-06	7.892437e-07	2.764652e-09	6.135487e+00	1.814204e+02
2.350000e-06	6.692104e-07	2.636803e-09	5.202362e+00	1.731582e+02
2.360000e-06	5.489302e-07	2.509436e-09	4.267318e+00	1.647189e+02
2.370000e-06	4.284088e-07	2.373988e-09	3.330399e+00	1.561311e+02
2.380000e-06	3.077425e-07	2.240816e-09	2.392353e+00	1.474369e+02
2.390000e-06	1.869829e-07	2.111457e-09	1.453583e+00	1.386701e+02
2.400000e-06	6.620191e-08	1.978638e-09	5.146458e-01	1.298364e+02
2.410000e-06	-5.455678e-08	1.841663e-09	-4.241179e-01	1.209047e+02
2.420000e-06	-1.753203e-07	1.700380e-09	-1.362919e+00	1.118139e+02
2.430000e-06	-2.960343e-07	1.557465e-09	-2.301335e+00	1.024943e+02
2.440000e-06	-4.166170e-07	1.411090e-09	-3.238731e+00	9.289531e+01
2.450000e-06	-5.370221e-07	1.258805e-09	-4.174746e+00	8.300824e+01
2.460000e-06	-6.572258e-07	1.105086e-09	-5.109196e+00	7.287388e+01
2.470000e-06	-7.771637e-07	9.505710e-10	-6.041578e+00	6.257242e+01
2.480000e-06	-8.967432e-07	7.954683e-10	-6.971175e+00	5.219879e+01
2.490000e-06	-1.015964e-06	6.374422e-10	-7.897981e+00	4.183353e+01
2.500000e-06	-1.134830e-06	4.765755e-10	-8.822037e+00	3.152088e+01
2.510000e-06	-1.253185e-06	3.175074e-10	-9.742111e+00	2.126244e+01
2.520000e-06	-1.370985e-06	1.605443e-10	-1.065788e+01	1.102798e+01
2.530000e-06	-1.488235e-06	5.667925e-12	-1.156936e+01	7.777959e-01
2.540000e-06	-1.604888e-06	-1.505469e-10	-1.247621e+01	-9.514143e+00
2.550000e-06	-1.720833e-06	-3.075461e-10	-1.337755e+01	-1.984646e+01
2.560000e-06	-1.835903e-06	-4.648536e-10	-1.427209e+01	-3.019210e+01
2.570000e-06	-1.950062e-06	-6.235772e-10	-1.515955e+01	-4.051419e+01
2.580000e-06	-2.063327e-06	-7.822813e-10	-1.604006e+01	-5.078813e+01
2.590000e-06	-2.175674e-06	-9.386382e-10	-1.691343e+01	-6.101944e+01
2.600000e-06	-2.287058e-06	-1.094476e-09	-1.777932e+01	-7.124840e+01
2.610000e-06	-2.397443e-06	-1.253906e-09	-1.863744e+01	-8.153894e+01
2.620000e-06	-2.506853e-06	-1.416609e-09	-1.948798e+01	-9.195603e+01
2.630000e-06	-2.615376e-06	-1.578225e-09	-2.033162e+01	-1.025413e+02
2.640000e-06	-2.723007e-06	-1.740569e-09	-2.116833e+01	-1.132973e+02
2.650000e-06	-2.829732e-06	-1.906187e-09	-2.199800e+01	-1.241875e+02
2.660000e-06	-2.935450e-06	-2.072555e-09	-2.281984e+01	-1.351513e+02
2.670000e-06	-3.040073e-06	-2.238463e-09	-2.363317e+01	-1.461279e+02
2.680000e-06	-3.143534e-06	-2.404171e-09	-2.443746e+01	-1.570789e+02
2.690000e-06	-3.245694e-06	-2.572277e-09	-2.523164e+01	-1.679979e+02
2.700000e-06	-3.346475e-06	-2.738810e-09	-2.601510e+01	-1.789062e+02
2.710000e-06	-3.445857e-06	-2.902786e-09	-2.678768e+01	-1.898341e+02
2.720000e-06	-3.543974e-06	-3.068073e-09	-2.755044e+01	-2.007982e+02
2.730000e-06	-3.640904e-06	-3.235116e-09	-2.830396e+01	-2.117846e+02
2.740000e-06	-3.736553e-06	-3.401550e-09	-2.904752e+01	-2.227450e+02
2.750000e-06	-3.830739e-06	-3.565273e-09	-2.977971e+01	-2.336087e+02
2.760000e-06	-3.923364e-06	-3.728190e-09	-3.049977e+01	-2.443033e+02
2.770000e-06	-4.014514e-06	-3.890314e-09	-3.120836e+01	-2.547769e+02
2.780000e-06	-4.104148e-06	-4.048711e-09	-3.190516e+01	-2.650098e+02
2.790000e-06	-4.192286e-06	-4.201036e-09	-3.259033e+01	-2.750136e+02
2.800000e-06	-4.278861e-06	-4.348764e-09	-3.326336e+01	-2.848150e+02
2.810000e-06	-4.363656e-06	-4.494525e-09	-3.392254e+01	-2.944353e+02
2.820000e-06	-4.446774e-06	-4.638308e-09	-3.456869e+01	-3.038723e+02
2.830000e-06	-4.528359e-06	-4.778932e-09	-3.520293e+01	-3.130939e+02
2.840000e-06	-4.608321e-06	-4.914613e-09	-3.582454e+01	-3.220455e+02
2.850000e-06	-4.686372e-06	-5.044769e-09	-3.643130e+01	-3.306681e+02
2.860000e-06	-4.762399e-06	-5.170818e-09	-3.702232e+01	-3.389181e+02
2.870000e-06	-4.836508e-06	-5.290109e-09	-3.759844e+01	-3.467808e+02
2.880000e-06	-4.908765e-06	-5.403168e-09	-3.816015e+01	-3.542716e+02
2.890000e-06	-4.979084e-06	-5.509943e-09	-3.870680e+01	-3.614258e+02
2.900000e-06	-5.047373e-06	-5.613360e-09	-3.923767e+01	-3.682810e+02
2.910000e-06	-5.113709e-06	-5.716237e-09	-3.975336e+01	-3.748618e+02
2.920000e-06	-5.178225e-06	-5.813819e-09	-4.025490e+01	-3.811728e+02
2.930000e-06	-5.240851e-06	-5.905259e-09	-4.074175e+01	-3.872024e+02
2.940000e-06	-5.301350e-06	-5.991251e-09	-4.121207e+01	-3.929357e+02
2.950000e-06	-5.359717e-06	-6.075874e-09	-4.166581e+01	-3.983677e+02
2.960000e-06	-5.416126e-06	-6.158086e-09	-4.210432e+01	-4.035116e+02
2.970000e-06	-5.470492e-06	-6.233488e-09	-4.252695e+01	-4.083976e+02
2.980000e-06	-5.522562e-06	-6.304840e-09	-4.293174e+01	-4.130614e+02
2.990000e-06	-5.572148e-06	-6.374012e-09	-4.331721e+01	-4.175298e+02
3.000000e-06	-5.619186e-06	-6.439020e-09	-4.368288e+01	-4.218100e+02
3.010000e-06	-5.664061e-06	-6.498671e-09	-4.403174e+01	-4.258878e+02
3.020000e-06	-5.707102e-06	-6.555381e-09	-4.436633e+01	-4.297358e+02
3.030000e-06	-5.748221e-06	-6.612276e-09	-4.468599e+01	-4.333284e+02
3.040000e-06	-5.787320e-06	-6.666188e-09	-4.498994e+01	-4.366560e+02
3.050000e-06	-5.824126e-06	-6.716422e-09	-4.527606e+01	-4.397311e+02
3.060000e-06	-5.858641e-06	-6.760416e-09	-4.554438e+01	-4.425831e+02
3.070000e-06	-5.891030e-06	-6.798964e-09	-4.579617e+01	-4.452451e+02
3.080000e-06	-5.921132e-06	-6.837083e-09	-4.603017e+01	-4.477376e+02
3.090000e-06	-5.948959e-06	-6.875211e-09	-4.624650e+01	-4.500588e+02
3.100000e-06	-5.974612e-06	-6.907155e-09	-4.644592e+01	-4.521860e+02
3.110000e-06	-5.998098e-06	-6.932070e-09	-4.662850e+01	-4.540888e+02
3.120000e-06	-6.019156e-06	-6.952700e-09	-4.679220e+01	-4.557477e+02
3.130000e-06	-6.037830e-06	-6.977582e-09	-4.693737e+01	-4.571688e+02
3.140000e-06	-6.054385e-06	-7.001559e-09	-4.706607e+01	-4.583886e+02
3.150000e-06	-6.068560e-06	-7.019278e-09	-4.717626e+01	-4.594624e+02
3.160000e-06	-6.080127e-06	-7.035468e-09	-4.726619e+01	-4.604437e+02
3.170000e-06	-6.089259e-06	-7.049295e-09	-4.733718e+01	-4.613613e+02
3.180000e-06	-6.096122e-06	-7.061511e-09	-4.739053e+01	-4.622063e+02
3.190000e-06	-6.100599e-06	-7.068056e-09	-4.742533e+01	-4.629353e+02
3.200000e-06	-6.102737e-06	-7.069711e-09	-4.744195e+01	-4.634894e+02
3.210000e-06	-6.102701e-06	-7.075925e-09	-4.744167e+01	-4.638223e+02
