# Temperatura_=_39.2
# Concentracion g/m^3_=_18600.0
# C_Vs_to_Am_M_A/Vsm_=_65563218390.804596
# pendiente_HvsI_1/m_=_3716.3
# ordenada_HvsI_A/m_=_1297.0
# frecuencia_Hz_=_238184.31705611228

Tiempo_(s)	Campo_(V.s)	Magnetizacion_(V.s)	Campo_(kA/m)	Magnetizacion_(A/m)
0.000000e+00	-5.060557e-06	-9.920719e-09	-3.842690e+01	-6.507816e+02
1.000000e-08	-5.059541e-06	-9.924449e-09	-3.841918e+01	-6.509695e+02
2.000000e-08	-5.057521e-06	-9.928863e-09	-3.840384e+01	-6.510960e+02
3.000000e-08	-5.054182e-06	-9.932562e-09	-3.837849e+01	-6.511692e+02
4.000000e-08	-5.049691e-06	-9.932989e-09	-3.834438e+01	-6.511924e+02
5.000000e-08	-5.044330e-06	-9.925649e-09	-3.830368e+01	-6.511628e+02
6.000000e-08	-5.037987e-06	-9.906282e-09	-3.825551e+01	-6.510712e+02
7.000000e-08	-5.030572e-06	-9.896768e-09	-3.819921e+01	-6.509029e+02
8.000000e-08	-5.022108e-06	-9.940173e-09	-3.813493e+01	-6.506408e+02
9.000000e-08	-5.012314e-06	-1.000058e-08	-3.806057e+01	-6.502685e+02
1.000000e-07	-5.000859e-06	-9.957804e-09	-3.797359e+01	-6.497747e+02
1.100000e-07	-4.987921e-06	-9.804066e-09	-3.787534e+01	-6.491559e+02
1.200000e-07	-4.974009e-06	-9.772779e-09	-3.776970e+01	-6.484180e+02
1.300000e-07	-4.959177e-06	-9.962467e-09	-3.765707e+01	-6.475765e+02
1.400000e-07	-4.942832e-06	-9.925177e-09	-3.753296e+01	-6.466543e+02
1.500000e-07	-4.925105e-06	-9.727048e-09	-3.739835e+01	-6.456775e+02
1.600000e-07	-4.906597e-06	-9.871807e-09	-3.725781e+01	-6.446713e+02
1.700000e-07	-4.887055e-06	-9.937378e-09	-3.710942e+01	-6.436547e+02
1.800000e-07	-4.866492e-06	-9.750120e-09	-3.695328e+01	-6.426377e+02
1.900000e-07	-4.845308e-06	-9.810836e-09	-3.679242e+01	-6.416183e+02
2.000000e-07	-4.823199e-06	-9.870464e-09	-3.662454e+01	-6.405837e+02
2.100000e-07	-4.799839e-06	-9.689631e-09	-3.644715e+01	-6.395125e+02
2.200000e-07	-4.775486e-06	-9.709935e-09	-3.626223e+01	-6.383785e+02
2.300000e-07	-4.750166e-06	-9.811309e-09	-3.606997e+01	-6.371556e+02
2.400000e-07	-4.723590e-06	-9.710822e-09	-3.586817e+01	-6.358227e+02
2.500000e-07	-4.695827e-06	-9.676039e-09	-3.565735e+01	-6.343671e+02
2.600000e-07	-4.666990e-06	-9.684331e-09	-3.543838e+01	-6.327862e+02
2.700000e-07	-4.637186e-06	-9.617332e-09	-3.521206e+01	-6.310872e+02
2.800000e-07	-4.606497e-06	-9.619494e-09	-3.497903e+01	-6.292849e+02
2.900000e-07	-4.574825e-06	-9.596236e-09	-3.473853e+01	-6.273986e+02
3.000000e-07	-4.542261e-06	-9.523209e-09	-3.449126e+01	-6.254476e+02
3.100000e-07	-4.508813e-06	-9.531031e-09	-3.423728e+01	-6.234483e+02
3.200000e-07	-4.474175e-06	-9.513832e-09	-3.397426e+01	-6.214111e+02
3.300000e-07	-4.438339e-06	-9.472292e-09	-3.370214e+01	-6.193400e+02
3.400000e-07	-4.401491e-06	-9.459622e-09	-3.342234e+01	-6.172328e+02
3.500000e-07	-4.363710e-06	-9.400154e-09	-3.313545e+01	-6.150832e+02
3.600000e-07	-4.324979e-06	-9.346641e-09	-3.284135e+01	-6.128831e+02
3.700000e-07	-4.285320e-06	-9.352030e-09	-3.254020e+01	-6.106255e+02
3.800000e-07	-4.244867e-06	-9.325611e-09	-3.223303e+01	-6.083060e+02
3.900000e-07	-4.203544e-06	-9.250840e-09	-3.191925e+01	-6.059236e+02
4.000000e-07	-4.161198e-06	-9.215507e-09	-3.159769e+01	-6.034808e+02
4.100000e-07	-4.117677e-06	-9.206363e-09	-3.126722e+01	-6.009819e+02
4.200000e-07	-4.073069e-06	-9.176683e-09	-3.092849e+01	-5.984314e+02
4.300000e-07	-4.027596e-06	-9.135038e-09	-3.058320e+01	-5.958321e+02
4.400000e-07	-3.981197e-06	-9.076565e-09	-3.023087e+01	-5.931834e+02
4.500000e-07	-3.933873e-06	-9.019242e-09	-2.987152e+01	-5.904816e+02
4.600000e-07	-3.885783e-06	-8.998392e-09	-2.950635e+01	-5.877193e+02
4.700000e-07	-3.836942e-06	-8.966586e-09	-2.913549e+01	-5.848878e+02
4.800000e-07	-3.787089e-06	-8.903311e-09	-2.875693e+01	-5.819782e+02
4.900000e-07	-3.735989e-06	-8.854103e-09	-2.836891e+01	-5.789834e+02
5.000000e-07	-3.683719e-06	-8.820941e-09	-2.797200e+01	-5.758998e+02
5.100000e-07	-3.630552e-06	-8.784824e-09	-2.756828e+01	-5.727278e+02
5.200000e-07	-3.576600e-06	-8.724799e-09	-2.715860e+01	-5.694713e+02
5.300000e-07	-3.521845e-06	-8.650705e-09	-2.674282e+01	-5.661372e+02
5.400000e-07	-3.466324e-06	-8.591807e-09	-2.632123e+01	-5.627333e+02
5.500000e-07	-3.410105e-06	-8.558696e-09	-2.589434e+01	-5.592670e+02
5.600000e-07	-3.353327e-06	-8.520629e-09	-2.546320e+01	-5.557432e+02
5.700000e-07	-3.295882e-06	-8.451526e-09	-2.502699e+01	-5.521641e+02
5.800000e-07	-3.237527e-06	-8.381193e-09	-2.458388e+01	-5.485283e+02
5.900000e-07	-3.178146e-06	-8.330906e-09	-2.413297e+01	-5.448315e+02
6.000000e-07	-3.117917e-06	-8.288005e-09	-2.367563e+01	-5.410676e+02
6.100000e-07	-3.057115e-06	-8.227313e-09	-2.321394e+01	-5.372296e+02
6.200000e-07	-2.995711e-06	-8.150723e-09	-2.274767e+01	-5.333109e+02
6.300000e-07	-2.933683e-06	-8.084242e-09	-2.227666e+01	-5.293065e+02
6.400000e-07	-2.871055e-06	-8.036849e-09	-2.180110e+01	-5.252128e+02
6.500000e-07	-2.807864e-06	-7.983577e-09	-2.132127e+01	-5.210283e+02
6.600000e-07	-2.744172e-06	-7.908465e-09	-2.083763e+01	-5.167526e+02
6.700000e-07	-2.679924e-06	-7.828393e-09	-2.034977e+01	-5.123865e+02
6.800000e-07	-2.615159e-06	-7.763313e-09	-1.985798e+01	-5.079309e+02
6.900000e-07	-2.549891e-06	-7.708852e-09	-1.936238e+01	-5.033870e+02
7.000000e-07	-2.484037e-06	-7.639288e-09	-1.886232e+01	-4.987556e+02
7.100000e-07	-2.417487e-06	-7.553112e-09	-1.835697e+01	-4.940374e+02
7.200000e-07	-2.350204e-06	-7.470545e-09	-1.784607e+01	-4.892325e+02
7.300000e-07	-2.282309e-06	-7.405690e-09	-1.733051e+01	-4.843413e+02
7.400000e-07	-2.213909e-06	-7.339720e-09	-1.681113e+01	-4.793636e+02
7.500000e-07	-2.145060e-06	-7.254338e-09	-1.628832e+01	-4.742988e+02
7.600000e-07	-2.075821e-06	-7.163258e-09	-1.576257e+01	-4.691456e+02
7.700000e-07	-2.006266e-06	-7.086406e-09	-1.523440e+01	-4.639016e+02
7.800000e-07	-1.936365e-06	-7.020395e-09	-1.470362e+01	-4.585636e+02
7.900000e-07	-1.865978e-06	-6.941500e-09	-1.416914e+01	-4.531272e+02
8.000000e-07	-1.795039e-06	-6.844692e-09	-1.363047e+01	-4.475878e+02
8.100000e-07	-1.723670e-06	-6.744850e-09	-1.308854e+01	-4.419405e+02
8.200000e-07	-1.651969e-06	-6.658270e-09	-1.254408e+01	-4.361814e+02
8.300000e-07	-1.579893e-06	-6.576641e-09	-1.199678e+01	-4.303079e+02
8.400000e-07	-1.507531e-06	-6.484180e-09	-1.144731e+01	-4.243188e+02
8.500000e-07	-1.434956e-06	-6.383657e-09	-1.089621e+01	-4.182145e+02
8.600000e-07	-1.362149e-06	-6.288976e-09	-1.034336e+01	-4.119960e+02
8.700000e-07	-1.289093e-06	-6.201366e-09	-9.788618e+00	-4.056640e+02
8.800000e-07	-1.215704e-06	-6.106095e-09	-9.231344e+00	-3.992180e+02
8.900000e-07	-1.142054e-06	-5.994543e-09	-8.672085e+00	-3.926556e+02
9.000000e-07	-1.068148e-06	-5.878178e-09	-8.110888e+00	-3.859713e+02
9.100000e-07	-9.939363e-07	-5.775464e-09	-7.547368e+00	-3.791571e+02
9.200000e-07	-9.194475e-07	-5.681382e-09	-6.981744e+00	-3.722034e+02
9.300000e-07	-8.446375e-07	-5.578560e-09	-6.413681e+00	-3.650995e+02
9.400000e-07	-7.695507e-07	-5.461677e-09	-5.843516e+00	-3.578360e+02
9.500000e-07	-6.942000e-07	-5.344098e-09	-5.271347e+00	-3.504056e+02
9.600000e-07	-6.186079e-07	-5.233966e-09	-4.697345e+00	-3.428045e+02
9.700000e-07	-5.428803e-07	-5.118067e-09	-4.122314e+00	-3.350325e+02
9.800000e-07	-4.670468e-07	-4.986538e-09	-3.546479e+00	-3.270929e+02
9.900000e-07	-3.910438e-07	-4.851190e-09	-2.969357e+00	-3.189908e+02
1.000000e-06	-3.148536e-07	-4.726140e-09	-2.390813e+00	-3.107320e+02
1.010000e-06	-2.385974e-07	-4.607297e-09	-1.811769e+00	-3.023206e+02
1.020000e-06	-1.623233e-07	-4.481184e-09	-1.232588e+00	-2.937575e+02
1.030000e-06	-8.604835e-08	-4.343289e-09	-6.534006e-01	-2.850396e+02
1.040000e-06	-9.728953e-09	-4.202261e-09	-7.387595e-02	-2.761589e+02
1.050000e-06	6.665989e-08	-4.062375e-09	5.061761e-01	-2.671041e+02
1.060000e-06	1.430078e-07	-3.919259e-09	1.085917e+00	-2.578607e+02
1.070000e-06	2.192376e-07	-3.768214e-09	1.664762e+00	-2.484139e+02
1.080000e-06	2.954291e-07	-3.615246e-09	2.243315e+00	-2.387496e+02
1.090000e-06	3.716523e-07	-3.467260e-09	2.822109e+00	-2.288559e+02
1.100000e-06	4.478023e-07	-3.319390e-09	3.400347e+00	-2.187245e+02
1.110000e-06	5.237888e-07	-3.162857e-09	3.977344e+00	-2.083507e+02
1.120000e-06	5.996082e-07	-2.994023e-09	4.553073e+00	-1.977329e+02
1.130000e-06	6.752893e-07	-2.822099e-09	5.127750e+00	-1.868719e+02
1.140000e-06	7.507690e-07	-2.649871e-09	5.700899e+00	-1.757701e+02
1.150000e-06	8.259369e-07	-2.475527e-09	6.271679e+00	-1.644301e+02
1.160000e-06	9.007709e-07	-2.297496e-09	6.839925e+00	-1.528545e+02
1.170000e-06	9.752793e-07	-2.117149e-09	7.405698e+00	-1.410454e+02
1.180000e-06	1.049466e-06	-1.937925e-09	7.969031e+00	-1.290044e+02
1.190000e-06	1.123346e-06	-1.755008e-09	8.530028e+00	-1.167326e+02
1.200000e-06	1.196901e-06	-1.561950e-09	9.088562e+00	-1.042313e+02
1.210000e-06	1.270088e-06	-1.361266e-09	9.644301e+00	-9.150132e+01
1.220000e-06	1.342949e-06	-1.159911e-09	1.019756e+01	-7.854327e+01
1.230000e-06	1.415585e-06	-9.600706e-10	1.074912e+01	-6.535673e+01
1.240000e-06	1.487991e-06	-7.577224e-10	1.129893e+01	-5.193955e+01
1.250000e-06	1.560104e-06	-5.480730e-10	1.184651e+01	-3.828719e+01
1.260000e-06	1.631892e-06	-3.343018e-10	1.239163e+01	-2.439225e+01
1.270000e-06	1.703336e-06	-1.194234e-10	1.293414e+01	-1.024440e+01
1.280000e-06	1.774393e-06	9.845782e-11	1.347370e+01	4.169075e+00
1.290000e-06	1.845060e-06	3.253835e-10	1.401030e+01	1.886230e+01
1.300000e-06	1.915378e-06	5.599448e-10	1.454425e+01	3.384937e+01
1.310000e-06	1.985285e-06	7.956480e-10	1.507509e+01	4.914274e+01
1.320000e-06	2.054731e-06	1.031422e-09	1.560242e+01	6.475157e+01
1.330000e-06	2.123784e-06	1.271890e-09	1.612677e+01	8.068024e+01
1.340000e-06	2.192520e-06	1.521096e-09	1.664871e+01	9.692713e+01
1.350000e-06	2.260939e-06	1.777684e-09	1.716824e+01	1.134837e+02
1.360000e-06	2.328894e-06	2.038383e-09	1.768426e+01	1.303339e+02
1.370000e-06	2.396196e-06	2.301185e-09	1.819530e+01	1.474532e+02
1.380000e-06	2.462709e-06	2.565751e-09	1.870037e+01	1.648085e+02
1.390000e-06	2.528433e-06	2.833478e-09	1.919943e+01	1.823574e+02
1.400000e-06	2.593534e-06	3.103066e-09	1.969378e+01	2.000478e+02
1.410000e-06	2.658222e-06	3.370664e-09	2.018497e+01	2.178177e+02
1.420000e-06	2.722486e-06	3.637306e-09	2.067296e+01	2.355960e+02
1.430000e-06	2.786169e-06	3.906560e-09	2.115653e+01	2.533038e+02
1.440000e-06	2.849253e-06	4.177211e-09	2.163556e+01	2.708560e+02
1.450000e-06	2.911821e-06	4.442487e-09	2.211066e+01	2.881654e+02
1.460000e-06	2.973834e-06	4.698395e-09	2.258155e+01	3.051461e+02
1.470000e-06	3.035230e-06	4.947371e-09	2.304775e+01	3.217175e+02
1.480000e-06	3.096113e-06	5.189527e-09	2.351006e+01	3.378094e+02
1.490000e-06	3.156470e-06	5.423249e-09	2.396838e+01	3.533642e+02
1.500000e-06	3.216011e-06	5.649239e-09	2.442050e+01	3.683402e+02
1.510000e-06	3.274442e-06	5.867102e-09	2.486419e+01	3.827115e+02
1.520000e-06	3.331849e-06	6.075042e-09	2.530010e+01	3.964675e+02
1.530000e-06	3.388563e-06	6.273679e-09	2.573076e+01	4.096107e+02
1.540000e-06	3.444672e-06	6.462820e-09	2.615681e+01	4.221530e+02
1.550000e-06	3.500087e-06	6.641833e-09	2.657760e+01	4.341128e+02
1.560000e-06	3.554748e-06	6.813431e-09	2.699267e+01	4.455108e+02
1.570000e-06	3.608586e-06	6.976780e-09	2.740148e+01	4.563681e+02
1.580000e-06	3.661574e-06	7.132546e-09	2.780384e+01	4.667039e+02
1.590000e-06	3.713579e-06	7.282930e-09	2.819874e+01	4.765358e+02
1.600000e-06	3.764395e-06	7.425395e-09	2.858460e+01	4.858797e+02
1.610000e-06	3.814063e-06	7.557347e-09	2.896175e+01	4.947515e+02
1.620000e-06	3.862888e-06	7.684063e-09	2.933250e+01	5.031681e+02
1.630000e-06	3.910984e-06	7.805104e-09	2.969771e+01	5.111488e+02
1.640000e-06	3.958247e-06	7.918811e-09	3.005660e+01	5.187158e+02
1.650000e-06	4.004683e-06	8.025024e-09	3.040921e+01	5.258940e+02
1.660000e-06	4.050281e-06	8.128042e-09	3.075546e+01	5.327105e+02
1.670000e-06	4.095146e-06	8.229535e-09	3.109613e+01	5.391931e+02
1.680000e-06	4.139346e-06	8.323585e-09	3.143176e+01	5.453687e+02
1.690000e-06	4.182528e-06	8.409805e-09	3.175966e+01	5.512624e+02
1.700000e-06	4.224401e-06	8.489190e-09	3.207762e+01	5.568963e+02
1.710000e-06	4.265213e-06	8.566565e-09	3.238752e+01	5.622891e+02
1.720000e-06	4.305222e-06	8.642844e-09	3.269133e+01	5.674563e+02
1.730000e-06	4.344415e-06	8.717521e-09	3.298894e+01	5.724101e+02
1.740000e-06	4.382719e-06	8.789977e-09	3.327979e+01	5.771606e+02
1.750000e-06	4.420119e-06	8.862800e-09	3.356379e+01	5.817160e+02
1.760000e-06	4.456724e-06	8.934546e-09	3.384174e+01	5.860832e+02
1.770000e-06	4.492299e-06	8.998956e-09	3.411188e+01	5.902677e+02
1.780000e-06	4.526515e-06	9.057219e-09	3.437170e+01	5.942742e+02
1.790000e-06	4.559617e-06	9.111215e-09	3.462305e+01	5.981061e+02
1.800000e-06	4.591902e-06	9.162801e-09	3.486821e+01	6.017661e+02
1.810000e-06	4.623289e-06	9.213674e-09	3.510654e+01	6.052563e+02
1.820000e-06	4.653727e-06	9.263061e-09	3.533767e+01	6.085785e+02
1.830000e-06	4.683199e-06	9.312829e-09	3.556146e+01	6.117350e+02
1.840000e-06	4.711729e-06	9.362643e-09	3.577810e+01	6.147291e+02
1.850000e-06	4.739212e-06	9.408411e-09	3.598680e+01	6.175654e+02
1.860000e-06	4.765376e-06	9.450437e-09	3.618546e+01	6.202501e+02
1.870000e-06	4.790278e-06	9.488252e-09	3.637456e+01	6.227903e+02
1.880000e-06	4.814123e-06	9.522459e-09	3.655563e+01	6.251936e+02
1.890000e-06	4.836998e-06	9.553715e-09	3.672932e+01	6.274673e+02
1.900000e-06	4.858912e-06	9.583799e-09	3.689572e+01	6.296177e+02
1.910000e-06	4.879890e-06	9.614727e-09	3.705502e+01	6.316493e+02
1.920000e-06	4.899964e-06	9.645663e-09	3.720745e+01	6.335652e+02
1.930000e-06	4.919003e-06	9.677175e-09	3.735202e+01	6.353670e+02
1.940000e-06	4.936918e-06	9.706761e-09	3.748806e+01	6.370559e+02
1.950000e-06	4.953664e-06	9.733926e-09	3.761522e+01	6.386334e+02
1.960000e-06	4.969141e-06	9.756573e-09	3.773274e+01	6.401022e+02
1.970000e-06	4.983454e-06	9.773569e-09	3.784142e+01	6.414668e+02
1.980000e-06	4.996687e-06	9.788302e-09	3.794190e+01	6.427332e+02
1.990000e-06	5.008676e-06	9.804875e-09	3.803295e+01	6.439083e+02
2.000000e-06	5.019255e-06	9.822612e-09	3.811327e+01	6.449987e+02
2.010000e-06	5.028601e-06	9.839863e-09	3.818424e+01	6.460098e+02
2.020000e-06	5.036949e-06	9.857606e-09	3.824763e+01	6.469444e+02
2.030000e-06	5.044232e-06	9.876534e-09	3.830293e+01	6.478024e+02
2.040000e-06	5.050412e-06	9.894342e-09	3.834986e+01	6.485807e+02
2.050000e-06	5.055588e-06	9.904022e-09	3.838917e+01	6.492749e+02
2.060000e-06	5.059836e-06	9.906469e-09	3.842143e+01	6.498800e+02
2.070000e-06	5.062825e-06	9.909437e-09	3.844412e+01	6.503930e+02
2.080000e-06	5.064427e-06	9.919042e-09	3.845629e+01	6.508138e+02
2.090000e-06	5.064916e-06	9.929711e-09	3.846000e+01	6.511465e+02
2.100000e-06	5.064409e-06	9.935753e-09	3.845615e+01	6.513985e+02
2.110000e-06	5.062909e-06	9.939196e-09	3.844476e+01	6.515801e+02
2.120000e-06	5.060475e-06	9.944527e-09	3.842627e+01	6.517012e+02
2.130000e-06	5.057208e-06	9.950010e-09	3.840147e+01	6.517695e+02
2.140000e-06	5.052767e-06	9.948321e-09	3.836774e+01	6.517879e+02
2.150000e-06	5.047001e-06	9.946910e-09	3.832396e+01	6.517530e+02
2.160000e-06	5.040235e-06	9.962326e-09	3.827258e+01	6.516546e+02
2.170000e-06	5.032604e-06	9.941992e-09	3.821464e+01	6.514780e+02
2.180000e-06	5.023931e-06	9.862438e-09	3.814878e+01	6.512057e+02
2.190000e-06	5.013764e-06	9.832795e-09	3.807158e+01	6.508220e+02
2.200000e-06	5.001538e-06	9.951745e-09	3.797874e+01	6.503159e+02
2.210000e-06	4.987478e-06	1.004854e-08	3.787198e+01	6.496850e+02
2.220000e-06	4.972691e-06	9.872620e-09	3.775970e+01	6.489361e+02
2.230000e-06	4.957593e-06	9.792451e-09	3.764505e+01	6.480857e+02
2.240000e-06	4.941409e-06	9.963294e-09	3.752215e+01	6.471570e+02
2.250000e-06	4.923967e-06	9.856322e-09	3.738971e+01	6.461765e+02
2.260000e-06	4.905953e-06	9.663138e-09	3.725292e+01	6.451687e+02
2.270000e-06	4.886984e-06	9.810589e-09	3.710888e+01	6.441521e+02
2.280000e-06	4.866406e-06	9.829010e-09	3.695263e+01	6.431353e+02
2.290000e-06	4.844555e-06	9.630319e-09	3.678670e+01	6.421154e+02
2.300000e-06	4.821689e-06	9.736434e-09	3.661307e+01	6.410785e+02
2.310000e-06	4.797755e-06	9.825365e-09	3.643134e+01	6.400025e+02
2.320000e-06	4.772947e-06	9.658906e-09	3.624295e+01	6.388609e+02
2.330000e-06	4.747247e-06	9.683841e-09	3.604781e+01	6.376281e+02
2.340000e-06	4.720543e-06	9.706541e-09	3.584503e+01	6.362836e+02
2.350000e-06	4.692934e-06	9.608867e-09	3.563538e+01	6.348157e+02
2.360000e-06	4.664007e-06	9.671851e-09	3.541573e+01	6.332227e+02
2.370000e-06	4.633659e-06	9.624397e-09	3.518528e+01	6.315128e+02
2.380000e-06	4.602419e-06	9.536131e-09	3.494807e+01	6.297015e+02
2.390000e-06	4.570256e-06	9.598982e-09	3.470384e+01	6.278081e+02
2.400000e-06	4.537124e-06	9.529211e-09	3.445226e+01	6.258519e+02
2.410000e-06	4.503197e-06	9.461192e-09	3.419463e+01	6.238487e+02
2.420000e-06	4.468360e-06	9.476818e-09	3.393010e+01	6.218083e+02
2.430000e-06	4.432504e-06	9.405557e-09	3.365783e+01	6.197339e+02
2.440000e-06	4.395451e-06	9.389636e-09	3.337647e+01	6.176231e+02
2.450000e-06	4.357226e-06	9.398269e-09	3.308622e+01	6.154690e+02
2.460000e-06	4.318068e-06	9.328168e-09	3.278887e+01	6.132637e+02
2.470000e-06	4.277985e-06	9.274997e-09	3.248451e+01	6.110003e+02
2.480000e-06	4.236965e-06	9.253493e-09	3.217302e+01	6.086747e+02
2.490000e-06	4.195101e-06	9.244667e-09	3.185513e+01	6.062863e+02
2.500000e-06	4.152489e-06	9.193084e-09	3.153156e+01	6.038379e+02
2.510000e-06	4.109091e-06	9.132745e-09	3.120202e+01	6.013339e+02
2.520000e-06	4.064654e-06	9.106804e-09	3.086459e+01	5.987788e+02
2.530000e-06	4.019228e-06	9.068122e-09	3.051966e+01	5.961748e+02
2.540000e-06	3.973039e-06	9.042180e-09	3.016892e+01	5.935213e+02
2.550000e-06	3.925943e-06	8.990934e-09	2.981130e+01	5.908140e+02
2.560000e-06	3.877904e-06	8.932142e-09	2.944652e+01	5.880455e+02
2.570000e-06	3.828868e-06	8.910237e-09	2.907417e+01	5.852068e+02
2.580000e-06	3.778872e-06	8.866663e-09	2.869454e+01	5.822891e+02
2.590000e-06	3.728076e-06	8.820443e-09	2.830882e+01	5.792858e+02
2.600000e-06	3.676393e-06	8.764432e-09	2.791637e+01	5.761936e+02
2.610000e-06	3.623617e-06	8.701991e-09	2.751562e+01	5.730131e+02
2.620000e-06	3.569712e-06	8.667880e-09	2.710629e+01	5.697488e+02
2.630000e-06	3.514926e-06	8.620937e-09	2.669028e+01	5.664076e+02
2.640000e-06	3.459428e-06	8.560836e-09	2.626887e+01	5.629974e+02
2.650000e-06	3.403225e-06	8.502868e-09	2.584209e+01	5.595253e+02
2.660000e-06	3.346320e-06	8.457461e-09	2.540999e+01	5.559962e+02
2.670000e-06	3.288670e-06	8.419916e-09	2.497223e+01	5.524118e+02
2.680000e-06	3.230337e-06	8.357473e-09	2.452928e+01	5.487704e+02
2.690000e-06	3.171507e-06	8.288820e-09	2.408256e+01	5.450674e+02
2.700000e-06	3.112133e-06	8.224093e-09	2.363171e+01	5.412966e+02
2.710000e-06	3.051967e-06	8.169459e-09	2.317484e+01	5.374511e+02
2.720000e-06	2.990908e-06	8.120022e-09	2.271120e+01	5.335243e+02
2.730000e-06	2.928971e-06	8.056777e-09	2.224088e+01	5.295113e+02
2.740000e-06	2.866284e-06	7.995613e-09	2.176488e+01	5.254088e+02
2.750000e-06	2.803061e-06	7.935913e-09	2.128480e+01	5.212154e+02
2.760000e-06	2.739345e-06	7.876827e-09	2.080098e+01	5.169309e+02
2.770000e-06	2.675057e-06	7.806239e-09	2.031281e+01	5.125560e+02
2.780000e-06	2.610158e-06	7.723310e-09	1.982000e+01	5.080918e+02
2.790000e-06	2.544632e-06	7.648558e-09	1.932244e+01	5.035393e+02
2.800000e-06	2.478580e-06	7.584681e-09	1.882088e+01	4.988995e+02
2.810000e-06	2.412104e-06	7.525333e-09	1.831610e+01	4.941728e+02
2.820000e-06	2.345205e-06	7.452046e-09	1.780811e+01	4.893595e+02
2.830000e-06	2.277935e-06	7.369498e-09	1.729730e+01	4.844599e+02
2.840000e-06	2.210102e-06	7.293259e-09	1.678222e+01	4.794738e+02
2.850000e-06	2.141523e-06	7.221957e-09	1.626147e+01	4.744004e+02
2.860000e-06	2.072206e-06	7.146833e-09	1.573512e+01	4.692385e+02
2.870000e-06	2.002275e-06	7.059433e-09	1.520410e+01	4.639855e+02
2.880000e-06	1.931877e-06	6.972168e-09	1.466954e+01	4.586381e+02
2.890000e-06	1.861081e-06	6.895379e-09	1.413196e+01	4.531919e+02
2.900000e-06	1.789912e-06	6.822424e-09	1.359154e+01	4.476421e+02
2.910000e-06	1.718414e-06	6.737698e-09	1.304863e+01	4.419840e+02
2.920000e-06	1.646629e-06	6.640511e-09	1.250353e+01	4.362138e+02
2.930000e-06	1.574516e-06	6.550144e-09	1.195595e+01	4.303290e+02
2.940000e-06	1.502039e-06	6.467722e-09	1.140560e+01	4.243287e+02
2.950000e-06	1.429264e-06	6.380888e-09	1.085299e+01	4.182131e+02
2.960000e-06	1.356227e-06	6.284099e-09	1.029839e+01	4.119834e+02
2.970000e-06	1.282919e-06	6.183240e-09	9.741736e+00	4.056403e+02
2.980000e-06	1.209362e-06	6.087002e-09	9.183187e+00	3.991832e+02
2.990000e-06	1.135557e-06	5.992169e-09	8.622749e+00	3.926091e+02
3.000000e-06	1.061557e-06	5.890244e-09	8.060839e+00	3.859124e+02
3.010000e-06	9.873428e-07	5.782165e-09	7.497301e+00	3.790850e+02
3.020000e-06	9.128489e-07	5.675334e-09	6.931638e+00	3.721169e+02
3.030000e-06	8.381827e-07	5.573831e-09	6.364667e+00	3.649978e+02
3.040000e-06	7.634106e-07	5.470661e-09	5.796892e+00	3.577181e+02
3.050000e-06	6.884358e-07	5.358354e-09	5.227577e+00	3.502710e+02
3.060000e-06	6.132584e-07	5.237537e-09	4.656724e+00	3.426529e+02
3.070000e-06	5.379218e-07	5.116747e-09	4.084662e+00	3.348642e+02
3.080000e-06	4.624305e-07	4.998051e-09	3.511425e+00	3.269083e+02
3.090000e-06	3.868756e-07	4.874704e-09	2.937706e+00	3.187906e+02
3.100000e-06	3.112385e-07	4.746172e-09	2.363363e+00	3.105166e+02
3.110000e-06	2.354871e-07	4.618563e-09	1.788151e+00	3.020903e+02
3.120000e-06	1.597235e-07	4.494313e-09	1.212846e+00	2.935122e+02
3.130000e-06	8.393506e-08	4.367102e-09	6.373536e-01	2.847786e+02
3.140000e-06	8.075907e-09	4.231842e-09	6.132369e-02	2.758814e+02
3.150000e-06	-6.787206e-08	4.089823e-09	-5.153805e-01	2.668086e+02
3.160000e-06	-1.437860e-07	3.946909e-09	-1.091826e+00	2.575458e+02
3.170000e-06	-2.196296e-07	3.806102e-09	-1.667738e+00	2.480781e+02
3.180000e-06	-2.954270e-07	3.662785e-09	-2.243299e+00	2.383915e+02
3.190000e-06	-3.711031e-07	3.511432e-09	-2.817939e+00	2.284746e+02
3.200000e-06	-4.467092e-07	3.355062e-09	-3.392047e+00	2.183194e+02
3.210000e-06	-5.222288e-07	3.198775e-09	-3.965499e+00	2.079214e+02
3.220000e-06	-5.975639e-07	3.042607e-09	-4.537550e+00	1.972794e+02
3.230000e-06	-6.727544e-07	2.881648e-09	-5.108502e+00	1.863945e+02
3.240000e-06	-7.477919e-07	2.710940e-09	-5.678292e+00	1.752690e+02
3.250000e-06	-8.225826e-07	2.533578e-09	-6.246209e+00	1.639056e+02
3.260000e-06	-8.971622e-07	2.354773e-09	-6.812523e+00	1.523068e+02
3.270000e-06	-9.715187e-07	2.176027e-09	-7.377142e+00	1.404747e+02
3.280000e-06	-1.045645e-06	1.994144e-09	-7.940015e+00	1.284108e+02
3.290000e-06	-1.119503e-06	1.807410e-09	-8.500851e+00	1.161163e+02
3.300000e-06	-1.193108e-06	1.616997e-09	-9.059761e+00	1.035922e+02
3.310000e-06	-1.266473e-06	1.424678e-09	-9.616849e+00	9.083969e+01
3.320000e-06	-1.339549e-06	1.228498e-09	-1.017175e+01	7.785908e+01
3.330000e-06	-1.412350e-06	1.024429e-09	-1.072455e+01	6.464984e+01
3.340000e-06	-1.484824e-06	8.149181e-10	-1.127488e+01	5.120963e+01
3.350000e-06	-1.556965e-06	6.053938e-10	-1.182268e+01	3.753364e+01
3.360000e-06	-1.628808e-06	3.979379e-10	-1.236821e+01	2.361415e+01
3.370000e-06	-1.700299e-06	1.878021e-10	-1.291107e+01	9.440581e+00
3.380000e-06	-1.771475e-06	-2.905953e-11	-1.345154e+01	-4.999981e+00
3.390000e-06	-1.842446e-06	-2.546265e-10	-1.399045e+01	-1.972173e+01
3.400000e-06	-1.913136e-06	-4.864272e-10	-1.452723e+01	-3.473867e+01
3.410000e-06	-1.983433e-06	-7.230008e-10	-1.506102e+01	-5.006301e+01
3.420000e-06	-2.053222e-06	-9.633447e-10	-1.559097e+01	-6.570348e+01
3.430000e-06	-2.122292e-06	-1.204306e-09	-1.611544e+01	-8.166391e+01
3.440000e-06	-2.190581e-06	-1.448977e-09	-1.663398e+01	-9.794204e+01
3.450000e-06	-2.258281e-06	-1.698627e-09	-1.714806e+01	-1.145286e+02
3.460000e-06	-2.325563e-06	-1.954451e-09	-1.765896e+01	-1.314067e+02
3.470000e-06	-2.392473e-06	-2.216889e-09	-1.816704e+01	-1.485510e+02
3.480000e-06	-2.458961e-06	-2.482749e-09	-1.867191e+01	-1.659275e+02
3.490000e-06	-2.524931e-06	-2.750710e-09	-1.917284e+01	-1.834928e+02
3.500000e-06	-2.590385e-06	-3.020742e-09	-1.966986e+01	-2.011938e+02
3.510000e-06	-2.655319e-06	-3.292540e-09	-2.016293e+01	-2.189677e+02
3.520000e-06	-2.719678e-06	-3.566152e-09	-2.065164e+01	-2.367424e+02
3.530000e-06	-2.783449e-06	-3.837569e-09	-2.113587e+01	-2.544383e+02
3.540000e-06	-2.846630e-06	-4.104618e-09	-2.161564e+01	-2.719699e+02
3.550000e-06	-2.909272e-06	-4.368878e-09	-2.209131e+01	-2.892500e+02
3.560000e-06	-2.971261e-06	-4.629087e-09	-2.256201e+01	-3.061930e+02
3.570000e-06	-3.032443e-06	-4.884499e-09	-2.302659e+01	-3.227192e+02
3.580000e-06	-3.092756e-06	-5.132035e-09	-2.348457e+01	-3.387595e+02
3.590000e-06	-3.152231e-06	-5.371546e-09	-2.393619e+01	-3.542578e+02
3.600000e-06	-3.211099e-06	-5.601699e-09	-2.438320e+01	-3.691740e+02
3.610000e-06	-3.269441e-06	-5.822975e-09	-2.482621e+01	-3.834837e+02
3.620000e-06	-3.327111e-06	-6.032030e-09	-2.526413e+01	-3.971780e+02
3.630000e-06	-3.383983e-06	-6.231339e-09	-2.569598e+01	-4.102601e+02
3.640000e-06	-3.440007e-06	-6.423951e-09	-2.612139e+01	-4.227431e+02
3.650000e-06	-3.495332e-06	-6.608589e-09	-2.654150e+01	-4.346455e+02
3.660000e-06	-3.550076e-06	-6.785460e-09	-2.695719e+01	-4.459883e+02
3.670000e-06	-3.603983e-06	-6.952153e-09	-2.736653e+01	-4.567923e+02
3.680000e-06	-3.656716e-06	-7.112232e-09	-2.776696e+01	-4.670768e+02
3.690000e-06	-3.708364e-06	-7.263498e-09	-2.815914e+01	-4.768589e+02
3.700000e-06	-3.759198e-06	-7.403302e-09	-2.854514e+01	-4.861547e+02
3.710000e-06	-3.809206e-06	-7.533625e-09	-2.892487e+01	-4.949799e+02
3.720000e-06	-3.858361e-06	-7.659739e-09	-2.929813e+01	-5.033518e+02
3.730000e-06	-3.906505e-06	-7.784783e-09	-2.966370e+01	-5.112898e+02
3.740000e-06	-3.953385e-06	-7.908116e-09	-3.001968e+01	-5.188165e+02
3.750000e-06	-3.999165e-06	-8.023730e-09	-3.036731e+01	-5.259571e+02
3.760000e-06	-4.044203e-06	-8.129197e-09	-3.070930e+01	-5.327387e+02
3.770000e-06	-4.088503e-06	-8.226714e-09	-3.104569e+01	-5.391891e+02
3.780000e-06	-4.132022e-06	-8.317253e-09	-3.137615e+01	-5.453352e+02
3.790000e-06	-4.174863e-06	-8.403072e-09	-3.170145e+01	-5.512018e+02
3.800000e-06	-4.216932e-06	-8.488248e-09	-3.202090e+01	-5.568105e+02
3.810000e-06	-4.258138e-06	-8.574989e-09	-3.233380e+01	-5.621799e+02
3.820000e-06	-4.298451e-06	-8.660158e-09	-3.263991e+01	-5.673250e+02
3.830000e-06	-4.337934e-06	-8.741087e-09	-3.293973e+01	-5.722578e+02
3.840000e-06	-4.376626e-06	-8.815909e-09	-3.323353e+01	-5.769882e+02
3.850000e-06	-4.414216e-06	-8.884082e-09	-3.351896e+01	-5.815243e+02
3.860000e-06	-4.450514e-06	-8.947381e-09	-3.379459e+01	-5.858727e+02
3.870000e-06	-4.485798e-06	-9.009800e-09	-3.406251e+01	-5.900390e+02
3.880000e-06	-4.520242e-06	-9.071832e-09	-3.432406e+01	-5.940277e+02
3.890000e-06	-4.553720e-06	-9.132082e-09	-3.457828e+01	-5.978421e+02
3.900000e-06	-4.586191e-06	-9.188992e-09	-3.482484e+01	-6.014848e+02
3.910000e-06	-4.617741e-06	-9.242639e-09	-3.506441e+01	-6.049578e+02
3.920000e-06	-4.648401e-06	-9.294785e-09	-3.529722e+01	-6.082631e+02
3.930000e-06	-4.677900e-06	-9.345271e-09	-3.552123e+01	-6.114029e+02
3.940000e-06	-4.706034e-06	-9.391659e-09	-3.573486e+01	-6.143808e+02
3.950000e-06	-4.733066e-06	-9.432076e-09	-3.594012e+01	-6.172014e+02
3.960000e-06	-4.759176e-06	-9.470847e-09	-3.613838e+01	-6.198711e+02
3.970000e-06	-4.784247e-06	-9.509602e-09	-3.632876e+01	-6.223970e+02
3.980000e-06	-4.808265e-06	-9.546415e-09	-3.651114e+01	-6.247868e+02
3.990000e-06	-4.831416e-06	-9.580733e-09	-3.668694e+01	-6.270477e+02
4.000000e-06	-4.853651e-06	-9.612614e-09	-3.685577e+01	-6.291858e+02
4.010000e-06	-4.874590e-06	-9.643259e-09	-3.701477e+01	-6.312055e+02
4.020000e-06	-4.894235e-06	-9.673234e-09	-3.716395e+01	-6.331096e+02
4.030000e-06	-4.912855e-06	-9.701299e-09	-3.730533e+01	-6.348999e+02
4.040000e-06	-4.930484e-06	-9.726755e-09	-3.743920e+01	-6.365773e+02
4.050000e-06	-4.947109e-06	-9.748867e-09	-3.756544e+01	-6.381435e+02
4.060000e-06	-4.962785e-06	-9.767973e-09	-3.768447e+01	-6.396015e+02
4.070000e-06	-4.977505e-06	-9.787981e-09	-3.779625e+01	-6.409558e+02
4.080000e-06	-4.990954e-06	-9.808900e-09	-3.789837e+01	-6.422124e+02
4.090000e-06	-5.002924e-06	-9.826881e-09	-3.798926e+01	-6.433785e+02
4.100000e-06	-5.013553e-06	-9.841531e-09	-3.806997e+01	-6.444606e+02
4.110000e-06	-5.023092e-06	-9.854914e-09	-3.814241e+01	-6.454637e+02
4.120000e-06	-5.031601e-06	-9.867569e-09	-3.820702e+01	-6.463905e+02
4.130000e-06	-5.039125e-06	-9.880100e-09	-3.826416e+01	-6.472404e+02
4.140000e-06	-5.045762e-06	-9.892086e-09	-3.831455e+01	-6.480103e+02
4.150000e-06	-5.051125e-06	-9.900328e-09	-3.835527e+01	-6.486955e+02
4.160000e-06	-5.055060e-06	-9.905923e-09	-3.838515e+01	-6.492913e+02
4.170000e-06	-5.057924e-06	-9.910711e-09	-3.840691e+01	-6.497948e+02
4.180000e-06	-5.059844e-06	-9.914401e-09	-3.842148e+01	-6.502063e+02
4.190000e-06	-5.060707e-06	-9.917225e-09	-3.842804e+01	-6.505302e+02
