# Temperatura_=_40.09
# Concentracion g/m^3_=_18600.0
# C_Vs_to_Am_M_A/Vsm_=_65563218390.804596
# pendiente_HvsI_1/m_=_3716.3
# ordenada_HvsI_A/m_=_1297.0
# frecuencia_Hz_=_238182.88376286815

Tiempo_(s)	Campo_(V.s)	Magnetizacion_(V.s)	Campo_(kA/m)	Magnetizacion_(A/m)
0.000000e+00	-5.043813e-06	-9.922924e-09	-3.842927e+01	-6.500765e+02
1.000000e-08	-5.042980e-06	-9.930413e-09	-3.842293e+01	-6.502932e+02
2.000000e-08	-5.041204e-06	-9.937145e-09	-3.840940e+01	-6.504450e+02
3.000000e-08	-5.038141e-06	-9.940071e-09	-3.838606e+01	-6.505308e+02
4.000000e-08	-5.033873e-06	-9.941066e-09	-3.835354e+01	-6.505479e+02
5.000000e-08	-5.028700e-06	-9.936279e-09	-3.831413e+01	-6.504913e+02
6.000000e-08	-5.022615e-06	-9.918667e-09	-3.826776e+01	-6.503557e+02
7.000000e-08	-5.015411e-06	-9.908026e-09	-3.821288e+01	-6.501354e+02
8.000000e-08	-5.007055e-06	-9.934533e-09	-3.814922e+01	-6.498268e+02
9.000000e-08	-4.997438e-06	-9.999498e-09	-3.807594e+01	-6.494282e+02
1.000000e-07	-4.986181e-06	-9.970672e-09	-3.799017e+01	-6.489415e+02
1.100000e-07	-4.973413e-06	-9.835719e-09	-3.789289e+01	-6.483714e+02
1.200000e-07	-4.959747e-06	-9.765108e-09	-3.778877e+01	-6.477257e+02
1.300000e-07	-4.945232e-06	-9.930349e-09	-3.767818e+01	-6.470142e+02
1.400000e-07	-4.929220e-06	-9.992665e-09	-3.755618e+01	-6.462470e+02
1.500000e-07	-4.911689e-06	-9.743563e-09	-3.742261e+01	-6.454335e+02
1.600000e-07	-4.893247e-06	-9.820274e-09	-3.728210e+01	-6.445806e+02
1.700000e-07	-4.873857e-06	-9.950850e-09	-3.713436e+01	-6.436919e+02
1.800000e-07	-4.853477e-06	-9.748796e-09	-3.697909e+01	-6.427668e+02
1.900000e-07	-4.832466e-06	-9.767336e-09	-3.681900e+01	-6.418007e+02
2.000000e-07	-4.810579e-06	-9.871490e-09	-3.665224e+01	-6.407854e+02
2.100000e-07	-4.787331e-06	-9.705059e-09	-3.647512e+01	-6.397103e+02
2.200000e-07	-4.763023e-06	-9.677889e-09	-3.628991e+01	-6.385638e+02
2.300000e-07	-4.737891e-06	-9.808539e-09	-3.609843e+01	-6.373349e+02
2.400000e-07	-4.711629e-06	-9.727541e-09	-3.589834e+01	-6.360145e+02
2.500000e-07	-4.684133e-06	-9.654771e-09	-3.568884e+01	-6.345970e+02
2.600000e-07	-4.655513e-06	-9.671362e-09	-3.547078e+01	-6.330804e+02
2.700000e-07	-4.625893e-06	-9.602118e-09	-3.524510e+01	-6.314670e+02
2.800000e-07	-4.595393e-06	-9.585868e-09	-3.501272e+01	-6.297625e+02
2.900000e-07	-4.563902e-06	-9.604729e-09	-3.477279e+01	-6.279752e+02
3.000000e-07	-4.531435e-06	-9.519618e-09	-3.452542e+01	-6.261149e+02
3.100000e-07	-4.498185e-06	-9.519489e-09	-3.427209e+01	-6.241911e+02
3.200000e-07	-4.463872e-06	-9.525580e-09	-3.401065e+01	-6.222121e+02
3.300000e-07	-4.428324e-06	-9.457646e-09	-3.373981e+01	-6.201838e+02
3.400000e-07	-4.391807e-06	-9.446332e-09	-3.346158e+01	-6.181092e+02
3.500000e-07	-4.354331e-06	-9.394761e-09	-3.317605e+01	-6.159881e+02
3.600000e-07	-4.315832e-06	-9.326941e-09	-3.288272e+01	-6.138180e+02
3.700000e-07	-4.276405e-06	-9.332933e-09	-3.258232e+01	-6.115946e+02
3.800000e-07	-4.236133e-06	-9.332470e-09	-3.227549e+01	-6.093129e+02
3.900000e-07	-4.195043e-06	-9.260671e-09	-3.196242e+01	-6.069684e+02
4.000000e-07	-4.153017e-06	-9.214496e-09	-3.164222e+01	-6.045579e+02
4.100000e-07	-4.109792e-06	-9.200584e-09	-3.131288e+01	-6.020796e+02
4.200000e-07	-4.065451e-06	-9.165738e-09	-3.097505e+01	-5.995338e+02
4.300000e-07	-4.020224e-06	-9.117456e-09	-3.063046e+01	-5.969221e+02
4.400000e-07	-3.974144e-06	-9.064231e-09	-3.027937e+01	-5.942468e+02
4.500000e-07	-3.927225e-06	-9.008687e-09	-2.992189e+01	-5.915100e+02
4.600000e-07	-3.879412e-06	-8.986276e-09	-2.955759e+01	-5.887131e+02
4.700000e-07	-3.830791e-06	-8.968545e-09	-2.918715e+01	-5.858559e+02
4.800000e-07	-3.781324e-06	-8.898849e-09	-2.881026e+01	-5.829370e+02
4.900000e-07	-3.730673e-06	-8.843188e-09	-2.842434e+01	-5.799534e+02
5.000000e-07	-3.678774e-06	-8.805219e-09	-2.802891e+01	-5.769014e+02
5.100000e-07	-3.625985e-06	-8.770169e-09	-2.762672e+01	-5.737774e+02
5.200000e-07	-3.572398e-06	-8.719949e-09	-2.721843e+01	-5.705786e+02
5.300000e-07	-3.517975e-06	-8.649691e-09	-2.680377e+01	-5.673035e+02
5.400000e-07	-3.462764e-06	-8.589432e-09	-2.638312e+01	-5.639523e+02
5.500000e-07	-3.406777e-06	-8.552751e-09	-2.595655e+01	-5.605266e+02
5.600000e-07	-3.350131e-06	-8.517282e-09	-2.552495e+01	-5.570290e+02
5.700000e-07	-3.292934e-06	-8.449046e-09	-2.508916e+01	-5.534623e+02
5.800000e-07	-3.235015e-06	-8.378229e-09	-2.464787e+01	-5.498286e+02
5.900000e-07	-3.176028e-06	-8.324730e-09	-2.419845e+01	-5.461288e+02
6.000000e-07	-3.116127e-06	-8.283071e-09	-2.374206e+01	-5.423620e+02
6.100000e-07	-3.055657e-06	-8.229606e-09	-2.328133e+01	-5.385254e+02
6.200000e-07	-2.994681e-06	-8.157203e-09	-2.281675e+01	-5.346150e+02
6.300000e-07	-2.933066e-06	-8.084654e-09	-2.234730e+01	-5.306262e+02
6.400000e-07	-2.870772e-06	-8.028707e-09	-2.187267e+01	-5.265542e+02
6.500000e-07	-2.807917e-06	-7.974860e-09	-2.139378e+01	-5.223955e+02
6.600000e-07	-2.744483e-06	-7.904378e-09	-2.091047e+01	-5.181475e+02
6.700000e-07	-2.680414e-06	-7.829256e-09	-2.042232e+01	-5.138095e+02
6.800000e-07	-2.615865e-06	-7.764164e-09	-1.993052e+01	-5.093817e+02
6.900000e-07	-2.550918e-06	-7.710519e-09	-1.943568e+01	-5.048650e+02
7.000000e-07	-2.485413e-06	-7.644003e-09	-1.893659e+01	-5.002603e+02
7.100000e-07	-2.419251e-06	-7.559041e-09	-1.843250e+01	-4.955677e+02
7.200000e-07	-2.352366e-06	-7.471427e-09	-1.792289e+01	-4.907861e+02
7.300000e-07	-2.284762e-06	-7.399291e-09	-1.740781e+01	-4.859133e+02
7.400000e-07	-2.216562e-06	-7.334707e-09	-1.688819e+01	-4.809462e+02
7.500000e-07	-2.147951e-06	-7.256336e-09	-1.636544e+01	-4.758813e+02
7.600000e-07	-2.079015e-06	-7.169114e-09	-1.584021e+01	-4.707156e+02
7.700000e-07	-2.009704e-06	-7.088430e-09	-1.531212e+01	-4.654474e+02
7.800000e-07	-1.939965e-06	-7.019933e-09	-1.478077e+01	-4.600764e+02
7.900000e-07	-1.869773e-06	-6.943176e-09	-1.424597e+01	-4.546038e+02
8.000000e-07	-1.799148e-06	-6.848484e-09	-1.370788e+01	-4.490320e+02
8.100000e-07	-1.728160e-06	-6.747982e-09	-1.316701e+01	-4.433635e+02
8.200000e-07	-1.656777e-06	-6.659769e-09	-1.262314e+01	-4.376004e+02
8.300000e-07	-1.585001e-06	-6.580311e-09	-1.207627e+01	-4.317427e+02
8.400000e-07	-1.512925e-06	-6.491480e-09	-1.152711e+01	-4.257884e+02
8.500000e-07	-1.440561e-06	-6.393627e-09	-1.097576e+01	-4.197328e+02
8.600000e-07	-1.367966e-06	-6.296303e-09	-1.042266e+01	-4.135688e+02
8.700000e-07	-1.295205e-06	-6.206700e-09	-9.868285e+00	-4.072881e+02
8.800000e-07	-1.222224e-06	-6.113906e-09	-9.312234e+00	-4.008816e+02
8.900000e-07	-1.148996e-06	-6.007314e-09	-8.754305e+00	-3.943412e+02
9.000000e-07	-1.075504e-06	-5.893438e-09	-8.194363e+00	-3.876603e+02
9.100000e-07	-1.001701e-06	-5.788180e-09	-7.632052e+00	-3.808348e+02
9.200000e-07	-9.276416e-07	-5.691774e-09	-7.067787e+00	-3.738627e+02
9.300000e-07	-8.533402e-07	-5.588612e-09	-6.501678e+00	-3.667442e+02
9.400000e-07	-7.786847e-07	-5.472585e-09	-5.932870e+00	-3.594804e+02
9.500000e-07	-7.037025e-07	-5.353657e-09	-5.361574e+00	-3.520726e+02
9.600000e-07	-6.284759e-07	-5.240993e-09	-4.788416e+00	-3.445214e+02
9.700000e-07	-5.529844e-07	-5.126321e-09	-4.213239e+00	-3.368255e+02
9.800000e-07	-4.773374e-07	-5.001938e-09	-3.636877e+00	-3.289822e+02
9.900000e-07	-4.016333e-07	-4.871452e-09	-3.060081e+00	-3.209866e+02
1.000000e-06	-3.257309e-07	-4.746324e-09	-2.481774e+00	-3.128327e+02
1.010000e-06	-2.497056e-07	-4.626602e-09	-1.902530e+00	-3.045137e+02
1.020000e-06	-1.736854e-07	-4.502067e-09	-1.323325e+00	-2.960227e+02
1.030000e-06	-9.760782e-08	-4.367324e-09	-7.436830e-01	-2.873531e+02
1.040000e-06	-2.142533e-08	-4.226450e-09	-1.632415e-01	-2.784986e+02
1.050000e-06	5.477666e-08	-4.086288e-09	4.173484e-01	-2.694533e+02
1.060000e-06	1.309079e-07	-3.944042e-09	9.973993e-01	-2.602109e+02
1.070000e-06	2.070240e-07	-3.795821e-09	1.577335e+00	-2.507646e+02
1.080000e-06	2.830923e-07	-3.643590e-09	2.156907e+00	-2.411067e+02
1.090000e-06	3.590926e-07	-3.493555e-09	2.735960e+00	-2.312287e+02
1.100000e-06	4.350134e-07	-3.344898e-09	3.314407e+00	-2.211217e+02
1.110000e-06	5.107079e-07	-3.189562e-09	3.891130e+00	-2.107771e+02
1.120000e-06	5.861906e-07	-3.023453e-09	4.466240e+00	-2.001875e+02
1.130000e-06	6.615562e-07	-2.852023e-09	5.040457e+00	-1.893479e+02
1.140000e-06	7.366940e-07	-2.681918e-09	5.612940e+00	-1.782565e+02
1.150000e-06	8.114921e-07	-2.510705e-09	6.182833e+00	-1.669147e+02
1.160000e-06	8.859933e-07	-2.334052e-09	6.750465e+00	-1.553268e+02
1.170000e-06	9.601467e-07	-2.152836e-09	7.315446e+00	-1.434997e+02
1.180000e-06	1.033942e-06	-1.970204e-09	7.877698e+00	-1.314409e+02
1.190000e-06	1.107411e-06	-1.783814e-09	8.437464e+00	-1.191579e+02
1.200000e-06	1.180563e-06	-1.590537e-09	8.994816e+00	-1.066558e+02
1.210000e-06	1.253502e-06	-1.392207e-09	9.550548e+00	-9.393713e+01
1.220000e-06	1.326297e-06	-1.192599e-09	1.010518e+01	-8.100094e+01
1.230000e-06	1.398896e-06	-9.940760e-10	1.065832e+01	-6.784274e+01
1.240000e-06	1.471257e-06	-7.939574e-10	1.120964e+01	-5.445518e+01
1.250000e-06	1.543310e-06	-5.866817e-10	1.175862e+01	-4.082882e+01
1.260000e-06	1.615001e-06	-3.729933e-10	1.230484e+01	-2.695311e+01
1.270000e-06	1.686331e-06	-1.550241e-10	1.284831e+01	-1.281721e+01
1.280000e-06	1.757259e-06	6.710793e-11	1.338872e+01	1.589431e+00
1.290000e-06	1.827839e-06	2.928729e-10	1.392647e+01	1.627680e+01
1.300000e-06	1.898010e-06	5.235521e-10	1.446112e+01	3.125423e+01
1.310000e-06	1.967724e-06	7.578424e-10	1.499227e+01	4.653038e+01
1.320000e-06	2.037035e-06	9.940998e-10	1.552036e+01	6.211292e+01
1.330000e-06	2.106018e-06	1.234613e-09	1.604594e+01	7.800780e+01
1.340000e-06	2.174721e-06	1.482051e-09	1.656940e+01	9.421797e+01
1.350000e-06	2.243063e-06	1.736868e-09	1.709010e+01	1.107415e+02
1.360000e-06	2.310839e-06	1.997010e-09	1.760649e+01	1.275695e+02
1.370000e-06	2.377880e-06	2.258215e-09	1.811728e+01	1.446832e+02
1.380000e-06	2.444062e-06	2.522027e-09	1.862153e+01	1.620528e+02
1.390000e-06	2.509516e-06	2.789973e-09	1.912024e+01	1.796353e+02
1.400000e-06	2.574498e-06	3.059943e-09	1.961533e+01	1.973745e+02
1.410000e-06	2.639068e-06	3.329569e-09	2.010731e+01	2.152021e+02
1.420000e-06	2.703174e-06	3.600153e-09	2.059573e+01	2.330394e+02
1.430000e-06	2.766729e-06	3.870835e-09	2.107996e+01	2.508010e+02
1.440000e-06	2.829729e-06	4.138815e-09	2.155996e+01	2.683982e+02
1.450000e-06	2.892172e-06	4.402151e-09	2.203572e+01	2.857434e+02
1.460000e-06	2.954031e-06	4.659084e-09	2.250703e+01	3.027541e+02
1.470000e-06	3.015286e-06	4.909335e-09	2.297374e+01	3.193561e+02
1.480000e-06	3.076014e-06	5.152648e-09	2.343644e+01	3.354860e+02
1.490000e-06	3.136198e-06	5.389005e-09	2.389498e+01	3.510926e+02
1.500000e-06	3.195524e-06	5.616494e-09	2.434699e+01	3.661377e+02
1.510000e-06	3.253713e-06	5.833611e-09	2.479034e+01	3.805954e+02
1.520000e-06	3.310953e-06	6.040480e-09	2.522646e+01	3.944509e+02
1.530000e-06	3.367582e-06	6.239085e-09	2.565792e+01	4.076999e+02
1.540000e-06	3.423605e-06	6.428263e-09	2.608476e+01	4.203459e+02
1.550000e-06	3.478916e-06	6.608548e-09	2.650618e+01	4.323995e+02
1.560000e-06	3.533519e-06	6.782051e-09	2.692221e+01	4.438762e+02
1.570000e-06	3.587365e-06	6.946684e-09	2.733246e+01	4.547951e+02
1.580000e-06	3.640354e-06	7.103175e-09	2.773619e+01	4.651779e+02
1.590000e-06	3.692359e-06	7.253124e-09	2.813242e+01	4.750474e+02
1.600000e-06	3.743115e-06	7.396209e-09	2.851914e+01	4.844265e+02
1.610000e-06	3.792736e-06	7.531391e-09	2.889721e+01	4.933380e+02
1.620000e-06	3.841566e-06	7.658380e-09	2.926924e+01	5.018035e+02
1.630000e-06	3.889626e-06	7.777000e-09	2.963542e+01	5.098441e+02
1.640000e-06	3.936888e-06	7.889101e-09	2.999551e+01	5.174799e+02
1.650000e-06	3.983342e-06	7.998189e-09	3.034945e+01	5.247309e+02
1.660000e-06	4.028953e-06	8.104404e-09	3.069697e+01	5.316176e+02
1.670000e-06	4.073842e-06	8.206449e-09	3.103898e+01	5.381612e+02
1.680000e-06	4.118037e-06	8.301618e-09	3.137570e+01	5.443840e+02
1.690000e-06	4.161167e-06	8.389452e-09	3.170431e+01	5.503097e+02
1.700000e-06	4.203034e-06	8.470847e-09	3.202330e+01	5.559621e+02
1.710000e-06	4.243980e-06	8.545976e-09	3.233527e+01	5.613649e+02
1.720000e-06	4.284139e-06	8.617408e-09	3.264125e+01	5.665401e+02
1.730000e-06	4.323368e-06	8.690612e-09	3.294014e+01	5.715068e+02
1.740000e-06	4.361685e-06	8.767209e-09	3.323208e+01	5.762800e+02
1.750000e-06	4.399137e-06	8.842410e-09	3.351743e+01	5.808702e+02
1.760000e-06	4.435745e-06	8.911440e-09	3.379635e+01	5.852829e+02
1.770000e-06	4.471353e-06	8.974234e-09	3.406765e+01	5.895198e+02
1.780000e-06	4.505715e-06	9.034048e-09	3.432946e+01	5.935793e+02
1.790000e-06	4.538993e-06	9.091279e-09	3.458300e+01	5.974584e+02
1.800000e-06	4.571348e-06	9.145028e-09	3.482952e+01	6.011545e+02
1.810000e-06	4.602712e-06	9.192797e-09	3.506849e+01	6.046664e+02
1.820000e-06	4.633098e-06	9.238241e-09	3.530000e+01	6.079959e+02
1.830000e-06	4.662563e-06	9.286652e-09	3.552450e+01	6.111478e+02
1.840000e-06	4.691167e-06	9.336601e-09	3.574243e+01	6.141296e+02
1.850000e-06	4.718724e-06	9.384224e-09	3.595239e+01	6.169511e+02
1.860000e-06	4.744975e-06	9.426741e-09	3.615240e+01	6.196228e+02
1.870000e-06	4.769994e-06	9.465440e-09	3.634302e+01	6.221550e+02
1.880000e-06	4.793964e-06	9.499997e-09	3.652566e+01	6.245564e+02
1.890000e-06	4.816954e-06	9.530253e-09	3.670081e+01	6.268337e+02
1.900000e-06	4.838935e-06	9.556923e-09	3.686829e+01	6.289914e+02
1.910000e-06	4.860006e-06	9.584540e-09	3.702884e+01	6.310320e+02
1.920000e-06	4.880187e-06	9.616857e-09	3.718259e+01	6.329569e+02
1.930000e-06	4.899312e-06	9.651402e-09	3.732831e+01	6.347670e+02
1.940000e-06	4.917373e-06	9.683178e-09	3.746592e+01	6.364635e+02
1.950000e-06	4.934340e-06	9.709924e-09	3.759519e+01	6.380487e+02
1.960000e-06	4.950056e-06	9.730428e-09	3.771493e+01	6.395259e+02
1.970000e-06	4.964550e-06	9.745943e-09	3.782536e+01	6.408993e+02
1.980000e-06	4.977949e-06	9.760234e-09	3.792745e+01	6.421736e+02
1.990000e-06	4.990188e-06	9.775442e-09	3.802070e+01	6.433531e+02
2.000000e-06	5.000997e-06	9.794089e-09	3.810305e+01	6.444417e+02
2.010000e-06	5.010470e-06	9.815178e-09	3.817524e+01	6.454420e+02
2.020000e-06	5.018902e-06	9.836129e-09	3.823948e+01	6.463555e+02
2.030000e-06	5.026313e-06	9.853011e-09	3.829594e+01	6.471832e+02
2.040000e-06	5.032675e-06	9.863214e-09	3.834441e+01	6.479256e+02
2.050000e-06	5.037977e-06	9.868259e-09	3.838481e+01	6.485834e+02
2.060000e-06	5.042306e-06	9.874092e-09	3.841779e+01	6.491583e+02
2.070000e-06	5.045412e-06	9.881995e-09	3.844146e+01	6.496530e+02
2.080000e-06	5.047159e-06	9.893323e-09	3.845477e+01	6.500711e+02
2.090000e-06	5.047846e-06	9.905016e-09	3.846000e+01	6.504164e+02
2.100000e-06	5.047567e-06	9.911499e-09	3.845788e+01	6.506930e+02
2.110000e-06	5.046283e-06	9.914415e-09	3.844809e+01	6.509034e+02
2.120000e-06	5.044038e-06	9.914375e-09	3.843099e+01	6.510489e+02
2.130000e-06	5.040915e-06	9.914095e-09	3.840720e+01	6.511284e+02
2.140000e-06	5.036712e-06	9.911776e-09	3.837518e+01	6.511385e+02
2.150000e-06	5.031132e-06	9.912994e-09	3.833266e+01	6.510746e+02
2.160000e-06	5.024421e-06	9.929480e-09	3.828153e+01	6.509309e+02
2.170000e-06	5.016838e-06	9.924848e-09	3.822375e+01	6.507023e+02
2.180000e-06	5.008258e-06	9.844758e-09	3.815838e+01	6.503849e+02
2.190000e-06	4.998374e-06	9.800784e-09	3.808307e+01	6.499777e+02
2.200000e-06	4.986531e-06	9.883535e-09	3.799284e+01	6.494826e+02
2.210000e-06	4.972746e-06	1.003117e-08	3.788781e+01	6.489048e+02
2.220000e-06	4.958140e-06	9.900956e-09	3.777653e+01	6.482523e+02
2.230000e-06	4.943245e-06	9.720160e-09	3.766304e+01	6.475351e+02
2.240000e-06	4.927271e-06	9.907946e-09	3.754133e+01	6.467631e+02
2.250000e-06	4.909951e-06	9.886495e-09	3.740937e+01	6.459457e+02
2.260000e-06	4.892060e-06	9.658482e-09	3.727305e+01	6.450894e+02
2.270000e-06	4.873369e-06	9.768277e-09	3.713065e+01	6.441974e+02
2.280000e-06	4.853106e-06	9.867603e-09	3.697626e+01	6.432688e+02
2.290000e-06	4.831475e-06	9.675961e-09	3.681145e+01	6.422984e+02
2.300000e-06	4.808823e-06	9.688473e-09	3.663887e+01	6.412779e+02
2.310000e-06	4.785114e-06	9.844883e-09	3.645823e+01	6.401964e+02
2.320000e-06	4.760556e-06	9.693507e-09	3.627112e+01	6.390424e+02
2.330000e-06	4.735060e-06	9.643262e-09	3.607686e+01	6.378049e+02
2.340000e-06	4.708510e-06	9.746094e-09	3.587457e+01	6.364753e+02
2.350000e-06	4.681151e-06	9.629843e-09	3.566612e+01	6.350482e+02
2.360000e-06	4.652559e-06	9.669035e-09	3.544827e+01	6.335221e+02
2.370000e-06	4.622489e-06	9.695796e-09	3.521917e+01	6.318995e+02
2.380000e-06	4.591497e-06	9.540334e-09	3.498304e+01	6.301866e+02
2.390000e-06	4.559578e-06	9.603779e-09	3.473985e+01	6.283918e+02
2.400000e-06	4.526687e-06	9.583260e-09	3.448924e+01	6.265249e+02
2.410000e-06	4.493038e-06	9.457757e-09	3.423287e+01	6.245955e+02
2.420000e-06	4.458469e-06	9.504366e-09	3.396949e+01	6.226117e+02
2.430000e-06	4.422945e-06	9.450241e-09	3.369883e+01	6.205789e+02
2.440000e-06	4.386303e-06	9.394575e-09	3.341964e+01	6.185000e+02
2.450000e-06	4.348358e-06	9.442444e-09	3.313054e+01	6.163744e+02
2.460000e-06	4.309413e-06	9.363338e-09	3.283381e+01	6.141994e+02
2.470000e-06	4.269609e-06	9.297815e-09	3.253054e+01	6.119707e+02
2.480000e-06	4.228876e-06	9.280579e-09	3.222020e+01	6.096832e+02
2.490000e-06	4.187302e-06	9.247733e-09	3.190344e+01	6.073325e+02
2.500000e-06	4.144859e-06	9.218716e-09	3.158007e+01	6.049154e+02
2.510000e-06	4.101626e-06	9.151116e-09	3.125067e+01	6.024307e+02
2.520000e-06	4.057550e-06	9.129414e-09	3.091485e+01	5.998785e+02
2.530000e-06	4.012442e-06	9.103831e-09	3.057116e+01	5.972606e+02
2.540000e-06	3.966415e-06	9.063229e-09	3.022048e+01	5.945792e+02
2.550000e-06	3.919589e-06	9.025817e-09	2.986371e+01	5.918367e+02
2.560000e-06	3.871885e-06	8.948524e-09	2.950025e+01	5.890340e+02
2.570000e-06	3.823235e-06	8.924848e-09	2.912958e+01	5.861711e+02
2.580000e-06	3.773645e-06	8.890206e-09	2.875175e+01	5.832461e+02
2.590000e-06	3.723166e-06	8.829891e-09	2.836715e+01	5.802561e+02
2.600000e-06	3.671792e-06	8.794808e-09	2.797572e+01	5.771973e+02
2.610000e-06	3.619378e-06	8.728267e-09	2.757637e+01	5.740662e+02
2.620000e-06	3.565846e-06	8.688685e-09	2.716851e+01	5.708601e+02
2.630000e-06	3.511338e-06	8.654505e-09	2.675321e+01	5.675776e+02
2.640000e-06	3.456112e-06	8.581921e-09	2.633243e+01	5.642191e+02
2.650000e-06	3.400194e-06	8.527283e-09	2.590639e+01	5.607863e+02
2.660000e-06	3.343578e-06	8.472330e-09	2.547503e+01	5.572819e+02
2.670000e-06	3.286281e-06	8.435875e-09	2.503848e+01	5.537087e+02
2.680000e-06	3.228311e-06	8.384493e-09	2.459680e+01	5.500687e+02
2.690000e-06	3.169719e-06	8.310921e-09	2.415038e+01	5.463625e+02
2.700000e-06	3.110540e-06	8.254427e-09	2.369949e+01	5.425891e+02
2.710000e-06	3.050738e-06	8.192384e-09	2.324385e+01	5.387456e+02
2.720000e-06	2.990092e-06	8.145631e-09	2.278179e+01	5.348279e+02
2.730000e-06	2.928502e-06	8.080626e-09	2.231253e+01	5.308312e+02
2.740000e-06	2.866133e-06	8.014171e-09	2.183733e+01	5.267510e+02
2.750000e-06	2.803227e-06	7.959467e-09	2.135804e+01	5.225836e+02
2.760000e-06	2.739831e-06	7.895538e-09	2.087503e+01	5.183270e+02
2.770000e-06	2.675850e-06	7.832186e-09	2.038755e+01	5.139802e+02
2.780000e-06	2.611235e-06	7.751069e-09	1.989524e+01	5.095438e+02
2.790000e-06	2.546028e-06	7.678437e-09	1.939842e+01	5.050185e+02
2.800000e-06	2.480314e-06	7.616624e-09	1.889774e+01	5.004053e+02
2.810000e-06	2.414075e-06	7.555142e-09	1.839306e+01	4.957041e+02
2.820000e-06	2.347352e-06	7.486934e-09	1.788469e+01	4.909137e+02
2.830000e-06	2.280282e-06	7.403441e-09	1.737368e+01	4.860319e+02
2.840000e-06	2.212771e-06	7.325763e-09	1.685931e+01	4.810554e+02
2.850000e-06	2.144621e-06	7.249908e-09	1.634006e+01	4.759808e+02
2.860000e-06	2.075759e-06	7.172431e-09	1.581540e+01	4.708053e+02
2.870000e-06	2.006253e-06	7.088038e-09	1.528583e+01	4.655270e+02
2.880000e-06	1.936205e-06	7.002575e-09	1.475212e+01	4.601460e+02
2.890000e-06	1.865670e-06	6.929633e-09	1.421471e+01	4.546637e+02
2.900000e-06	1.794776e-06	6.854104e-09	1.367457e+01	4.490823e+02
2.910000e-06	1.723621e-06	6.767763e-09	1.313243e+01	4.434046e+02
2.920000e-06	1.652190e-06	6.668712e-09	1.258819e+01	4.376323e+02
2.930000e-06	1.580436e-06	6.571308e-09	1.204149e+01	4.317653e+02
2.940000e-06	1.508336e-06	6.485825e-09	1.149215e+01	4.258014e+02
2.950000e-06	1.435901e-06	6.400412e-09	1.094026e+01	4.197356e+02
2.960000e-06	1.363174e-06	6.311463e-09	1.038615e+01	4.135606e+02
2.970000e-06	1.290187e-06	6.216216e-09	9.830054e+00	4.072679e+02
2.980000e-06	1.216959e-06	6.121334e-09	9.272122e+00	4.008487e+02
2.990000e-06	1.143480e-06	6.024910e-09	8.712283e+00	3.942947e+02
3.000000e-06	1.069782e-06	5.919000e-09	8.150769e+00	3.875998e+02
3.010000e-06	9.958445e-07	5.809266e-09	7.587431e+00	3.807599e+02
3.020000e-06	9.216469e-07	5.700779e-09	7.022113e+00	3.737735e+02
3.030000e-06	8.472406e-07	5.597709e-09	6.455204e+00	3.666406e+02
3.040000e-06	7.726619e-07	5.492340e-09	5.886982e+00	3.593626e+02
3.050000e-06	6.979360e-07	5.381792e-09	5.317638e+00	3.519408e+02
3.060000e-06	6.230731e-07	5.266023e-09	4.747251e+00	3.443754e+02
3.070000e-06	5.480584e-07	5.148575e-09	4.175708e+00	3.366652e+02
3.080000e-06	4.729273e-07	5.030941e-09	3.603277e+00	3.288072e+02
3.090000e-06	3.977019e-07	4.905752e-09	3.030128e+00	3.207963e+02
3.100000e-06	3.223240e-07	4.775519e-09	2.455816e+00	3.126264e+02
3.110000e-06	2.468600e-07	4.646045e-09	1.880849e+00	3.042908e+02
3.120000e-06	1.713894e-07	4.519603e-09	1.305831e+00	2.957825e+02
3.130000e-06	9.583261e-08	4.392088e-09	7.301575e-01	2.870950e+02
3.140000e-06	2.022611e-08	4.260440e-09	1.541046e-01	2.782220e+02
3.150000e-06	-5.539229e-08	4.124732e-09	-4.220389e-01	2.691575e+02
3.160000e-06	-1.309728e-07	3.986024e-09	-9.978935e-01	2.598953e+02
3.170000e-06	-2.064973e-07	3.844011e-09	-1.573322e+00	2.504284e+02
3.180000e-06	-2.819771e-07	3.695490e-09	-2.148409e+00	2.407492e+02
3.190000e-06	-3.573746e-07	3.539788e-09	-2.722870e+00	2.308490e+02
3.200000e-06	-4.327083e-07	3.381991e-09	-3.296844e+00	2.207189e+02
3.210000e-06	-5.079701e-07	3.225607e-09	-3.870271e+00	2.103503e+02
3.220000e-06	-5.831111e-07	3.069839e-09	-4.442777e+00	1.997361e+02
3.230000e-06	-6.580728e-07	2.909724e-09	-5.013918e+00	1.888717e+02
3.240000e-06	-7.329154e-07	2.740373e-09	-5.584150e+00	1.777554e+02
3.250000e-06	-8.075476e-07	2.564445e-09	-6.152780e+00	1.663889e+02
3.260000e-06	-8.819012e-07	2.385783e-09	-6.719286e+00	1.547771e+02
3.270000e-06	-9.560345e-07	2.206603e-09	-7.284115e+00	1.429267e+02
3.280000e-06	-1.029994e-06	2.023742e-09	-7.847618e+00	1.308455e+02
3.290000e-06	-1.103725e-06	1.833310e-09	-8.409381e+00	1.185406e+02
3.300000e-06	-1.177121e-06	1.638775e-09	-8.968592e+00	1.060170e+02
3.310000e-06	-1.250289e-06	1.445617e-09	-9.526070e+00	9.327699e+01
3.320000e-06	-1.323245e-06	1.252815e-09	-1.008193e+01	8.031911e+01
3.330000e-06	-1.395922e-06	1.053836e-09	-1.063566e+01	6.713861e+01
3.340000e-06	-1.468341e-06	8.485005e-10	-1.118743e+01	5.372788e+01
3.350000e-06	-1.540370e-06	6.408950e-10	-1.173622e+01	4.007734e+01
3.360000e-06	-1.611992e-06	4.313935e-10	-1.228192e+01	2.617636e+01
3.370000e-06	-1.683352e-06	2.172434e-10	-1.282562e+01	1.201411e+01
3.380000e-06	-1.754464e-06	-3.803379e-12	-1.336743e+01	-2.419895e+00
3.390000e-06	-1.825309e-06	-2.316566e-10	-1.390720e+01	-1.713559e+01
3.400000e-06	-1.895854e-06	-4.608660e-10	-1.444469e+01	-3.214226e+01
3.410000e-06	-1.965970e-06	-6.901412e-10	-1.497891e+01	-4.744847e+01
3.420000e-06	-2.035454e-06	-9.242556e-10	-1.550831e+01	-6.306174e+01
3.430000e-06	-2.104263e-06	-1.166412e-09	-1.603257e+01	-7.898782e+01
3.440000e-06	-2.172438e-06	-1.414794e-09	-1.655200e+01	-9.522926e+01
3.450000e-06	-2.240031e-06	-1.666277e-09	-1.706700e+01	-1.117835e+02
3.460000e-06	-2.307165e-06	-1.921767e-09	-1.757850e+01	-1.286408e+02
3.470000e-06	-2.373948e-06	-2.182651e-09	-1.808733e+01	-1.457814e+02
3.480000e-06	-2.440316e-06	-2.448327e-09	-1.859299e+01	-1.631742e+02
3.490000e-06	-2.506152e-06	-2.714939e-09	-1.909460e+01	-1.807748e+02
3.500000e-06	-2.571487e-06	-2.982558e-09	-1.959240e+01	-1.985259e+02
3.510000e-06	-2.636318e-06	-3.253838e-09	-2.008635e+01	-2.163578e+02
3.520000e-06	-2.700574e-06	-3.530258e-09	-2.057592e+01	-2.341912e+02
3.530000e-06	-2.764210e-06	-3.805459e-09	-2.106077e+01	-2.519401e+02
3.540000e-06	-2.827316e-06	-4.074779e-09	-2.154158e+01	-2.695158e+02
3.550000e-06	-2.889941e-06	-4.337347e-09	-2.201872e+01	-2.868309e+02
3.560000e-06	-2.951859e-06	-4.594106e-09	-2.249049e+01	-3.038037e+02
3.570000e-06	-3.012904e-06	-4.847570e-09	-2.295559e+01	-3.203608e+02
3.580000e-06	-3.073140e-06	-5.096119e-09	-2.341454e+01	-3.364402e+02
3.590000e-06	-3.132635e-06	-5.337727e-09	-2.386783e+01	-3.519920e+02
3.600000e-06	-3.191508e-06	-5.568938e-09	-2.431639e+01	-3.669790e+02
3.610000e-06	-3.249747e-06	-5.791591e-09	-2.476012e+01	-3.813766e+02
3.620000e-06	-3.307253e-06	-6.006598e-09	-2.519827e+01	-3.951713e+02
3.630000e-06	-3.364036e-06	-6.212677e-09	-2.563090e+01	-4.083594e+02
3.640000e-06	-3.420068e-06	-6.406896e-09	-2.605781e+01	-4.209454e+02
3.650000e-06	-3.475411e-06	-6.590110e-09	-2.647948e+01	-4.329402e+02
3.660000e-06	-3.530079e-06	-6.765201e-09	-2.689600e+01	-4.443600e+02
3.670000e-06	-3.583750e-06	-6.934337e-09	-2.730492e+01	-4.552241e+02
3.680000e-06	-3.636305e-06	-7.096527e-09	-2.770534e+01	-4.655543e+02
3.690000e-06	-3.687921e-06	-7.246338e-09	-2.809861e+01	-4.753734e+02
3.700000e-06	-3.738689e-06	-7.385730e-09	-2.848541e+01	-4.847045e+02
3.710000e-06	-3.788632e-06	-7.519192e-09	-2.886593e+01	-4.935701e+02
3.720000e-06	-3.837717e-06	-7.650160e-09	-2.923992e+01	-5.019919e+02
3.730000e-06	-3.885701e-06	-7.776728e-09	-2.960552e+01	-5.099909e+02
3.740000e-06	-3.932407e-06	-7.897366e-09	-2.996137e+01	-5.175870e+02
3.750000e-06	-3.978133e-06	-8.011845e-09	-3.030976e+01	-5.248004e+02
3.760000e-06	-4.023168e-06	-8.119423e-09	-3.065288e+01	-5.316516e+02
3.770000e-06	-4.067487e-06	-8.219182e-09	-3.099056e+01	-5.381618e+02
3.780000e-06	-4.111066e-06	-8.310559e-09	-3.132259e+01	-5.443536e+02
3.790000e-06	-4.153965e-06	-8.396439e-09	-3.164944e+01	-5.502506e+02
3.800000e-06	-4.196090e-06	-8.482631e-09	-3.197039e+01	-5.558767e+02
3.810000e-06	-4.237377e-06	-8.571059e-09	-3.228496e+01	-5.612555e+02
3.820000e-06	-4.277786e-06	-8.656966e-09	-3.259285e+01	-5.664088e+02
3.830000e-06	-4.317327e-06	-8.736969e-09	-3.289411e+01	-5.713553e+02
3.840000e-06	-4.356044e-06	-8.810149e-09	-3.318910e+01	-5.761095e+02
3.850000e-06	-4.393654e-06	-8.879415e-09	-3.347565e+01	-5.806815e+02
3.860000e-06	-4.429957e-06	-8.947268e-09	-3.375225e+01	-5.850764e+02
3.870000e-06	-4.465233e-06	-9.012218e-09	-3.402102e+01	-5.892954e+02
3.880000e-06	-4.499709e-06	-9.073163e-09	-3.428369e+01	-5.933368e+02
3.890000e-06	-4.533265e-06	-9.132409e-09	-3.453936e+01	-5.971974e+02
3.900000e-06	-4.565769e-06	-9.190973e-09	-3.478702e+01	-6.008748e+02
3.910000e-06	-4.597346e-06	-9.247197e-09	-3.502760e+01	-6.043681e+02
3.920000e-06	-4.628057e-06	-9.299520e-09	-3.526159e+01	-6.076793e+02
3.930000e-06	-4.657599e-06	-9.348095e-09	-3.548668e+01	-6.108135e+02
3.940000e-06	-4.685795e-06	-9.394423e-09	-3.570150e+01	-6.137786e+02
3.950000e-06	-4.712921e-06	-9.438213e-09	-3.590818e+01	-6.165844e+02
3.960000e-06	-4.739183e-06	-9.479365e-09	-3.610827e+01	-6.192414e+02
3.970000e-06	-4.764427e-06	-9.518145e-09	-3.630061e+01	-6.217599e+02
3.980000e-06	-4.788624e-06	-9.554421e-09	-3.648497e+01	-6.241484e+02
3.990000e-06	-4.811968e-06	-9.588458e-09	-3.666283e+01	-6.264133e+02
4.000000e-06	-4.834378e-06	-9.620535e-09	-3.683357e+01	-6.285589e+02
4.010000e-06	-4.855483e-06	-9.650802e-09	-3.699437e+01	-6.305877e+02
4.020000e-06	-4.875284e-06	-9.680915e-09	-3.714524e+01	-6.325008e+02
4.030000e-06	-4.894047e-06	-9.707649e-09	-3.728819e+01	-6.342991e+02
4.040000e-06	-4.911837e-06	-9.732557e-09	-3.742374e+01	-6.359842e+02
4.050000e-06	-4.928627e-06	-9.757258e-09	-3.755167e+01	-6.375581e+02
4.060000e-06	-4.944423e-06	-9.780618e-09	-3.767201e+01	-6.390245e+02
4.070000e-06	-4.959239e-06	-9.802524e-09	-3.778490e+01	-6.403875e+02
4.080000e-06	-4.972784e-06	-9.819290e-09	-3.788810e+01	-6.416519e+02
4.090000e-06	-4.984899e-06	-9.833282e-09	-3.798040e+01	-6.428219e+02
4.100000e-06	-4.995749e-06	-9.845357e-09	-3.806307e+01	-6.439013e+02
4.110000e-06	-5.005440e-06	-9.857726e-09	-3.813691e+01	-6.448925e+02
4.120000e-06	-5.014017e-06	-9.871199e-09	-3.820226e+01	-6.457972e+02
4.130000e-06	-5.021585e-06	-9.886506e-09	-3.825992e+01	-6.466161e+02
4.140000e-06	-5.028239e-06	-9.901726e-09	-3.831062e+01	-6.473497e+02
4.150000e-06	-5.033683e-06	-9.912245e-09	-3.835209e+01	-6.479989e+02
4.160000e-06	-5.037762e-06	-9.916977e-09	-3.838317e+01	-6.485654e+02
4.170000e-06	-5.040750e-06	-9.917610e-09	-3.840594e+01	-6.490520e+02
4.180000e-06	-5.042787e-06	-9.916774e-09	-3.842146e+01	-6.494623e+02
4.190000e-06	-5.043805e-06	-9.917677e-09	-3.842922e+01	-6.498004e+02
