# Temperatura_=_29.24
# Concentracion g/m^3_=_18600.0
# C_Vs_to_Am_M_A/Vsm_=_65563218390.804596
# pendiente_HvsI_1/m_=_3716.3
# ordenada_HvsI_A/m_=_1297.0
# frecuencia_Hz_=_238189.67632603212

Tiempo_(s)	Campo_(V.s)	Magnetizacion_(V.s)	Campo_(kA/m)	Magnetizacion_(A/m)
0.000000e+00	-5.057365e-06	-9.509026e-09	-3.842855e+01	-6.229207e+02
1.000000e-08	-5.056661e-06	-9.511858e-09	-3.842320e+01	-6.232215e+02
2.000000e-08	-5.054908e-06	-9.516933e-09	-3.840988e+01	-6.234628e+02
3.000000e-08	-5.051790e-06	-9.523203e-09	-3.838618e+01	-6.236401e+02
4.000000e-08	-5.047562e-06	-9.529313e-09	-3.835405e+01	-6.237461e+02
5.000000e-08	-5.042405e-06	-9.528711e-09	-3.831487e+01	-6.237714e+02
6.000000e-08	-5.036256e-06	-9.513153e-09	-3.826815e+01	-6.237066e+02
7.000000e-08	-5.029083e-06	-9.499856e-09	-3.821365e+01	-6.235442e+02
8.000000e-08	-5.020873e-06	-9.534071e-09	-3.815126e+01	-6.232806e+02
9.000000e-08	-5.011335e-06	-9.595735e-09	-3.807878e+01	-6.229164e+02
1.000000e-07	-5.000101e-06	-9.572645e-09	-3.799342e+01	-6.224569e+02
1.100000e-07	-4.987348e-06	-9.430356e-09	-3.789652e+01	-6.219112e+02
1.200000e-07	-4.973496e-06	-9.368900e-09	-3.779127e+01	-6.212908e+02
1.300000e-07	-4.958739e-06	-9.536502e-09	-3.767913e+01	-6.206079e+02
1.400000e-07	-4.942630e-06	-9.560979e-09	-3.755673e+01	-6.198729e+02
1.500000e-07	-4.925137e-06	-9.363073e-09	-3.742380e+01	-6.190938e+02
1.600000e-07	-4.906788e-06	-9.444190e-09	-3.728438e+01	-6.182743e+02
1.700000e-07	-4.887467e-06	-9.540843e-09	-3.713757e+01	-6.174143e+02
1.800000e-07	-4.867162e-06	-9.369911e-09	-3.698329e+01	-6.165101e+02
1.900000e-07	-4.846216e-06	-9.393703e-09	-3.682413e+01	-6.155551e+02
2.000000e-07	-4.824316e-06	-9.480342e-09	-3.665771e+01	-6.145416e+02
2.100000e-07	-4.801103e-06	-9.328234e-09	-3.648133e+01	-6.134616e+02
2.200000e-07	-4.776901e-06	-9.310752e-09	-3.629743e+01	-6.123083e+02
2.300000e-07	-4.751736e-06	-9.406653e-09	-3.610622e+01	-6.110765e+02
2.400000e-07	-4.725330e-06	-9.335113e-09	-3.590556e+01	-6.097634e+02
2.500000e-07	-4.697695e-06	-9.291502e-09	-3.569558e+01	-6.083682e+02
2.600000e-07	-4.668989e-06	-9.284161e-09	-3.547746e+01	-6.068921e+02
2.700000e-07	-4.639329e-06	-9.231785e-09	-3.525209e+01	-6.053379e+02
2.800000e-07	-4.608792e-06	-9.239448e-09	-3.502005e+01	-6.037093e+02
2.900000e-07	-4.577320e-06	-9.216716e-09	-3.478091e+01	-6.020109e+02
3.000000e-07	-4.544890e-06	-9.151414e-09	-3.453449e+01	-6.002475e+02
3.100000e-07	-4.511562e-06	-9.159602e-09	-3.428124e+01	-5.984236e+02
3.200000e-07	-4.477108e-06	-9.130594e-09	-3.401944e+01	-5.965434e+02
3.300000e-07	-4.441422e-06	-9.083068e-09	-3.374829e+01	-5.946103e+02
3.400000e-07	-4.404786e-06	-9.087578e-09	-3.346990e+01	-5.926263e+02
3.500000e-07	-4.367293e-06	-9.026146e-09	-3.318501e+01	-5.905922e+02
3.600000e-07	-4.328861e-06	-8.966165e-09	-3.289299e+01	-5.885071e+02
3.700000e-07	-4.289454e-06	-8.985569e-09	-3.259355e+01	-5.863688e+02
3.800000e-07	-4.249170e-06	-8.967581e-09	-3.228745e+01	-5.841739e+02
3.900000e-07	-4.208047e-06	-8.890769e-09	-3.197497e+01	-5.819184e+02
4.000000e-07	-4.165867e-06	-8.850694e-09	-3.165447e+01	-5.795987e+02
4.100000e-07	-4.122429e-06	-8.832176e-09	-3.132441e+01	-5.772117e+02
4.200000e-07	-4.077978e-06	-8.799693e-09	-3.098664e+01	-5.747560e+02
4.300000e-07	-4.032746e-06	-8.767353e-09	-3.064295e+01	-5.722317e+02
4.400000e-07	-3.986586e-06	-8.714252e-09	-3.029220e+01	-5.696405e+02
4.500000e-07	-3.939479e-06	-8.656363e-09	-2.993425e+01	-5.669857e+02
4.600000e-07	-3.891512e-06	-8.635186e-09	-2.956977e+01	-5.642708e+02
4.700000e-07	-3.842837e-06	-8.608208e-09	-2.919992e+01	-5.614991e+02
4.800000e-07	-3.793197e-06	-8.546485e-09	-2.882272e+01	-5.586728e+02
4.900000e-07	-3.742232e-06	-8.490929e-09	-2.843547e+01	-5.557925e+02
5.000000e-07	-3.690154e-06	-8.451869e-09	-2.803975e+01	-5.528568e+02
5.100000e-07	-3.637214e-06	-8.420710e-09	-2.763748e+01	-5.498629e+02
5.200000e-07	-3.583457e-06	-8.373811e-09	-2.722901e+01	-5.468066e+02
5.300000e-07	-3.528942e-06	-8.304810e-09	-2.681477e+01	-5.436837e+02
5.400000e-07	-3.473668e-06	-8.246152e-09	-2.639477e+01	-5.404903e+02
5.500000e-07	-3.417640e-06	-8.212554e-09	-2.596904e+01	-5.372239e+02
5.600000e-07	-3.361046e-06	-8.177021e-09	-2.553902e+01	-5.338832e+02
5.700000e-07	-3.303818e-06	-8.114417e-09	-2.510416e+01	-5.304686e+02
5.800000e-07	-3.245591e-06	-8.045642e-09	-2.466173e+01	-5.269814e+02
5.900000e-07	-3.186278e-06	-7.992700e-09	-2.421103e+01	-5.234231e+02
6.000000e-07	-3.126177e-06	-7.952049e-09	-2.375435e+01	-5.197948e+02
6.100000e-07	-3.065635e-06	-7.900672e-09	-2.329432e+01	-5.160965e+02
6.200000e-07	-3.004628e-06	-7.830551e-09	-2.283076e+01	-5.123266e+02
6.300000e-07	-2.942932e-06	-7.763079e-09	-2.236196e+01	-5.084822e+02
6.400000e-07	-2.880549e-06	-7.709915e-09	-2.188794e+01	-5.045591e+02
6.500000e-07	-2.817638e-06	-7.656529e-09	-2.140991e+01	-5.005529e+02
6.600000e-07	-2.754133e-06	-7.587155e-09	-2.092737e+01	-4.964597e+02
6.700000e-07	-2.690000e-06	-7.513220e-09	-2.044005e+01	-4.922763e+02
6.800000e-07	-2.625403e-06	-7.451923e-09	-1.994920e+01	-4.880014e+02
6.900000e-07	-2.560287e-06	-7.401374e-09	-1.945442e+01	-4.836350e+02
7.000000e-07	-2.494488e-06	-7.339931e-09	-1.895445e+01	-4.791787e+02
7.100000e-07	-2.427996e-06	-7.258965e-09	-1.844921e+01	-4.746346e+02
7.200000e-07	-2.360816e-06	-7.175661e-09	-1.793874e+01	-4.700050e+02
7.300000e-07	-2.292983e-06	-7.104909e-09	-1.742330e+01	-4.652918e+02
7.400000e-07	-2.224691e-06	-7.038175e-09	-1.690438e+01	-4.604956e+02
7.500000e-07	-2.156056e-06	-6.961322e-09	-1.638286e+01	-4.556161e+02
7.600000e-07	-2.087019e-06	-6.880381e-09	-1.585828e+01	-4.506521e+02
7.700000e-07	-2.017584e-06	-6.807569e-09	-1.533068e+01	-4.456018e+02
7.800000e-07	-1.947745e-06	-6.742312e-09	-1.480000e+01	-4.404634e+02
7.900000e-07	-1.877454e-06	-6.667155e-09	-1.426589e+01	-4.352356e+02
8.000000e-07	-1.806747e-06	-6.573187e-09	-1.372862e+01	-4.299180e+02
8.100000e-07	-1.735603e-06	-6.474612e-09	-1.318803e+01	-4.245110e+02
8.200000e-07	-1.664059e-06	-6.389872e-09	-1.264440e+01	-4.190156e+02
8.300000e-07	-1.592163e-06	-6.314476e-09	-1.209810e+01	-4.134326e+02
8.400000e-07	-1.519955e-06	-6.231181e-09	-1.154942e+01	-4.077623e+02
8.500000e-07	-1.447547e-06	-6.138704e-09	-1.099923e+01	-4.020040e+02
8.600000e-07	-1.374935e-06	-6.048552e-09	-1.044749e+01	-3.961549e+02
8.700000e-07	-1.302066e-06	-5.965296e-09	-9.893786e+00	-3.902106e+02
8.800000e-07	-1.228914e-06	-5.876060e-09	-9.337941e+00	-3.841651e+02
8.900000e-07	-1.155443e-06	-5.773103e-09	-8.779670e+00	-3.780109e+02
9.000000e-07	-1.081633e-06	-5.665285e-09	-8.218825e+00	-3.717400e+02
9.100000e-07	-1.007439e-06	-5.566500e-09	-7.655054e+00	-3.653442e+02
9.200000e-07	-9.328812e-07	-5.477415e-09	-7.088527e+00	-3.588160e+02
9.300000e-07	-8.580759e-07	-5.380462e-09	-6.520117e+00	-3.521489e+02
9.400000e-07	-7.829861e-07	-5.268408e-09	-5.949545e+00	-3.453375e+02
9.500000e-07	-7.075578e-07	-5.154117e-09	-5.376400e+00	-3.383780e+02
9.600000e-07	-6.319504e-07	-5.047979e-09	-4.801895e+00	-3.312681e+02
9.700000e-07	-5.562043e-07	-4.941677e-09	-4.226336e+00	-3.240064e+02
9.800000e-07	-4.802588e-07	-4.824104e-09	-3.649261e+00	-3.165928e+02
9.900000e-07	-4.041829e-07	-4.699610e-09	-3.071196e+00	-3.090278e+02
1.000000e-06	-3.280221e-07	-4.579752e-09	-2.492486e+00	-3.013125e+02
1.010000e-06	-2.518170e-07	-4.465891e-09	-1.913439e+00	-2.934479e+02
1.020000e-06	-1.755815e-07	-4.346708e-09	-1.334161e+00	-2.854347e+02
1.030000e-06	-9.926581e-08	-4.215227e-09	-7.542744e-01	-2.772728e+02
1.040000e-06	-2.295483e-08	-4.080955e-09	-1.744230e-01	-2.689604e+02
1.050000e-06	5.330882e-08	-3.953472e-09	4.050688e-01	-2.604937e+02
1.060000e-06	1.295589e-07	-3.825722e-09	9.844574e-01	-2.518668e+02
1.070000e-06	2.058333e-07	-3.687054e-09	1.564031e+00	-2.430712e+02
1.080000e-06	2.820855e-07	-3.541443e-09	2.143435e+00	-2.340966e+02
1.090000e-06	3.582375e-07	-3.399571e-09	2.722079e+00	-2.249316e+02
1.100000e-06	4.342857e-07	-3.260913e-09	3.299934e+00	-2.155643e+02
1.110000e-06	5.102684e-07	-3.116745e-09	3.877290e+00	-2.059843e+02
1.120000e-06	5.862087e-07	-2.961100e-09	4.454325e+00	-1.961836e+02
1.130000e-06	6.620038e-07	-2.801444e-09	5.030257e+00	-1.861574e+02
1.140000e-06	7.375813e-07	-2.644049e-09	5.604534e+00	-1.759049e+02
1.150000e-06	8.129157e-07	-2.485248e-09	6.176965e+00	-1.654292e+02
1.160000e-06	8.878927e-07	-2.319804e-09	6.746681e+00	-1.547365e+02
1.170000e-06	9.625384e-07	-2.150066e-09	7.313878e+00	-1.438350e+02
1.180000e-06	1.036829e-06	-1.981825e-09	7.878378e+00	-1.327334e+02
1.190000e-06	1.110717e-06	-1.812056e-09	8.439818e+00	-1.214393e+02
1.200000e-06	1.184249e-06	-1.635194e-09	8.998556e+00	-1.099582e+02
1.210000e-06	1.257399e-06	-1.451187e-09	9.554383e+00	-9.829263e+01
1.220000e-06	1.330229e-06	-1.265513e-09	1.010779e+01	-8.644166e+01
1.230000e-06	1.402818e-06	-1.081393e-09	1.065936e+01	-7.440160e+01
1.240000e-06	1.475214e-06	-8.968192e-10	1.120946e+01	-6.216653e+01
1.250000e-06	1.547353e-06	-7.070865e-10	1.175761e+01	-4.972935e+01
1.260000e-06	1.619177e-06	-5.134995e-10	1.230337e+01	-3.708262e+01
1.270000e-06	1.690699e-06	-3.181110e-10	1.284683e+01	-2.421929e+01
1.280000e-06	1.761880e-06	-1.205664e-10	1.338770e+01	-1.113305e+01
1.290000e-06	1.832659e-06	8.222121e-11	1.392552e+01	2.181749e+00
1.300000e-06	1.903024e-06	2.925302e-10	1.446019e+01	1.573030e+01
1.310000e-06	1.972932e-06	5.065133e-10	1.499138e+01	2.951766e+01
1.320000e-06	2.042347e-06	7.207827e-10	1.551884e+01	4.354889e+01
1.330000e-06	2.111375e-06	9.368486e-10	1.604335e+01	5.782883e+01
1.340000e-06	2.180077e-06	1.157845e-09	1.656538e+01	7.236141e+01
1.350000e-06	2.248437e-06	1.384268e-09	1.708482e+01	8.714850e+01
1.360000e-06	2.316377e-06	1.615247e-09	1.760106e+01	1.021884e+02
1.370000e-06	2.383689e-06	1.848656e-09	1.811254e+01	1.174745e+02
1.380000e-06	2.450255e-06	2.085626e-09	1.861834e+01	1.329933e+02
1.390000e-06	2.516122e-06	2.327767e-09	1.911883e+01	1.487239e+02
1.400000e-06	2.581345e-06	2.571911e-09	1.961443e+01	1.646373e+02
1.410000e-06	2.646019e-06	2.814413e-09	2.010586e+01	1.806961e+02
1.420000e-06	2.710182e-06	3.058088e-09	2.059340e+01	1.968557e+02
1.430000e-06	2.773837e-06	3.305180e-09	2.107709e+01	2.130650e+02
1.440000e-06	2.836998e-06	3.552089e-09	2.155702e+01	2.292680e+02
1.450000e-06	2.899543e-06	3.795802e-09	2.203227e+01	2.454051e+02
1.460000e-06	2.961448e-06	4.036622e-09	2.250266e+01	2.614150e+02
1.470000e-06	3.022807e-06	4.277647e-09	2.296889e+01	2.772357e+02
1.480000e-06	3.083653e-06	4.517753e-09	2.343123e+01	2.928063e+02
1.490000e-06	3.143962e-06	4.751894e-09	2.388949e+01	3.080688e+02
1.500000e-06	3.203467e-06	4.976429e-09	2.434164e+01	3.229687e+02
1.510000e-06	3.261859e-06	5.192925e-09	2.478534e+01	3.374578e+02
1.520000e-06	3.319290e-06	5.404418e-09	2.522173e+01	3.514948e+02
1.530000e-06	3.376060e-06	5.610415e-09	2.565310e+01	3.650473e+02
1.540000e-06	3.432192e-06	5.806223e-09	2.607962e+01	3.780922e+02
1.550000e-06	3.487570e-06	5.992228e-09	2.650041e+01	3.906167e+02
1.560000e-06	3.542192e-06	6.173667e-09	2.691546e+01	4.026172e+02
1.570000e-06	3.596085e-06	6.349729e-09	2.732496e+01	4.140985e+02
1.580000e-06	3.649237e-06	6.516485e-09	2.772884e+01	4.250720e+02
1.590000e-06	3.701470e-06	6.672497e-09	2.812574e+01	4.355526e+02
1.600000e-06	3.752490e-06	6.821090e-09	2.851341e+01	4.455575e+02
1.610000e-06	3.802305e-06	6.964113e-09	2.889193e+01	4.551029e+02
1.620000e-06	3.851195e-06	7.100767e-09	2.926342e+01	4.642036e+02
1.630000e-06	3.899340e-06	7.228838e-09	2.962925e+01	4.728722e+02
1.640000e-06	3.946738e-06	7.349847e-09	2.998941e+01	4.811193e+02
1.650000e-06	3.993306e-06	7.468338e-09	3.034326e+01	4.889556e+02
1.660000e-06	4.038998e-06	7.584969e-09	3.069045e+01	4.963927e+02
1.670000e-06	4.083952e-06	7.697033e-09	3.103203e+01	5.034457e+02
1.680000e-06	4.128225e-06	7.798100e-09	3.136845e+01	5.101333e+02
1.690000e-06	4.171542e-06	7.887934e-09	3.169759e+01	5.164790e+02
1.700000e-06	4.213676e-06	7.970525e-09	3.201775e+01	5.225099e+02
1.710000e-06	4.254736e-06	8.050223e-09	3.232974e+01	5.282553e+02
1.720000e-06	4.294899e-06	8.129540e-09	3.263492e+01	5.337438e+02
1.730000e-06	4.334173e-06	8.209114e-09	3.293335e+01	5.390016e+02
1.740000e-06	4.372555e-06	8.289879e-09	3.322500e+01	5.440497e+02
1.750000e-06	4.410041e-06	8.369533e-09	3.350984e+01	5.489029e+02
1.760000e-06	4.446682e-06	8.443918e-09	3.378825e+01	5.535690e+02
1.770000e-06	4.482463e-06	8.510237e-09	3.406013e+01	5.580502e+02
1.780000e-06	4.517031e-06	8.569485e-09	3.432280e+01	5.623444e+02
1.790000e-06	4.550363e-06	8.626764e-09	3.457608e+01	5.664477e+02
1.800000e-06	4.582725e-06	8.682705e-09	3.482198e+01	5.703566e+02
1.810000e-06	4.614186e-06	8.735116e-09	3.506103e+01	5.740705e+02
1.820000e-06	4.644738e-06	8.786970e-09	3.529319e+01	5.775921e+02
1.830000e-06	4.674361e-06	8.840048e-09	3.551827e+01	5.809283e+02
1.840000e-06	4.703120e-06	8.891993e-09	3.573680e+01	5.840887e+02
1.850000e-06	4.730919e-06	8.940346e-09	3.594804e+01	5.870849e+02
1.860000e-06	4.757412e-06	8.984775e-09	3.614934e+01	5.899285e+02
1.870000e-06	4.782569e-06	9.023692e-09	3.634050e+01	5.926292e+02
1.880000e-06	4.806625e-06	9.059150e-09	3.652329e+01	5.951945e+02
1.890000e-06	4.829643e-06	9.093457e-09	3.669819e+01	5.976287e+02
1.900000e-06	4.851607e-06	9.125996e-09	3.686509e+01	5.999338e+02
1.910000e-06	4.872656e-06	9.156237e-09	3.702503e+01	6.021106e+02
1.920000e-06	4.892895e-06	9.186624e-09	3.717882e+01	6.041597e+02
1.930000e-06	4.912127e-06	9.220296e-09	3.732495e+01	6.060827e+02
1.940000e-06	4.930237e-06	9.254501e-09	3.746256e+01	6.078833e+02
1.950000e-06	4.947165e-06	9.281838e-09	3.759119e+01	6.095668e+02
1.960000e-06	4.962870e-06	9.301046e-09	3.771052e+01	6.111401e+02
1.970000e-06	4.977419e-06	9.317910e-09	3.782107e+01	6.126103e+02
1.980000e-06	4.990887e-06	9.336803e-09	3.792341e+01	6.139841e+02
1.990000e-06	5.003300e-06	9.358716e-09	3.801773e+01	6.152659e+02
2.000000e-06	5.014296e-06	9.377988e-09	3.810129e+01	6.164582e+02
2.010000e-06	5.023796e-06	9.395946e-09	3.817347e+01	6.175611e+02
2.020000e-06	5.032212e-06	9.415242e-09	3.823742e+01	6.185730e+02
2.030000e-06	5.039659e-06	9.433359e-09	3.829401e+01	6.194923e+02
2.040000e-06	5.046032e-06	9.444221e-09	3.834243e+01	6.203179e+02
2.050000e-06	5.051341e-06	9.447559e-09	3.838277e+01	6.210509e+02
2.060000e-06	5.055706e-06	9.451523e-09	3.841594e+01	6.216948e+02
2.070000e-06	5.058917e-06	9.461797e-09	3.844034e+01	6.222555e+02
2.080000e-06	5.060771e-06	9.478825e-09	3.845443e+01	6.227405e+02
2.090000e-06	5.061505e-06	9.492526e-09	3.846000e+01	6.231572e+02
2.100000e-06	5.061241e-06	9.498020e-09	3.845800e+01	6.235116e+02
2.110000e-06	5.059920e-06	9.498950e-09	3.844796e+01	6.238069e+02
2.120000e-06	5.057592e-06	9.500538e-09	3.843027e+01	6.240423e+02
2.130000e-06	5.054407e-06	9.501430e-09	3.840607e+01	6.242133e+02
2.140000e-06	5.050218e-06	9.499959e-09	3.837424e+01	6.243120e+02
2.150000e-06	5.044762e-06	9.504173e-09	3.833278e+01	6.243290e+02
2.160000e-06	5.038143e-06	9.528195e-09	3.828249e+01	6.242550e+02
2.170000e-06	5.030554e-06	9.526176e-09	3.822482e+01	6.240830e+02
2.180000e-06	5.021989e-06	9.449012e-09	3.815974e+01	6.238096e+02
2.190000e-06	5.012120e-06	9.397273e-09	3.808475e+01	6.234358e+02
2.200000e-06	5.000308e-06	9.483178e-09	3.799500e+01	6.229675e+02
2.210000e-06	4.986481e-06	9.607835e-09	3.788993e+01	6.224142e+02
2.220000e-06	4.971748e-06	9.484486e-09	3.777798e+01	6.217874e+02
2.230000e-06	4.956742e-06	9.347978e-09	3.766396e+01	6.210991e+02
2.240000e-06	4.940778e-06	9.505902e-09	3.754266e+01	6.203598e+02
2.250000e-06	4.923560e-06	9.469503e-09	3.741182e+01	6.195768e+02
2.260000e-06	4.905633e-06	9.265749e-09	3.727560e+01	6.187537e+02
2.270000e-06	4.886870e-06	9.379681e-09	3.713304e+01	6.178899e+02
2.280000e-06	4.866659e-06	9.435891e-09	3.697946e+01	6.169812e+02
2.290000e-06	4.845154e-06	9.241015e-09	3.681605e+01	6.160211e+02
2.300000e-06	4.822505e-06	9.292246e-09	3.664395e+01	6.150016e+02
2.310000e-06	4.798688e-06	9.406842e-09	3.646298e+01	6.139149e+02
2.320000e-06	4.774049e-06	9.267423e-09	3.627576e+01	6.127543e+02
2.330000e-06	4.748522e-06	9.252292e-09	3.608180e+01	6.115149e+02
2.340000e-06	4.721929e-06	9.291096e-09	3.587973e+01	6.101939e+02
2.350000e-06	4.694479e-06	9.216716e-09	3.567114e+01	6.087908e+02
2.360000e-06	4.665827e-06	9.270437e-09	3.545344e+01	6.073071e+02
2.370000e-06	4.635698e-06	9.235577e-09	3.522449e+01	6.057456e+02
2.380000e-06	4.604564e-06	9.139970e-09	3.498792e+01	6.041101e+02
2.390000e-06	4.572545e-06	9.204531e-09	3.474462e+01	6.024054e+02
2.400000e-06	4.539552e-06	9.138404e-09	3.449393e+01	6.006360e+02
2.410000e-06	4.505674e-06	9.062431e-09	3.423650e+01	5.988067e+02
2.420000e-06	4.470955e-06	9.103319e-09	3.397269e+01	5.969214e+02
2.430000e-06	4.435400e-06	9.020643e-09	3.370252e+01	5.949835e+02
2.440000e-06	4.398726e-06	8.998102e-09	3.342386e+01	5.929948e+02
2.450000e-06	4.360676e-06	9.043985e-09	3.313473e+01	5.909560e+02
2.460000e-06	4.321577e-06	8.958053e-09	3.283763e+01	5.888660e+02
2.470000e-06	4.281663e-06	8.892298e-09	3.253435e+01	5.867225e+02
2.480000e-06	4.240837e-06	8.880977e-09	3.222413e+01	5.845221e+02
2.490000e-06	4.199137e-06	8.860002e-09	3.190727e+01	5.822607e+02
2.500000e-06	4.156597e-06	8.820793e-09	3.158404e+01	5.799347e+02
2.510000e-06	4.113300e-06	8.761929e-09	3.125504e+01	5.775413e+02
2.520000e-06	4.069188e-06	8.734628e-09	3.091985e+01	5.750790e+02
2.530000e-06	4.024065e-06	8.707236e-09	3.057699e+01	5.725482e+02
2.540000e-06	3.978046e-06	8.678606e-09	3.022731e+01	5.699509e+02
2.550000e-06	3.931243e-06	8.633462e-09	2.987167e+01	5.672902e+02
2.560000e-06	3.883456e-06	8.563826e-09	2.950856e+01	5.645698e+02
2.570000e-06	3.834633e-06	8.533114e-09	2.913758e+01	5.617929e+02
2.580000e-06	3.784959e-06	8.495852e-09	2.876013e+01	5.589616e+02
2.590000e-06	3.734449e-06	8.453259e-09	2.837633e+01	5.560762e+02
2.600000e-06	3.682949e-06	8.407907e-09	2.798500e+01	5.531352e+02
2.610000e-06	3.630326e-06	8.346920e-09	2.758515e+01	5.501355e+02
2.620000e-06	3.576530e-06	8.318502e-09	2.717637e+01	5.470731e+02
2.630000e-06	3.521838e-06	8.278920e-09	2.676080e+01	5.439436e+02
2.640000e-06	3.466520e-06	8.214693e-09	2.634046e+01	5.407434e+02
2.650000e-06	3.410521e-06	8.157039e-09	2.591495e+01	5.374699e+02
2.660000e-06	3.353769e-06	8.105169e-09	2.548372e+01	5.341221e+02
2.670000e-06	3.296261e-06	8.070797e-09	2.504674e+01	5.307005e+02
2.680000e-06	3.238054e-06	8.020952e-09	2.460446e+01	5.272065e+02
2.690000e-06	3.179261e-06	7.957159e-09	2.415771e+01	5.236415e+02
2.700000e-06	3.119974e-06	7.899337e-09	2.370722e+01	5.200066e+02
2.710000e-06	3.060122e-06	7.844175e-09	2.325244e+01	5.163015e+02
2.720000e-06	2.999426e-06	7.796953e-09	2.279123e+01	5.125247e+02
2.730000e-06	2.937748e-06	7.733160e-09	2.232257e+01	5.086729e+02
2.740000e-06	2.875244e-06	7.668187e-09	2.184763e+01	5.047420e+02
2.750000e-06	2.812127e-06	7.610242e-09	2.136803e+01	5.007277e+02
2.760000e-06	2.748470e-06	7.553904e-09	2.088433e+01	4.966258e+02
2.770000e-06	2.684207e-06	7.495094e-09	2.039603e+01	4.924337e+02
2.780000e-06	2.619379e-06	7.419173e-09	1.990343e+01	4.881499e+02
2.790000e-06	2.554008e-06	7.345956e-09	1.940671e+01	4.837748e+02
2.800000e-06	2.488043e-06	7.283189e-09	1.890548e+01	4.793099e+02
2.810000e-06	2.421522e-06	7.224824e-09	1.840001e+01	4.747575e+02
2.820000e-06	2.354590e-06	7.155670e-09	1.789142e+01	4.701199e+02
2.830000e-06	2.287351e-06	7.074321e-09	1.738051e+01	4.653987e+02
2.840000e-06	2.219719e-06	7.000892e-09	1.686661e+01	4.605945e+02
2.850000e-06	2.151498e-06	6.933521e-09	1.634822e+01	4.557070e+02
2.860000e-06	2.082554e-06	6.864352e-09	1.582435e+01	4.507348e+02
2.870000e-06	2.012894e-06	6.782417e-09	1.529504e+01	4.456761e+02
2.880000e-06	1.942597e-06	6.696634e-09	1.476089e+01	4.405291e+02
2.890000e-06	1.871837e-06	6.622497e-09	1.422321e+01	4.352927e+02
2.900000e-06	1.800768e-06	6.550515e-09	1.368319e+01	4.299665e+02
2.910000e-06	1.729404e-06	6.469630e-09	1.314093e+01	4.245509e+02
2.920000e-06	1.657745e-06	6.377283e-09	1.259642e+01	4.190470e+02
2.930000e-06	1.585746e-06	6.289227e-09	1.204934e+01	4.134556e+02
2.940000e-06	1.513377e-06	6.210839e-09	1.149944e+01	4.077770e+02
2.950000e-06	1.440680e-06	6.130405e-09	1.094705e+01	4.020100e+02
2.960000e-06	1.367721e-06	6.041605e-09	1.039267e+01	3.961520e+02
2.970000e-06	1.294541e-06	5.946903e-09	9.836614e+00	3.901982e+02
2.980000e-06	1.221098e-06	5.855664e-09	9.278548e+00	3.841425e+02
2.990000e-06	1.147436e-06	5.766618e-09	8.718826e+00	3.779774e+02
3.000000e-06	1.073567e-06	5.671862e-09	8.157536e+00	3.716947e+02
3.010000e-06	9.994070e-07	5.570244e-09	7.594025e+00	3.652863e+02
3.020000e-06	9.250178e-07	5.469353e-09	7.028776e+00	3.587449e+02
3.030000e-06	8.504640e-07	5.374566e-09	6.462277e+00	3.520638e+02
3.040000e-06	7.757219e-07	5.278078e-09	5.894347e+00	3.452381e+02
3.050000e-06	7.008355e-07	5.173803e-09	5.325320e+00	3.382640e+02
3.060000e-06	6.258056e-07	5.063320e-09	4.755203e+00	3.311393e+02
3.070000e-06	5.505877e-07	4.953116e-09	4.183658e+00	3.238627e+02
3.080000e-06	4.752695e-07	4.841879e-09	3.611350e+00	3.164343e+02
3.090000e-06	3.998726e-07	4.724281e-09	3.038444e+00	3.088546e+02
3.100000e-06	3.243415e-07	4.604404e-09	2.464519e+00	3.011246e+02
3.110000e-06	2.486851e-07	4.486231e-09	1.889641e+00	2.932455e+02
3.120000e-06	1.729535e-07	4.368582e-09	1.314193e+00	2.852178e+02
3.130000e-06	9.717851e-08	4.246866e-09	7.384139e-01	2.770413e+02
3.140000e-06	2.134806e-08	4.119636e-09	1.622139e-01	2.687140e+02
3.150000e-06	-5.451021e-08	3.988988e-09	-4.141975e-01	2.602319e+02
3.160000e-06	-1.303284e-07	3.857052e-09	-9.903042e-01	2.515889e+02
3.170000e-06	-2.060937e-07	3.724861e-09	-1.566010e+00	2.427762e+02
3.180000e-06	-2.817733e-07	3.590762e-09	-2.141063e+00	2.337835e+02
3.190000e-06	-3.573661e-07	3.452498e-09	-2.715458e+00	2.245990e+02
3.200000e-06	-4.329061e-07	3.310766e-09	-3.289451e+00	2.152113e+02
3.210000e-06	-5.083075e-07	3.166810e-09	-3.862390e+00	2.056099e+02
3.220000e-06	-5.835617e-07	3.019566e-09	-4.434211e+00	1.957871e+02
3.230000e-06	-6.586620e-07	2.867111e-09	-5.004864e+00	1.857385e+02
3.240000e-06	-7.335902e-07	2.708032e-09	-5.574208e+00	1.754639e+02
3.250000e-06	-8.083035e-07	2.545271e-09	-6.141920e+00	1.649665e+02
3.260000e-06	-8.827853e-07	2.381872e-09	-6.707872e+00	1.542529e+02
3.270000e-06	-9.571145e-07	2.218161e-09	-7.272664e+00	1.433313e+02
3.280000e-06	-1.031302e-06	2.052423e-09	-7.836377e+00	1.322105e+02
3.290000e-06	-1.105239e-06	1.882251e-09	-8.398196e+00	1.208978e+02
3.300000e-06	-1.178852e-06	1.708649e-09	-8.957544e+00	1.093986e+02
3.310000e-06	-1.252181e-06	1.532354e-09	-9.514733e+00	9.771487e+01
3.320000e-06	-1.325264e-06	1.351624e-09	-1.007006e+01	8.584554e+01
3.330000e-06	-1.398102e-06	1.164570e-09	-1.062352e+01	7.378660e+01
3.340000e-06	-1.470657e-06	9.730887e-10	-1.117483e+01	6.153200e+01
3.350000e-06	-1.542890e-06	7.809564e-10	-1.172369e+01	4.907453e+01
3.360000e-06	-1.614797e-06	5.912496e-10	-1.227009e+01	3.640678e+01
3.370000e-06	-1.686391e-06	4.013339e-10	-1.281410e+01	2.352178e+01
3.380000e-06	-1.757649e-06	2.061647e-10	-1.335555e+01	1.041326e+01
3.390000e-06	-1.828653e-06	3.421695e-12	-1.389508e+01	-2.924352e+00
3.400000e-06	-1.899408e-06	-2.065124e-10	-1.443271e+01	-1.649622e+01
3.410000e-06	-1.969716e-06	-4.204772e-10	-1.496695e+01	-3.030740e+01
3.420000e-06	-2.039393e-06	-6.370370e-10	-1.549639e+01	-4.436296e+01
3.430000e-06	-2.108338e-06	-8.560399e-10	-1.602027e+01	-5.866768e+01
3.440000e-06	-2.176650e-06	-1.077220e-09	-1.653934e+01	-7.322533e+01
3.450000e-06	-2.244443e-06	-1.300567e-09	-1.705447e+01	-8.803751e+01
3.460000e-06	-2.311784e-06	-1.525769e-09	-1.756616e+01	-1.031021e+02
3.470000e-06	-2.378711e-06	-1.754771e-09	-1.807471e+01	-1.184118e+02
3.480000e-06	-2.445196e-06	-1.989518e-09	-1.857990e+01	-1.339526e+02
3.490000e-06	-2.511239e-06	-2.228232e-09	-1.908173e+01	-1.497026e+02
3.500000e-06	-2.576754e-06	-2.470849e-09	-1.957954e+01	-1.656319e+02
3.510000e-06	-2.641679e-06	-2.716881e-09	-2.007288e+01	-1.817026e+02
3.520000e-06	-2.706062e-06	-2.966327e-09	-2.056210e+01	-1.978692e+02
3.530000e-06	-2.769910e-06	-3.216248e-09	-2.104724e+01	-2.140801e+02
3.540000e-06	-2.833253e-06	-3.464374e-09	-2.152856e+01	-2.302789e+02
3.550000e-06	-2.896019e-06	-3.709466e-09	-2.200549e+01	-2.464058e+02
3.560000e-06	-2.958036e-06	-3.949769e-09	-2.247673e+01	-2.623992e+02
3.570000e-06	-3.019186e-06	-4.187818e-09	-2.294138e+01	-2.781972e+02
3.580000e-06	-3.079461e-06	-4.425348e-09	-2.339938e+01	-2.937393e+02
3.590000e-06	-3.139073e-06	-4.661141e-09	-2.385235e+01	-3.089675e+02
3.600000e-06	-3.198094e-06	-4.890944e-09	-2.430082e+01	-3.238281e+02
3.610000e-06	-3.256441e-06	-5.112542e-09	-2.474417e+01	-3.382734e+02
3.620000e-06	-3.314176e-06	-5.326690e-09	-2.518287e+01	-3.522630e+02
3.630000e-06	-3.371171e-06	-5.534634e-09	-2.561595e+01	-3.657652e+02
3.640000e-06	-3.427371e-06	-5.733716e-09	-2.604299e+01	-3.787582e+02
3.650000e-06	-3.482900e-06	-5.924683e-09	-2.646492e+01	-3.912299e+02
3.660000e-06	-3.537731e-06	-6.109825e-09	-2.688156e+01	-4.031778e+02
3.670000e-06	-3.591696e-06	-6.288759e-09	-2.729161e+01	-4.146074e+02
3.680000e-06	-3.644592e-06	-6.460283e-09	-2.769355e+01	-4.255305e+02
3.690000e-06	-3.696432e-06	-6.621969e-09	-2.808746e+01	-4.359625e+02
3.700000e-06	-3.747355e-06	-6.772542e-09	-2.847439e+01	-4.459203e+02
3.710000e-06	-3.797452e-06	-6.914670e-09	-2.885506e+01	-4.554204e+02
3.720000e-06	-3.846615e-06	-7.053203e-09	-2.922863e+01	-4.644770e+02
3.730000e-06	-3.894614e-06	-7.187668e-09	-2.959334e+01	-4.731026e+02
3.740000e-06	-3.941491e-06	-7.316511e-09	-2.994954e+01	-4.813078e+02
3.750000e-06	-3.987461e-06	-7.440723e-09	-3.029884e+01	-4.891032e+02
3.760000e-06	-4.032615e-06	-7.559096e-09	-3.064195e+01	-4.965009e+02
3.770000e-06	-4.077042e-06	-7.669870e-09	-3.097953e+01	-5.035161e+02
3.780000e-06	-4.120793e-06	-7.771222e-09	-3.131198e+01	-5.101680e+02
3.790000e-06	-4.163846e-06	-7.864941e-09	-3.163911e+01	-5.164807e+02
3.800000e-06	-4.206115e-06	-7.956478e-09	-3.196029e+01	-5.224814e+02
3.810000e-06	-4.247487e-06	-8.047931e-09	-3.227466e+01	-5.281994e+02
3.820000e-06	-4.287926e-06	-8.135672e-09	-3.258194e+01	-5.336634e+02
3.830000e-06	-4.327574e-06	-8.218039e-09	-3.288320e+01	-5.388991e+02
3.840000e-06	-4.366458e-06	-8.297968e-09	-3.317867e+01	-5.439268e+02
3.850000e-06	-4.404192e-06	-8.376496e-09	-3.346539e+01	-5.487607e+02
3.860000e-06	-4.440662e-06	-8.450967e-09	-3.374251e+01	-5.534080e+02
3.870000e-06	-4.476153e-06	-8.519041e-09	-3.401219e+01	-5.578703e+02
3.880000e-06	-4.510756e-06	-8.582697e-09	-3.427512e+01	-5.621453e+02
3.890000e-06	-4.544392e-06	-8.643697e-09	-3.453071e+01	-5.662289e+02
3.900000e-06	-4.577027e-06	-8.704858e-09	-3.477868e+01	-5.701180e+02
3.910000e-06	-4.608728e-06	-8.766000e-09	-3.501957e+01	-5.738121e+02
3.920000e-06	-4.639533e-06	-8.823136e-09	-3.525363e+01	-5.773144e+02
3.930000e-06	-4.669150e-06	-8.875669e-09	-3.547868e+01	-5.806322e+02
3.940000e-06	-4.697449e-06	-8.925831e-09	-3.569371e+01	-5.837753e+02
3.950000e-06	-4.724701e-06	-8.971829e-09	-3.590079e+01	-5.867555e+02
3.960000e-06	-4.751010e-06	-9.013085e-09	-3.610069e+01	-5.895840e+02
3.970000e-06	-4.776288e-06	-9.051696e-09	-3.629277e+01	-5.922706e+02
3.980000e-06	-4.800556e-06	-9.089150e-09	-3.647718e+01	-5.948222e+02
3.990000e-06	-4.823888e-06	-9.129749e-09	-3.665446e+01	-5.972431e+02
4.000000e-06	-4.846152e-06	-9.169494e-09	-3.682364e+01	-5.995351e+02
4.010000e-06	-4.867170e-06	-9.202868e-09	-3.698335e+01	-6.016987e+02
4.020000e-06	-4.887043e-06	-9.230789e-09	-3.713435e+01	-6.037347e+02
4.030000e-06	-4.905895e-06	-9.257993e-09	-3.727759e+01	-6.056450e+02
4.040000e-06	-4.923740e-06	-9.285775e-09	-3.741319e+01	-6.074332e+02
4.050000e-06	-4.940570e-06	-9.312062e-09	-3.754107e+01	-6.091051e+02
4.060000e-06	-4.956465e-06	-9.336062e-09	-3.766186e+01	-6.106674e+02
4.070000e-06	-4.971436e-06	-9.359327e-09	-3.777561e+01	-6.121274e+02
4.080000e-06	-4.985128e-06	-9.384038e-09	-3.787965e+01	-6.134914e+02
4.090000e-06	-4.997345e-06	-9.405231e-09	-3.797248e+01	-6.147639e+02
4.100000e-06	-5.008236e-06	-9.419234e-09	-3.805524e+01	-6.159470e+02
4.110000e-06	-5.018013e-06	-9.428181e-09	-3.812953e+01	-6.170405e+02
4.120000e-06	-5.026777e-06	-9.438746e-09	-3.819612e+01	-6.180429e+02
4.130000e-06	-5.034531e-06	-9.452968e-09	-3.825504e+01	-6.189525e+02
4.140000e-06	-5.041250e-06	-9.469179e-09	-3.830610e+01	-6.197684e+02
4.150000e-06	-5.046726e-06	-9.481905e-09	-3.834770e+01	-6.204919e+02
4.160000e-06	-5.050915e-06	-9.492021e-09	-3.837953e+01	-6.211269e+02
4.170000e-06	-5.054043e-06	-9.501612e-09	-3.840330e+01	-6.216793e+02
4.180000e-06	-5.056170e-06	-9.507673e-09	-3.841947e+01	-6.221568e+02
4.190000e-06	-5.057254e-06	-9.509421e-09	-3.842770e+01	-6.225667e+02
