# Temperatura_=_33.79
# Concentracion g/m^3_=_18600.0
# C_Vs_to_Am_M_A/Vsm_=_65563218390.804596
# pendiente_HvsI_1/m_=_3716.3
# ordenada_HvsI_A/m_=_1297.0
# frecuencia_Hz_=_238186.70759556955

Tiempo_(s)	Campo_(V.s)	Magnetizacion_(V.s)	Campo_(kA/m)	Magnetizacion_(A/m)
0.000000e+00	-5.034794e-06	-9.638204e-09	-3.842867e+01	-6.311660e+02
1.000000e-08	-5.033862e-06	-9.645173e-09	-3.842155e+01	-6.314201e+02
2.000000e-08	-5.031919e-06	-9.651234e-09	-3.840672e+01	-6.316087e+02
3.000000e-08	-5.028557e-06	-9.651306e-09	-3.838106e+01	-6.317309e+02
4.000000e-08	-5.024049e-06	-9.652803e-09	-3.834665e+01	-6.317842e+02
5.000000e-08	-5.018734e-06	-9.651201e-09	-3.830609e+01	-6.317650e+02
6.000000e-08	-5.012437e-06	-9.633599e-09	-3.825802e+01	-6.316693e+02
7.000000e-08	-5.005047e-06	-9.615021e-09	-3.820162e+01	-6.314938e+02
8.000000e-08	-4.996625e-06	-9.651316e-09	-3.813734e+01	-6.312369e+02
9.000000e-08	-4.986775e-06	-9.750395e-09	-3.806215e+01	-6.308985e+02
1.000000e-07	-4.975078e-06	-9.728823e-09	-3.797288e+01	-6.304803e+02
1.100000e-07	-4.961954e-06	-9.544439e-09	-3.787270e+01	-6.299856e+02
1.200000e-07	-4.947986e-06	-9.429546e-09	-3.776610e+01	-6.294179e+02
1.300000e-07	-4.933149e-06	-9.673019e-09	-3.765285e+01	-6.287809e+02
1.400000e-07	-4.916718e-06	-9.782344e-09	-3.752744e+01	-6.280773e+02
1.500000e-07	-4.898934e-06	-9.410945e-09	-3.739170e+01	-6.273087e+02
1.600000e-07	-4.880525e-06	-9.517760e-09	-3.725119e+01	-6.264752e+02
1.700000e-07	-4.861041e-06	-9.753762e-09	-3.710248e+01	-6.255765e+02
1.800000e-07	-4.840519e-06	-9.447623e-09	-3.694584e+01	-6.246116e+02
1.900000e-07	-4.819425e-06	-9.448491e-09	-3.678484e+01	-6.235799e+02
2.000000e-07	-4.797320e-06	-9.651273e-09	-3.661612e+01	-6.224815e+02
2.100000e-07	-4.773898e-06	-9.413083e-09	-3.643735e+01	-6.213172e+02
2.200000e-07	-4.749546e-06	-9.355737e-09	-3.625148e+01	-6.200886e+02
2.300000e-07	-4.724299e-06	-9.575674e-09	-3.605877e+01	-6.187974e+02
2.400000e-07	-4.697748e-06	-9.455815e-09	-3.585612e+01	-6.174449e+02
2.500000e-07	-4.669971e-06	-9.362962e-09	-3.564411e+01	-6.160311e+02
2.600000e-07	-4.641157e-06	-9.413233e-09	-3.542418e+01	-6.145546e+02
2.700000e-07	-4.611355e-06	-9.318098e-09	-3.519671e+01	-6.130125e+02
2.800000e-07	-4.580718e-06	-9.323727e-09	-3.496288e+01	-6.114009e+02
2.900000e-07	-4.549122e-06	-9.352697e-09	-3.472171e+01	-6.097153e+02
3.000000e-07	-4.516606e-06	-9.230898e-09	-3.447353e+01	-6.079523e+02
3.100000e-07	-4.483308e-06	-9.268153e-09	-3.421938e+01	-6.061097e+02
3.200000e-07	-4.448893e-06	-9.273183e-09	-3.395671e+01	-6.041879e+02
3.300000e-07	-4.413242e-06	-9.164910e-09	-3.368459e+01	-6.021899e+02
3.400000e-07	-4.376582e-06	-9.192952e-09	-3.340478e+01	-6.001210e+02
3.500000e-07	-4.338972e-06	-9.138186e-09	-3.311772e+01	-5.979880e+02
3.600000e-07	-4.300392e-06	-9.042036e-09	-3.282326e+01	-5.957983e+02
3.700000e-07	-4.260842e-06	-9.082371e-09	-3.252138e+01	-5.935585e+02
3.800000e-07	-4.220464e-06	-9.086309e-09	-3.221320e+01	-5.912734e+02
3.900000e-07	-4.179350e-06	-8.977872e-09	-3.189938e+01	-5.889452e+02
4.000000e-07	-4.137219e-06	-8.941606e-09	-3.157782e+01	-5.865736e+02
4.100000e-07	-4.093811e-06	-8.942252e-09	-3.124650e+01	-5.841559e+02
4.200000e-07	-4.049333e-06	-8.897934e-09	-3.090702e+01	-5.816880e+02
4.300000e-07	-4.004041e-06	-8.857217e-09	-3.056132e+01	-5.791652e+02
4.400000e-07	-3.957907e-06	-8.805809e-09	-3.020920e+01	-5.765835e+02
4.500000e-07	-3.910888e-06	-8.738521e-09	-2.985032e+01	-5.739400e+02
4.600000e-07	-3.863007e-06	-8.726752e-09	-2.948486e+01	-5.712334e+02
4.700000e-07	-3.814395e-06	-8.718831e-09	-2.911382e+01	-5.684639e+02
4.800000e-07	-3.764868e-06	-8.639653e-09	-2.873580e+01	-5.656326e+02
4.900000e-07	-3.714070e-06	-8.588686e-09	-2.834808e+01	-5.627408e+02
5.000000e-07	-3.662061e-06	-8.553784e-09	-2.795112e+01	-5.597889e+02
5.100000e-07	-3.609204e-06	-8.518257e-09	-2.754768e+01	-5.567763e+02
5.200000e-07	-3.555571e-06	-8.470733e-09	-2.713832e+01	-5.537008e+02
5.300000e-07	-3.501074e-06	-8.394037e-09	-2.672237e+01	-5.505589e+02
5.400000e-07	-3.445844e-06	-8.335684e-09	-2.630082e+01	-5.473463e+02
5.500000e-07	-3.389860e-06	-8.311693e-09	-2.587351e+01	-5.440588e+02
5.600000e-07	-3.333242e-06	-8.280924e-09	-2.544137e+01	-5.406931e+02
5.700000e-07	-3.276117e-06	-8.209510e-09	-2.500535e+01	-5.372470e+02
5.800000e-07	-3.218131e-06	-8.138038e-09	-2.456277e+01	-5.337202e+02
5.900000e-07	-3.159060e-06	-8.087058e-09	-2.411190e+01	-5.301137e+02
6.000000e-07	-3.099121e-06	-8.048525e-09	-2.365441e+01	-5.264294e+02
6.100000e-07	-3.038601e-06	-7.995191e-09	-2.319248e+01	-5.226695e+02
6.200000e-07	-2.977598e-06	-7.918687e-09	-2.272687e+01	-5.188356e+02
6.300000e-07	-2.916013e-06	-7.848116e-09	-2.225682e+01	-5.149280e+02
6.400000e-07	-2.853716e-06	-7.802166e-09	-2.178133e+01	-5.109456e+02
6.500000e-07	-2.790776e-06	-7.753779e-09	-2.130093e+01	-5.068859e+02
6.600000e-07	-2.727335e-06	-7.681365e-09	-2.081671e+01	-5.027452e+02
6.700000e-07	-2.663374e-06	-7.605800e-09	-2.032852e+01	-4.985199e+02
6.800000e-07	-2.598884e-06	-7.543726e-09	-1.983629e+01	-4.942067e+02
6.900000e-07	-2.533972e-06	-7.494640e-09	-1.934085e+01	-4.898037e+02
7.000000e-07	-2.468499e-06	-7.427320e-09	-1.884111e+01	-4.853102e+02
7.100000e-07	-2.402295e-06	-7.340810e-09	-1.833581e+01	-4.807273e+02
7.200000e-07	-2.335380e-06	-7.258076e-09	-1.782506e+01	-4.760569e+02
7.300000e-07	-2.267824e-06	-7.194356e-09	-1.730944e+01	-4.713011e+02
7.400000e-07	-2.199668e-06	-7.135577e-09	-1.678923e+01	-4.664619e+02
7.500000e-07	-2.131027e-06	-7.056577e-09	-1.626532e+01	-4.615398e+02
7.600000e-07	-2.062143e-06	-6.970213e-09	-1.573956e+01	-4.565341e+02
7.700000e-07	-1.992965e-06	-6.892875e-09	-1.521154e+01	-4.514422e+02
7.800000e-07	-1.923320e-06	-6.826115e-09	-1.467997e+01	-4.462604e+02
7.900000e-07	-1.853198e-06	-6.749154e-09	-1.414475e+01	-4.409843e+02
8.000000e-07	-1.782649e-06	-6.656840e-09	-1.360628e+01	-4.356095e+02
8.100000e-07	-1.711710e-06	-6.562059e-09	-1.306483e+01	-4.301324e+02
8.200000e-07	-1.640413e-06	-6.480305e-09	-1.252065e+01	-4.245507e+02
8.300000e-07	-1.568738e-06	-6.406988e-09	-1.197358e+01	-4.188633e+02
8.400000e-07	-1.496672e-06	-6.320737e-09	-1.142353e+01	-4.130700e+02
8.500000e-07	-1.424335e-06	-6.222105e-09	-1.087140e+01	-4.071714e+02
8.600000e-07	-1.351784e-06	-6.125236e-09	-1.031766e+01	-4.011677e+02
8.700000e-07	-1.278988e-06	-6.036593e-09	-9.762031e+00	-3.950581e+02
8.800000e-07	-1.205974e-06	-5.945918e-09	-9.204740e+00	-3.888407e+02
8.900000e-07	-1.132745e-06	-5.844931e-09	-8.645811e+00	-3.825115e+02
9.000000e-07	-1.059279e-06	-5.738955e-09	-8.085073e+00	-3.760653e+02
9.100000e-07	-9.855379e-07	-5.640617e-09	-7.522236e+00	-3.694957e+02
9.200000e-07	-9.114939e-07	-5.548247e-09	-6.957086e+00	-3.627961e+02
9.300000e-07	-8.371944e-07	-5.445870e-09	-6.389986e+00	-3.559601e+02
9.400000e-07	-7.626429e-07	-5.330631e-09	-5.820963e+00	-3.489825e+02
9.500000e-07	-6.878613e-07	-5.215288e-09	-5.250183e+00	-3.418597e+02
9.600000e-07	-6.128900e-07	-5.109037e-09	-4.677956e+00	-3.345894e+02
9.700000e-07	-5.376844e-07	-5.000718e-09	-4.103940e+00	-3.271707e+02
9.800000e-07	-4.622352e-07	-4.878764e-09	-3.528065e+00	-3.196034e+02
9.900000e-07	-3.866320e-07	-4.749931e-09	-2.951015e+00	-3.118876e+02
1.000000e-06	-3.109230e-07	-4.627700e-09	-2.373157e+00	-3.040224e+02
1.010000e-06	-2.351586e-07	-4.511811e-09	-1.794876e+00	-2.960057e+02
1.020000e-06	-1.593187e-07	-4.391984e-09	-1.216019e+00	-2.878336e+02
1.030000e-06	-8.333783e-08	-4.261595e-09	-6.360859e-01	-2.795004e+02
1.040000e-06	-7.314282e-09	-4.124473e-09	-5.582713e-02	-2.709986e+02
1.050000e-06	6.868848e-08	-3.989956e-09	5.242730e-01	-2.623195e+02
1.060000e-06	1.446599e-07	-3.855159e-09	1.104134e+00	-2.534535e+02
1.070000e-06	2.205133e-07	-3.711895e-09	1.683094e+00	-2.443913e+02
1.080000e-06	2.963015e-07	-3.562050e-09	2.261557e+00	-2.351239e+02
1.090000e-06	3.720927e-07	-3.413750e-09	2.840042e+00	-2.256438e+02
1.100000e-06	4.478248e-07	-3.269641e-09	3.418076e+00	-2.159450e+02
1.110000e-06	5.234023e-07	-3.122912e-09	3.994930e+00	-2.060237e+02
1.120000e-06	5.987514e-07	-2.965761e-09	4.570042e+00	-1.958783e+02
1.130000e-06	6.739095e-07	-2.801820e-09	5.143695e+00	-1.855092e+02
1.140000e-06	7.488607e-07	-2.636909e-09	5.715768e+00	-1.749187e+02
1.150000e-06	8.234930e-07	-2.471451e-09	6.285408e+00	-1.641104e+02
1.160000e-06	8.977843e-07	-2.302920e-09	6.852446e+00	-1.530888e+02
1.170000e-06	9.718184e-07	-2.127463e-09	7.417520e+00	-1.418586e+02
1.180000e-06	1.045540e-06	-1.949837e-09	7.980212e+00	-1.304238e+02
1.190000e-06	1.118929e-06	-1.772890e-09	8.540362e+00	-1.187875e+02
1.200000e-06	1.192003e-06	-1.592910e-09	9.098108e+00	-1.069512e+02
1.210000e-06	1.264824e-06	-1.407492e-09	9.653923e+00	-9.491426e+01
1.220000e-06	1.337444e-06	-1.216150e-09	1.020820e+01	-8.267418e+01
1.230000e-06	1.409809e-06	-1.022552e-09	1.076053e+01	-7.022664e+01
1.240000e-06	1.481941e-06	-8.309712e-10	1.131109e+01	-5.756585e+01
1.250000e-06	1.553825e-06	-6.373467e-10	1.185976e+01	-4.468515e+01
1.260000e-06	1.625359e-06	-4.382997e-10	1.240575e+01	-3.157747e+01
1.270000e-06	1.696493e-06	-2.328549e-10	1.294869e+01	-1.823587e+01
1.280000e-06	1.767214e-06	-2.296415e-11	1.348847e+01	-4.653891e+00
1.290000e-06	1.837516e-06	1.898021e-10	1.402506e+01	9.174298e+00
1.300000e-06	1.907475e-06	4.071793e-10	1.455903e+01	2.325385e+01
1.310000e-06	1.977066e-06	6.279660e-10	1.509019e+01	3.758928e+01
1.320000e-06	2.046216e-06	8.502523e-10	1.561799e+01	5.218450e+01
1.330000e-06	2.114985e-06	1.075157e-09	1.614287e+01	6.704262e+01
1.340000e-06	2.183454e-06	1.305944e-09	1.666548e+01	8.216546e+01
1.350000e-06	2.251564e-06	1.543034e-09	1.718533e+01	9.755271e+01
1.360000e-06	2.319108e-06	1.787569e-09	1.770087e+01	1.132006e+02
1.370000e-06	2.385872e-06	2.035947e-09	1.821045e+01	1.291006e+02
1.380000e-06	2.451810e-06	2.285226e-09	1.871373e+01	1.452372e+02
1.390000e-06	2.517045e-06	2.532494e-09	1.921164e+01	1.615870e+02
1.400000e-06	2.581775e-06	2.779995e-09	1.970570e+01	1.781168e+02
1.410000e-06	2.646142e-06	3.029730e-09	2.019699e+01	1.947835e+02
1.420000e-06	2.710060e-06	3.284435e-09	2.068486e+01	2.115336e+02
1.430000e-06	2.773413e-06	3.541893e-09	2.116840e+01	2.283045e+02
1.440000e-06	2.836220e-06	3.797791e-09	2.164778e+01	2.450264e+02
1.450000e-06	2.898497e-06	4.052132e-09	2.212312e+01	2.616244e+02
1.460000e-06	2.960105e-06	4.302695e-09	2.259335e+01	2.780222e+02
1.470000e-06	3.021099e-06	4.547894e-09	2.305890e+01	2.941449e+02
1.480000e-06	3.081635e-06	4.785032e-09	2.352095e+01	3.099226e+02
1.490000e-06	3.141585e-06	5.014691e-09	2.397852e+01	3.252934e+02
1.500000e-06	3.200544e-06	5.238636e-09	2.442853e+01	3.402052e+02
1.510000e-06	3.258348e-06	5.458227e-09	2.486973e+01	3.546180e+02
1.520000e-06	3.315388e-06	5.670087e-09	2.530510e+01	3.685034e+02
1.530000e-06	3.371881e-06	5.870813e-09	2.573628e+01	3.818454e+02
1.540000e-06	3.427707e-06	6.059317e-09	2.616238e+01	3.946381e+02
1.550000e-06	3.482739e-06	6.240338e-09	2.658242e+01	4.068847e+02
1.560000e-06	3.537075e-06	6.417314e-09	2.699715e+01	4.185948e+02
1.570000e-06	3.590715e-06	6.587510e-09	2.740656e+01	4.297821e+02
1.580000e-06	3.643452e-06	6.748008e-09	2.780908e+01	4.404626e+02
1.590000e-06	3.695147e-06	6.900359e-09	2.820365e+01	4.506524e+02
1.600000e-06	3.745578e-06	7.047380e-09	2.858857e+01	4.603670e+02
1.610000e-06	3.794847e-06	7.188205e-09	2.896462e+01	4.696205e+02
1.620000e-06	3.843352e-06	7.321534e-09	2.933484e+01	4.784261e+02
1.630000e-06	3.891178e-06	7.445933e-09	2.969988e+01	4.867968e+02
1.640000e-06	3.938238e-06	7.564225e-09	3.005907e+01	4.947460e+02
1.650000e-06	3.984466e-06	7.679547e-09	3.041191e+01	5.022894e+02
1.660000e-06	4.029823e-06	7.791501e-09	3.075810e+01	5.094450e+02
1.670000e-06	4.074521e-06	7.895880e-09	3.109927e+01	5.162342e+02
1.680000e-06	4.118569e-06	7.990537e-09	3.143547e+01	5.226809e+02
1.690000e-06	4.161405e-06	8.078291e-09	3.176242e+01	5.288114e+02
1.700000e-06	4.202915e-06	8.163037e-09	3.207925e+01	5.346522e+02
1.710000e-06	4.243595e-06	8.243634e-09	3.238974e+01	5.402289e+02
1.720000e-06	4.283534e-06	8.320944e-09	3.269458e+01	5.455645e+02
1.730000e-06	4.322529e-06	8.397195e-09	3.299222e+01	5.506778e+02
1.740000e-06	4.360544e-06	8.474149e-09	3.328237e+01	5.555826e+02
1.750000e-06	4.397690e-06	8.550470e-09	3.356589e+01	5.602879e+02
1.760000e-06	4.434111e-06	8.620452e-09	3.384388e+01	5.647981e+02
1.770000e-06	4.469562e-06	8.682632e-09	3.411446e+01	5.691149e+02
1.780000e-06	4.503637e-06	8.742961e-09	3.437455e+01	5.732384e+02
1.790000e-06	4.536562e-06	8.802181e-09	3.462585e+01	5.771688e+02
1.800000e-06	4.568578e-06	8.858650e-09	3.487022e+01	5.809084e+02
1.810000e-06	4.599636e-06	8.910617e-09	3.510727e+01	5.844618e+02
1.820000e-06	4.629770e-06	8.958393e-09	3.533727e+01	5.878364e+02
1.830000e-06	4.659040e-06	9.006549e-09	3.556068e+01	5.910416e+02
1.840000e-06	4.687483e-06	9.056115e-09	3.577777e+01	5.940883e+02
1.850000e-06	4.714799e-06	9.103634e-09	3.598627e+01	5.969868e+02
1.860000e-06	4.740733e-06	9.145684e-09	3.618421e+01	5.997461e+02
1.870000e-06	4.765494e-06	9.184571e-09	3.637320e+01	6.023725e+02
1.880000e-06	4.789228e-06	9.221837e-09	3.655435e+01	6.048696e+02
1.890000e-06	4.811900e-06	9.256739e-09	3.672740e+01	6.072383e+02
1.900000e-06	4.833551e-06	9.287610e-09	3.689265e+01	6.094777e+02
1.910000e-06	4.854374e-06	9.317314e-09	3.705159e+01	6.115864e+02
1.920000e-06	4.874417e-06	9.348546e-09	3.720457e+01	6.135636e+02
1.930000e-06	4.893412e-06	9.380728e-09	3.734955e+01	6.154101e+02
1.940000e-06	4.911244e-06	9.411686e-09	3.748566e+01	6.171293e+02
1.950000e-06	4.927938e-06	9.437896e-09	3.761307e+01	6.187269e+02
1.960000e-06	4.943443e-06	9.458407e-09	3.773142e+01	6.202106e+02
1.970000e-06	4.957787e-06	9.477870e-09	3.784090e+01	6.215890e+02
1.980000e-06	4.971056e-06	9.497326e-09	3.794217e+01	6.228702e+02
1.990000e-06	4.983090e-06	9.515197e-09	3.803403e+01	6.240615e+02
2.000000e-06	4.993630e-06	9.530927e-09	3.811447e+01	6.251678e+02
2.010000e-06	5.002852e-06	9.546557e-09	3.818487e+01	6.261918e+02
2.020000e-06	5.011055e-06	9.564200e-09	3.824748e+01	6.271344e+02
2.030000e-06	5.018207e-06	9.580070e-09	3.830206e+01	6.279950e+02
2.040000e-06	5.024296e-06	9.592791e-09	3.834854e+01	6.287727e+02
2.050000e-06	5.029479e-06	9.600580e-09	3.838810e+01	6.294673e+02
2.060000e-06	5.033747e-06	9.606493e-09	3.842067e+01	6.300796e+02
2.070000e-06	5.036756e-06	9.613943e-09	3.844364e+01	6.306118e+02
2.080000e-06	5.038363e-06	9.624993e-09	3.845591e+01	6.310674e+02
2.090000e-06	5.038899e-06	9.634882e-09	3.846000e+01	6.314504e+02
2.100000e-06	5.038481e-06	9.640373e-09	3.845681e+01	6.317645e+02
2.110000e-06	5.037018e-06	9.643030e-09	3.844564e+01	6.320122e+02
2.120000e-06	5.034592e-06	9.642776e-09	3.842713e+01	6.321946e+02
2.130000e-06	5.031336e-06	9.645474e-09	3.840227e+01	6.323104e+02
2.140000e-06	5.026991e-06	9.646461e-09	3.836910e+01	6.323569e+02
2.150000e-06	5.021220e-06	9.650547e-09	3.832506e+01	6.323305e+02
2.160000e-06	5.014359e-06	9.673719e-09	3.827269e+01	6.322272e+02
2.170000e-06	5.006656e-06	9.674219e-09	3.821390e+01	6.320440e+02
2.180000e-06	4.997988e-06	9.557499e-09	3.814774e+01	6.317792e+02
2.190000e-06	4.987923e-06	9.493013e-09	3.807092e+01	6.314330e+02
2.200000e-06	4.975714e-06	9.613627e-09	3.797773e+01	6.310073e+02
2.210000e-06	4.961581e-06	9.815224e-09	3.786986e+01	6.305054e+02
2.220000e-06	4.946817e-06	9.639172e-09	3.775717e+01	6.299309e+02
2.230000e-06	4.931860e-06	9.384306e-09	3.764301e+01	6.292875e+02
2.240000e-06	4.915798e-06	9.680170e-09	3.752042e+01	6.285776e+02
2.250000e-06	4.898430e-06	9.672571e-09	3.738785e+01	6.278028e+02
2.260000e-06	4.880538e-06	9.314328e-09	3.725129e+01	6.269632e+02
2.270000e-06	4.861659e-06	9.506799e-09	3.710719e+01	6.260582e+02
2.280000e-06	4.841075e-06	9.677161e-09	3.695008e+01	6.250869e+02
2.290000e-06	4.819379e-06	9.351235e-09	3.678448e+01	6.240488e+02
2.300000e-06	4.796712e-06	9.391488e-09	3.661148e+01	6.229440e+02
2.310000e-06	4.772854e-06	9.633566e-09	3.642938e+01	6.217735e+02
2.320000e-06	4.748188e-06	9.379535e-09	3.624111e+01	6.205389e+02
2.330000e-06	4.722552e-06	9.333450e-09	3.604544e+01	6.192419e+02
2.340000e-06	4.695818e-06	9.479967e-09	3.584139e+01	6.178835e+02
2.350000e-06	4.668376e-06	9.308020e-09	3.563193e+01	6.164638e+02
2.360000e-06	4.639676e-06	9.398681e-09	3.541288e+01	6.149812e+02
2.370000e-06	4.609392e-06	9.411285e-09	3.518173e+01	6.134327e+02
2.380000e-06	4.578240e-06	9.200771e-09	3.494396e+01	6.118141e+02
2.390000e-06	4.546154e-06	9.353693e-09	3.469906e+01	6.101213e+02
2.400000e-06	4.513074e-06	9.291360e-09	3.444657e+01	6.083506e+02
2.410000e-06	4.479260e-06	9.128228e-09	3.418849e+01	6.065004e+02
2.420000e-06	4.444533e-06	9.272763e-09	3.392343e+01	6.045711e+02
2.430000e-06	4.408954e-06	9.154940e-09	3.365187e+01	6.025660e+02
2.440000e-06	4.372293e-06	9.074488e-09	3.337204e+01	6.004907e+02
2.450000e-06	4.334222e-06	9.195125e-09	3.308146e+01	5.983520e+02
2.460000e-06	4.295140e-06	9.057622e-09	3.278317e+01	5.961573e+02
2.470000e-06	4.255176e-06	8.981827e-09	3.247814e+01	5.939131e+02
2.480000e-06	4.214309e-06	9.008117e-09	3.216622e+01	5.916239e+02
2.490000e-06	4.172678e-06	8.968336e-09	3.184846e+01	5.892917e+02
2.500000e-06	4.130177e-06	8.948590e-09	3.152407e+01	5.869160e+02
2.510000e-06	4.086924e-06	8.871624e-09	3.119394e+01	5.844938e+02
2.520000e-06	4.042863e-06	8.845220e-09	3.085764e+01	5.820209e+02
2.530000e-06	3.997787e-06	8.816319e-09	3.051359e+01	5.794927e+02
2.540000e-06	3.951702e-06	8.770888e-09	3.016184e+01	5.769052e+02
2.550000e-06	3.904740e-06	8.745827e-09	2.980340e+01	5.742557e+02
2.560000e-06	3.856984e-06	8.660379e-09	2.943889e+01	5.715430e+02
2.570000e-06	3.808231e-06	8.649787e-09	2.906678e+01	5.687676e+02
2.580000e-06	3.758572e-06	8.621841e-09	2.868775e+01	5.659306e+02
2.590000e-06	3.708099e-06	8.560023e-09	2.830251e+01	5.630330e+02
2.600000e-06	3.656679e-06	8.534723e-09	2.791004e+01	5.600754e+02
2.610000e-06	3.604289e-06	8.447016e-09	2.751017e+01	5.570569e+02
2.620000e-06	3.550695e-06	8.412556e-09	2.710110e+01	5.539753e+02
2.630000e-06	3.496018e-06	8.386499e-09	2.668377e+01	5.508267e+02
2.640000e-06	3.440694e-06	8.303508e-09	2.626151e+01	5.476072e+02
2.650000e-06	3.384736e-06	8.262463e-09	2.583440e+01	5.443123e+02
2.660000e-06	3.328078e-06	8.207943e-09	2.540195e+01	5.409389e+02
2.670000e-06	3.270768e-06	8.177086e-09	2.496452e+01	5.374851e+02
2.680000e-06	3.212751e-06	8.130289e-09	2.452170e+01	5.339505e+02
2.690000e-06	3.154068e-06	8.049901e-09	2.407380e+01	5.303364e+02
2.700000e-06	3.094848e-06	7.992725e-09	2.362180e+01	5.266447e+02
2.710000e-06	3.035006e-06	7.926660e-09	2.316505e+01	5.228777e+02
2.720000e-06	2.974298e-06	7.889240e-09	2.270168e+01	5.190367e+02
2.730000e-06	2.912690e-06	7.828193e-09	2.223145e+01	5.151221e+02
2.740000e-06	2.850328e-06	7.760772e-09	2.175547e+01	5.111324e+02
2.750000e-06	2.787348e-06	7.707008e-09	2.127477e+01	5.070650e+02
2.760000e-06	2.723889e-06	7.638189e-09	2.079041e+01	5.029163e+02
2.770000e-06	2.659890e-06	7.578203e-09	2.030192e+01	4.986826e+02
2.780000e-06	2.595253e-06	7.495692e-09	1.980857e+01	4.943608e+02
2.790000e-06	2.530033e-06	7.424561e-09	1.931078e+01	4.899491e+02
2.800000e-06	2.464274e-06	7.367165e-09	1.880886e+01	4.854469e+02
2.810000e-06	2.398014e-06	7.307593e-09	1.830313e+01	4.808555e+02
2.820000e-06	2.331321e-06	7.242142e-09	1.779409e+01	4.761767e+02
2.830000e-06	2.264198e-06	7.153211e-09	1.728176e+01	4.714128e+02
2.840000e-06	2.196604e-06	7.076063e-09	1.676584e+01	4.665656e+02
2.850000e-06	2.128519e-06	7.004510e-09	1.624617e+01	4.616355e+02
2.860000e-06	2.059781e-06	6.931879e-09	1.572152e+01	4.566216e+02
2.870000e-06	1.990340e-06	6.850278e-09	1.519151e+01	4.515212e+02
2.880000e-06	1.920317e-06	6.764001e-09	1.465705e+01	4.463304e+02
2.890000e-06	1.849737e-06	6.694235e-09	1.411834e+01	4.410449e+02
2.900000e-06	1.778757e-06	6.622176e-09	1.357658e+01	4.356604e+02
2.910000e-06	1.707506e-06	6.541026e-09	1.303274e+01	4.301733e+02
2.920000e-06	1.635978e-06	6.446506e-09	1.248679e+01	4.245813e+02
2.930000e-06	1.564217e-06	6.354217e-09	1.193907e+01	4.188836e+02
2.940000e-06	1.492157e-06	6.273443e-09	1.138907e+01	4.130800e+02
2.950000e-06	1.419735e-06	6.185316e-09	1.083630e+01	4.071712e+02
2.960000e-06	1.347001e-06	6.091545e-09	1.028115e+01	4.011573e+02
2.970000e-06	1.273993e-06	5.995012e-09	9.723902e+00	3.950374e+02
2.980000e-06	1.200728e-06	5.905278e-09	9.164697e+00	3.888092e+02
2.990000e-06	1.127284e-06	5.820109e-09	8.604132e+00	3.824689e+02
3.000000e-06	1.053682e-06	5.723373e-09	8.042356e+00	3.760109e+02
3.010000e-06	9.798243e-07	5.616758e-09	7.478625e+00	3.694289e+02
3.020000e-06	9.056960e-07	5.509193e-09	6.912833e+00	3.627162e+02
3.030000e-06	8.313851e-07	5.409789e-09	6.345646e+00	3.558666e+02
3.040000e-06	7.569236e-07	5.307596e-09	5.777310e+00	3.488750e+02
3.050000e-06	6.822767e-07	5.198396e-09	5.207558e+00	3.417378e+02
3.060000e-06	6.074611e-07	5.087679e-09	4.636519e+00	3.344529e+02
3.070000e-06	5.325514e-07	4.980098e-09	4.064762e+00	3.270197e+02
3.080000e-06	4.575077e-07	4.873021e-09	3.491982e+00	3.194379e+02
3.090000e-06	3.823145e-07	4.754350e-09	2.918061e+00	3.117075e+02
3.100000e-06	3.070423e-07	4.627142e-09	2.343537e+00	3.038275e+02
3.110000e-06	2.316663e-07	4.500116e-09	1.768220e+00	2.957958e+02
3.120000e-06	1.562032e-07	4.378598e-09	1.192240e+00	2.876081e+02
3.130000e-06	8.067352e-08	4.256953e-09	6.157502e-01	2.792587e+02
3.140000e-06	5.156604e-09	4.129805e-09	3.935840e-02	2.707399e+02
3.150000e-06	-7.037368e-08	3.998488e-09	-5.371355e-01	2.620429e+02
3.160000e-06	-1.459355e-07	3.866375e-09	-1.113870e+00	2.531580e+02
3.170000e-06	-2.214257e-07	3.732486e-09	-1.690058e+00	2.440760e+02
3.180000e-06	-2.967979e-07	3.592149e-09	-2.265346e+00	2.347879e+02
3.190000e-06	-3.720818e-07	3.444754e-09	-2.839959e+00	2.252864e+02
3.200000e-06	-4.472801e-07	3.295552e-09	-3.413919e+00	2.155658e+02
3.210000e-06	-5.223424e-07	3.148069e-09	-3.986841e+00	2.056225e+02
3.220000e-06	-5.972776e-07	2.997806e-09	-4.558792e+00	1.954549e+02
3.230000e-06	-6.720631e-07	2.841117e-09	-5.129602e+00	1.850639e+02
3.240000e-06	-7.466268e-07	2.677513e-09	-5.698718e+00	1.744517e+02
3.250000e-06	-8.209662e-07	2.510650e-09	-6.266123e+00	1.636222e+02
3.260000e-06	-8.951159e-07	2.344139e-09	-6.832079e+00	1.525798e+02
3.270000e-06	-9.690585e-07	2.176602e-09	-7.396454e+00	1.413292e+02
3.280000e-06	-1.042787e-06	2.003677e-09	-7.959195e+00	1.298745e+02
3.290000e-06	-1.116313e-06	1.823727e-09	-8.520395e+00	1.182185e+02
3.300000e-06	-1.189647e-06	1.642022e-09	-9.080120e+00	1.063625e+02
3.310000e-06	-1.262700e-06	1.463405e-09	-9.637709e+00	9.430565e+01
3.320000e-06	-1.335403e-06	1.282387e-09	-1.019262e+01	8.204535e+01
3.330000e-06	-1.407762e-06	1.092493e-09	-1.074491e+01	6.957705e+01
3.340000e-06	-1.479832e-06	8.954820e-10	-1.129500e+01	5.689489e+01
3.350000e-06	-1.551643e-06	6.966191e-10	-1.184310e+01	4.399210e+01
3.360000e-06	-1.623177e-06	4.975108e-10	-1.238909e+01	3.086164e+01
3.370000e-06	-1.694432e-06	2.946966e-10	-1.293295e+01	1.749658e+01
3.380000e-06	-1.765413e-06	8.599197e-11	-1.347472e+01	3.890528e+00
3.390000e-06	-1.836100e-06	-1.258072e-10	-1.401425e+01	-9.962277e+00
3.400000e-06	-1.906394e-06	-3.381241e-10	-1.455078e+01	-2.406692e+01
3.410000e-06	-1.976175e-06	-5.539903e-10	-1.508339e+01	-3.842787e+01
3.420000e-06	-2.045277e-06	-7.770879e-10	-1.561082e+01	-5.304896e+01
3.430000e-06	-2.113678e-06	-1.005569e-09	-1.613290e+01	-6.793320e+01
3.440000e-06	-2.181555e-06	-1.237032e-09	-1.665098e+01	-8.308224e+01
3.450000e-06	-2.248970e-06	-1.470438e-09	-1.716553e+01	-9.849549e+01
3.460000e-06	-2.315971e-06	-1.706259e-09	-1.767693e+01	-1.141688e+02
3.470000e-06	-2.382594e-06	-1.947804e-09	-1.818543e+01	-1.300929e+02
3.480000e-06	-2.448717e-06	-2.193515e-09	-1.869012e+01	-1.462518e+02
3.490000e-06	-2.514313e-06	-2.437939e-09	-1.919079e+01	-1.626209e+02
3.500000e-06	-2.579439e-06	-2.684027e-09	-1.968787e+01	-1.791663e+02
3.510000e-06	-2.644098e-06	-2.935993e-09	-2.018139e+01	-1.958435e+02
3.520000e-06	-2.708159e-06	-3.197562e-09	-2.067035e+01	-2.125984e+02
3.530000e-06	-2.771587e-06	-3.458731e-09	-2.115447e+01	-2.293673e+02
3.540000e-06	-2.834518e-06	-3.714009e-09	-2.163480e+01	-2.460799e+02
3.550000e-06	-2.896836e-06	-3.964563e-09	-2.211045e+01	-2.626611e+02
3.560000e-06	-2.958377e-06	-4.212614e-09	-2.258017e+01	-2.790344e+02
3.570000e-06	-3.019114e-06	-4.460283e-09	-2.304375e+01	-2.951253e+02
3.580000e-06	-3.079024e-06	-4.702809e-09	-2.350102e+01	-3.108647e+02
3.590000e-06	-3.138267e-06	-4.937023e-09	-2.395320e+01	-3.261914e+02
3.600000e-06	-3.197001e-06	-5.162879e-09	-2.440149e+01	-3.410547e+02
3.610000e-06	-3.255107e-06	-5.382907e-09	-2.484499e+01	-3.554154e+02
3.620000e-06	-3.312427e-06	-5.596652e-09	-2.528249e+01	-3.692468e+02
3.630000e-06	-3.368977e-06	-5.801773e-09	-2.571412e+01	-3.825336e+02
3.640000e-06	-3.424787e-06	-5.997289e-09	-2.614010e+01	-3.952712e+02
3.650000e-06	-3.479936e-06	-6.186641e-09	-2.656103e+01	-4.074633e+02
3.660000e-06	-3.534438e-06	-6.367802e-09	-2.697702e+01	-4.191201e+02
3.670000e-06	-3.587959e-06	-6.540956e-09	-2.738552e+01	-4.302558e+02
3.680000e-06	-3.640319e-06	-6.705129e-09	-2.778516e+01	-4.408861e+02
3.690000e-06	-3.691702e-06	-6.858831e-09	-2.817736e+01	-4.510275e+02
3.700000e-06	-3.742228e-06	-7.002514e-09	-2.856300e+01	-4.606950e+02
3.710000e-06	-3.791879e-06	-7.140305e-09	-2.894197e+01	-4.699029e+02
3.720000e-06	-3.840646e-06	-7.274937e-09	-2.931419e+01	-4.786641e+02
3.730000e-06	-3.888329e-06	-7.405747e-09	-2.967813e+01	-4.869917e+02
3.740000e-06	-3.934774e-06	-7.532775e-09	-3.003263e+01	-4.948993e+02
3.750000e-06	-3.980301e-06	-7.653788e-09	-3.038012e+01	-5.024027e+02
3.760000e-06	-4.025109e-06	-7.764218e-09	-3.072212e+01	-5.095204e+02
3.770000e-06	-4.069139e-06	-7.865654e-09	-3.105819e+01	-5.162739e+02
3.780000e-06	-4.112460e-06	-7.962700e-09	-3.138884e+01	-5.226876e+02
3.790000e-06	-4.155093e-06	-8.055986e-09	-3.171424e+01	-5.287875e+02
3.800000e-06	-4.196925e-06	-8.144723e-09	-3.203353e+01	-5.346005e+02
3.810000e-06	-4.237850e-06	-8.229617e-09	-3.234590e+01	-5.401519e+02
3.820000e-06	-4.277873e-06	-8.313340e-09	-3.265138e+01	-5.454642e+02
3.830000e-06	-4.317151e-06	-8.397831e-09	-3.295117e+01	-5.505558e+02
3.840000e-06	-4.355632e-06	-8.479048e-09	-3.324488e+01	-5.554400e+02
3.850000e-06	-4.392934e-06	-8.550790e-09	-3.352959e+01	-5.601253e+02
3.860000e-06	-4.428992e-06	-8.615862e-09	-3.380481e+01	-5.646159e+02
3.870000e-06	-4.464114e-06	-8.680959e-09	-3.407288e+01	-5.689131e+02
3.880000e-06	-4.498332e-06	-8.744926e-09	-3.433405e+01	-5.730169e+02
3.890000e-06	-4.531586e-06	-8.804540e-09	-3.458787e+01	-5.769278e+02
3.900000e-06	-4.563893e-06	-8.860937e-09	-3.483446e+01	-5.806482e+02
3.910000e-06	-4.595312e-06	-8.916981e-09	-3.507427e+01	-5.841831e+02
3.920000e-06	-4.625795e-06	-8.974036e-09	-3.530693e+01	-5.875399e+02
3.930000e-06	-4.654972e-06	-9.029538e-09	-3.552963e+01	-5.907286e+02
3.940000e-06	-4.682886e-06	-9.078859e-09	-3.574268e+01	-5.937597e+02
3.950000e-06	-4.709884e-06	-9.119144e-09	-3.594875e+01	-5.966436e+02
3.960000e-06	-4.735985e-06	-9.157033e-09	-3.614797e+01	-5.993890e+02
3.970000e-06	-4.760975e-06	-9.197153e-09	-3.633871e+01	-6.020021e+02
3.980000e-06	-4.784820e-06	-9.236249e-09	-3.652071e+01	-6.044860e+02
3.990000e-06	-4.807800e-06	-9.272475e-09	-3.669611e+01	-6.068416e+02
4.000000e-06	-4.829803e-06	-9.307170e-09	-3.686405e+01	-6.090677e+02
4.010000e-06	-4.850439e-06	-9.342119e-09	-3.702155e+01	-6.111630e+02
4.020000e-06	-4.869904e-06	-9.375890e-09	-3.717012e+01	-6.131267e+02
4.030000e-06	-4.888400e-06	-9.405403e-09	-3.731129e+01	-6.149600e+02
4.040000e-06	-4.905857e-06	-9.429834e-09	-3.744454e+01	-6.166664e+02
4.050000e-06	-4.922338e-06	-9.450707e-09	-3.757033e+01	-6.182520e+02
4.060000e-06	-4.937881e-06	-9.471982e-09	-3.768897e+01	-6.197245e+02
4.070000e-06	-4.952504e-06	-9.496274e-09	-3.780058e+01	-6.210925e+02
4.080000e-06	-4.965831e-06	-9.517747e-09	-3.790230e+01	-6.223641e+02
4.090000e-06	-4.977661e-06	-9.533819e-09	-3.799259e+01	-6.235464e+02
4.100000e-06	-4.988222e-06	-9.547831e-09	-3.807320e+01	-6.246441e+02
4.110000e-06	-4.997665e-06	-9.563063e-09	-3.814528e+01	-6.256597e+02
4.120000e-06	-5.006042e-06	-9.578713e-09	-3.820921e+01	-6.265938e+02
4.130000e-06	-5.013479e-06	-9.592072e-09	-3.826598e+01	-6.274458e+02
4.140000e-06	-5.020022e-06	-9.602378e-09	-3.831592e+01	-6.282149e+02
4.150000e-06	-5.025295e-06	-9.611712e-09	-3.835616e+01	-6.289009e+02
4.160000e-06	-5.029211e-06	-9.623434e-09	-3.838606e+01	-6.295048e+02
4.170000e-06	-5.032082e-06	-9.633317e-09	-3.840797e+01	-6.300288e+02
4.180000e-06	-5.034003e-06	-9.636269e-09	-3.842263e+01	-6.304767e+02
4.190000e-06	-5.034896e-06	-9.635985e-09	-3.842944e+01	-6.308524e+02
