# Temperatura_=_29.82
# Concentracion g/m^3_=_18600.0
# C_Vs_to_Am_M_A/Vsm_=_65563218390.804596
# pendiente_HvsI_1/m_=_3716.3
# ordenada_HvsI_A/m_=_1297.0
# frecuencia_Hz_=_238189.0459131669

Tiempo_(s)	Campo_(V.s)	Magnetizacion_(V.s)	Campo_(kA/m)	Magnetizacion_(A/m)
0.000000e+00	-5.050454e-06	-9.530827e-09	-3.842990e+01	-6.250027e+02
1.000000e-08	-5.049687e-06	-9.535969e-09	-3.842406e+01	-6.252546e+02
2.000000e-08	-5.047933e-06	-9.538221e-09	-3.841072e+01	-6.254404e+02
3.000000e-08	-5.044854e-06	-9.540518e-09	-3.838729e+01	-6.255644e+02
4.000000e-08	-5.040613e-06	-9.543142e-09	-3.835501e+01	-6.256276e+02
5.000000e-08	-5.035485e-06	-9.539862e-09	-3.831599e+01	-6.256273e+02
6.000000e-08	-5.029403e-06	-9.524533e-09	-3.826971e+01	-6.255568e+02
7.000000e-08	-5.022240e-06	-9.517180e-09	-3.821522e+01	-6.254071e+02
8.000000e-08	-5.014018e-06	-9.549933e-09	-3.815265e+01	-6.251678e+02
9.000000e-08	-5.004573e-06	-9.594892e-09	-3.808078e+01	-6.248296e+02
1.000000e-07	-4.993422e-06	-9.571307e-09	-3.799593e+01	-6.243860e+02
1.100000e-07	-4.980698e-06	-9.452203e-09	-3.789911e+01	-6.238351e+02
1.200000e-07	-4.966951e-06	-9.417130e-09	-3.779451e+01	-6.231800e+02
1.300000e-07	-4.952252e-06	-9.538433e-09	-3.768266e+01	-6.224289e+02
1.400000e-07	-4.936153e-06	-9.526583e-09	-3.756016e+01	-6.215939e+02
1.500000e-07	-4.918675e-06	-9.420016e-09	-3.742716e+01	-6.206889e+02
1.600000e-07	-4.900308e-06	-9.467485e-09	-3.728740e+01	-6.197276e+02
1.700000e-07	-4.881050e-06	-9.478142e-09	-3.714087e+01	-6.187211e+02
1.800000e-07	-4.860813e-06	-9.391510e-09	-3.698688e+01	-6.176764e+02
1.900000e-07	-4.839815e-06	-9.419354e-09	-3.682711e+01	-6.165952e+02
2.000000e-07	-4.817934e-06	-9.420015e-09	-3.666061e+01	-6.154742e+02
2.100000e-07	-4.794852e-06	-9.328837e-09	-3.648497e+01	-6.143062e+02
2.200000e-07	-4.770702e-06	-9.345055e-09	-3.630121e+01	-6.130816e+02
2.300000e-07	-4.745568e-06	-9.369714e-09	-3.610996e+01	-6.117904e+02
2.400000e-07	-4.719262e-06	-9.329295e-09	-3.590979e+01	-6.104244e+02
2.500000e-07	-4.691700e-06	-9.312871e-09	-3.570007e+01	-6.089786e+02
2.600000e-07	-4.663008e-06	-9.261849e-09	-3.548175e+01	-6.074516e+02
2.700000e-07	-4.633324e-06	-9.208017e-09	-3.525587e+01	-6.058459e+02
2.800000e-07	-4.602789e-06	-9.229056e-09	-3.502353e+01	-6.041669e+02
2.900000e-07	-4.571398e-06	-9.199700e-09	-3.478467e+01	-6.024216e+02
3.000000e-07	-4.539100e-06	-9.134573e-09	-3.453890e+01	-6.006174e+02
3.100000e-07	-4.505920e-06	-9.144395e-09	-3.428643e+01	-5.987602e+02
3.200000e-07	-4.471652e-06	-9.130799e-09	-3.402568e+01	-5.968541e+02
3.300000e-07	-4.436187e-06	-9.073620e-09	-3.375582e+01	-5.949009e+02
3.400000e-07	-4.399714e-06	-9.061858e-09	-3.347829e+01	-5.928999e+02
3.500000e-07	-4.362328e-06	-9.024845e-09	-3.319381e+01	-5.908493e+02
3.600000e-07	-4.323969e-06	-8.948131e-09	-3.290193e+01	-5.887466e+02
3.700000e-07	-4.284619e-06	-8.950139e-09	-3.260251e+01	-5.865892e+02
3.800000e-07	-4.244401e-06	-8.954162e-09	-3.229648e+01	-5.843758e+02
3.900000e-07	-4.203418e-06	-8.881847e-09	-3.198464e+01	-5.821055e+02
4.000000e-07	-4.161499e-06	-8.839082e-09	-3.166566e+01	-5.797785e+02
4.100000e-07	-4.118375e-06	-8.828504e-09	-3.133753e+01	-5.773953e+02
4.200000e-07	-4.074118e-06	-8.789516e-09	-3.100076e+01	-5.749560e+02
4.300000e-07	-4.028965e-06	-8.745945e-09	-3.065719e+01	-5.724598e+02
4.400000e-07	-3.982924e-06	-8.697201e-09	-3.030685e+01	-5.699052e+02
4.500000e-07	-3.935902e-06	-8.645728e-09	-2.994906e+01	-5.672893e+02
4.600000e-07	-3.888041e-06	-8.624714e-09	-2.958487e+01	-5.646085e+02
4.700000e-07	-3.839469e-06	-8.600854e-09	-2.921527e+01	-5.618594e+02
4.800000e-07	-3.789944e-06	-8.546257e-09	-2.883843e+01	-5.590390e+02
4.900000e-07	-3.739175e-06	-8.491016e-09	-2.845211e+01	-5.561456e+02
5.000000e-07	-3.687219e-06	-8.449141e-09	-2.805678e+01	-5.531789e+02
5.100000e-07	-3.634359e-06	-8.409148e-09	-2.765455e+01	-5.501403e+02
5.200000e-07	-3.580678e-06	-8.360698e-09	-2.724609e+01	-5.470323e+02
5.300000e-07	-3.526189e-06	-8.296471e-09	-2.683147e+01	-5.438580e+02
5.400000e-07	-3.470920e-06	-8.238751e-09	-2.641091e+01	-5.406206e+02
5.500000e-07	-3.414876e-06	-8.210061e-09	-2.598446e+01	-5.373222e+02
5.600000e-07	-3.358277e-06	-8.175038e-09	-2.555379e+01	-5.339639e+02
5.700000e-07	-3.301159e-06	-8.112361e-09	-2.511917e+01	-5.305454e+02
5.800000e-07	-3.243112e-06	-8.044685e-09	-2.467748e+01	-5.270650e+02
5.900000e-07	-3.184007e-06	-7.990176e-09	-2.422774e+01	-5.235198e+02
6.000000e-07	-3.124096e-06	-7.946185e-09	-2.377186e+01	-5.199065e+02
6.100000e-07	-3.063592e-06	-7.895304e-09	-2.331147e+01	-5.162216e+02
6.200000e-07	-3.002538e-06	-7.831100e-09	-2.284690e+01	-5.124619e+02
6.300000e-07	-2.940854e-06	-7.767894e-09	-2.237754e+01	-5.086248e+02
6.400000e-07	-2.878546e-06	-7.717350e-09	-2.190342e+01	-5.047080e+02
6.500000e-07	-2.815636e-06	-7.663910e-09	-2.142473e+01	-5.007098e+02
6.600000e-07	-2.752128e-06	-7.595863e-09	-2.094148e+01	-4.966286e+02
6.700000e-07	-2.688086e-06	-7.522178e-09	-2.045418e+01	-4.924627e+02
6.800000e-07	-2.623575e-06	-7.456726e-09	-1.996330e+01	-4.882105e+02
6.900000e-07	-2.558535e-06	-7.402460e-09	-1.946840e+01	-4.838704e+02
7.000000e-07	-2.492911e-06	-7.341051e-09	-1.896905e+01	-4.794406e+02
7.100000e-07	-2.426660e-06	-7.263785e-09	-1.846493e+01	-4.749199e+02
7.200000e-07	-2.359651e-06	-7.185767e-09	-1.795505e+01	-4.703075e+02
7.300000e-07	-2.291913e-06	-7.118290e-09	-1.743962e+01	-4.656030e+02
7.400000e-07	-2.223684e-06	-7.050415e-09	-1.692045e+01	-4.608069e+02
7.500000e-07	-2.155123e-06	-6.971822e-09	-1.639875e+01	-4.559199e+02
7.600000e-07	-2.086193e-06	-6.888185e-09	-1.587425e+01	-4.509428e+02
7.700000e-07	-2.016896e-06	-6.811472e-09	-1.534696e+01	-4.458765e+02
7.800000e-07	-1.947174e-06	-6.741479e-09	-1.481643e+01	-4.407214e+02
7.900000e-07	-1.876966e-06	-6.666407e-09	-1.428221e+01	-4.354774e+02
8.000000e-07	-1.806308e-06	-6.580894e-09	-1.374456e+01	-4.301441e+02
8.100000e-07	-1.735207e-06	-6.491722e-09	-1.320353e+01	-4.247207e+02
8.200000e-07	-1.663715e-06	-6.407892e-09	-1.265953e+01	-4.192063e+02
8.300000e-07	-1.591880e-06	-6.326315e-09	-1.211293e+01	-4.136004e+02
8.400000e-07	-1.519742e-06	-6.238932e-09	-1.156402e+01	-4.079023e+02
8.500000e-07	-1.447369e-06	-6.143888e-09	-1.101331e+01	-4.021115e+02
8.600000e-07	-1.374785e-06	-6.049263e-09	-1.046101e+01	-3.962273e+02
8.700000e-07	-1.301976e-06	-5.960448e-09	-9.906988e+00	-3.902481e+02
8.800000e-07	-1.228922e-06	-5.870943e-09	-9.351107e+00	-3.841713e+02
8.900000e-07	-1.155594e-06	-5.773498e-09	-8.793139e+00	-3.779925e+02
9.000000e-07	-1.081934e-06	-5.672682e-09	-8.232652e+00	-3.717057e+02
9.100000e-07	-1.007932e-06	-5.574619e-09	-7.669555e+00	-3.653034e+02
9.200000e-07	-9.336137e-07	-5.478267e-09	-7.104050e+00	-3.587769e+02
9.300000e-07	-8.589832e-07	-5.376568e-09	-6.536172e+00	-3.521175e+02
9.400000e-07	-7.840611e-07	-5.266926e-09	-5.966075e+00	-3.453170e+02
9.500000e-07	-7.089185e-07	-5.155788e-09	-5.394300e+00	-3.383694e+02
9.600000e-07	-6.335509e-07	-5.049661e-09	-4.820814e+00	-3.312707e+02
9.700000e-07	-5.579568e-07	-4.942650e-09	-4.245603e+00	-3.240197e+02
9.800000e-07	-4.822068e-07	-4.826153e-09	-3.669206e+00	-3.166177e+02
9.900000e-07	-4.063059e-07	-4.703055e-09	-3.091662e+00	-3.090675e+02
1.000000e-06	-3.303388e-07	-4.580327e-09	-2.513613e+00	-3.013728e+02
1.010000e-06	-2.542904e-07	-4.462162e-09	-1.934946e+00	-2.935363e+02
1.020000e-06	-1.780918e-07	-4.343905e-09	-1.355136e+00	-2.855588e+02
1.030000e-06	-1.018761e-07	-4.219598e-09	-7.751953e-01	-2.774381e+02
1.040000e-06	-2.570448e-08	-4.089849e-09	-1.955904e-01	-2.691687e+02
1.050000e-06	5.046158e-08	-3.957194e-09	3.839721e-01	-2.607419e+02
1.060000e-06	1.266468e-07	-3.823886e-09	9.636804e-01	-2.521463e+02
1.070000e-06	2.027749e-07	-3.688544e-09	1.542954e+00	-2.433691e+02
1.080000e-06	2.788192e-07	-3.547798e-09	2.121590e+00	-2.343973e+02
1.090000e-06	3.548754e-07	-3.403874e-09	2.700317e+00	-2.252194e+02
1.100000e-06	4.309108e-07	-3.260985e-09	3.278885e+00	-2.158263e+02
1.110000e-06	5.068034e-07	-3.119077e-09	3.856367e+00	-2.062119e+02
1.120000e-06	5.825455e-07	-2.969411e-09	4.432703e+00	-1.963739e+02
1.130000e-06	6.581139e-07	-2.810430e-09	5.007718e+00	-1.863132e+02
1.140000e-06	7.334545e-07	-2.647805e-09	5.580999e+00	-1.760333e+02
1.150000e-06	8.085520e-07	-2.485662e-09	6.152431e+00	-1.655396e+02
1.160000e-06	8.833454e-07	-2.322248e-09	6.721549e+00	-1.548385e+02
1.170000e-06	9.577248e-07	-2.154961e-09	7.287516e+00	-1.439360e+02
1.180000e-06	1.031792e-06	-1.984817e-09	7.851110e+00	-1.328372e+02
1.190000e-06	1.105610e-06	-1.812216e-09	8.412803e+00	-1.215457e+02
1.200000e-06	1.179049e-06	-1.637126e-09	8.971615e+00	-1.100635e+02
1.210000e-06	1.252141e-06	-1.458465e-09	9.527787e+00	-9.839023e+01
1.220000e-06	1.324954e-06	-1.276655e-09	1.008183e+01	-8.652408e+01
1.230000e-06	1.397523e-06	-1.091601e-09	1.063403e+01	-7.446150e+01
1.240000e-06	1.469880e-06	-9.052315e-10	1.118461e+01	-6.219776e+01
1.250000e-06	1.541963e-06	-7.157330e-10	1.173310e+01	-4.972728e+01
1.260000e-06	1.613720e-06	-5.233663e-10	1.227911e+01	-3.704401e+01
1.270000e-06	1.685126e-06	-3.261159e-10	1.282246e+01	-2.414181e+01
1.280000e-06	1.756142e-06	-1.238052e-10	1.336283e+01	-1.101477e+01
1.290000e-06	1.826780e-06	8.128909e-11	1.390033e+01	2.342523e+00
1.300000e-06	1.897024e-06	2.901151e-10	1.443483e+01	1.593484e+01
1.310000e-06	1.966857e-06	5.010424e-10	1.496620e+01	2.976614e+01
1.320000e-06	2.036298e-06	7.152314e-10	1.549459e+01	4.383953e+01
1.330000e-06	2.105338e-06	9.327551e-10	1.601993e+01	5.815714e+01
1.340000e-06	2.174002e-06	1.153255e-09	1.654241e+01	7.271998e+01
1.350000e-06	2.242299e-06	1.378902e-09	1.706209e+01	8.752759e+01
1.360000e-06	2.310097e-06	1.613210e-09	1.757799e+01	1.025774e+02
1.370000e-06	2.377234e-06	1.853091e-09	1.808884e+01	1.178640e+02
1.380000e-06	2.443621e-06	2.093896e-09	1.859399e+01	1.333776e+02
1.390000e-06	2.509302e-06	2.334496e-09	1.909377e+01	1.491031e+02
1.400000e-06	2.574379e-06	2.574966e-09	1.958896e+01	1.650186e+02
1.410000e-06	2.639003e-06	2.817161e-09	2.008069e+01	1.810936e+02
1.420000e-06	2.703226e-06	3.061858e-09	2.056938e+01	1.972889e+02
1.430000e-06	2.766955e-06	3.309497e-09	2.105430e+01	2.135560e+02
1.440000e-06	2.830071e-06	3.557995e-09	2.153457e+01	2.298375e+02
1.450000e-06	2.892546e-06	3.807078e-09	2.200995e+01	2.460690e+02
1.460000e-06	2.954423e-06	4.055943e-09	2.248079e+01	2.621812e+02
1.470000e-06	3.015782e-06	4.301909e-09	2.294768e+01	2.781027e+02
1.480000e-06	3.076629e-06	4.541701e-09	2.341068e+01	2.937635e+02
1.490000e-06	3.136857e-06	4.773291e-09	2.386896e+01	3.090981e+02
1.500000e-06	3.196343e-06	4.997585e-09	2.432160e+01	3.240486e+02
1.510000e-06	3.254809e-06	5.215604e-09	2.476649e+01	3.385667e+02
1.520000e-06	3.312238e-06	5.427614e-09	2.520347e+01	3.526153e+02
1.530000e-06	3.368937e-06	5.633049e-09	2.563490e+01	3.661684e+02
1.540000e-06	3.425022e-06	5.830523e-09	2.606166e+01	3.792107e+02
1.550000e-06	3.480452e-06	6.020209e-09	2.648344e+01	3.917363e+02
1.560000e-06	3.535135e-06	6.203665e-09	2.689954e+01	4.037466e+02
1.570000e-06	3.589023e-06	6.378253e-09	2.730958e+01	4.152480e+02
1.580000e-06	3.642132e-06	6.544421e-09	2.771370e+01	4.262504e+02
1.590000e-06	3.694332e-06	6.703437e-09	2.811090e+01	4.367655e+02
1.600000e-06	3.745389e-06	6.856253e-09	2.849940e+01	4.468053e+02
1.610000e-06	3.795249e-06	7.002137e-09	2.887879e+01	4.563822e+02
1.620000e-06	3.844124e-06	7.139996e-09	2.925070e+01	4.655083e+02
1.630000e-06	3.892222e-06	7.270726e-09	2.961668e+01	4.741964e+02
1.640000e-06	3.939576e-06	7.393755e-09	2.997701e+01	4.824600e+02
1.650000e-06	3.986089e-06	7.510986e-09	3.033093e+01	4.903141e+02
1.660000e-06	4.031738e-06	7.624281e-09	3.067829e+01	4.977754e+02
1.670000e-06	4.076684e-06	7.736264e-09	3.102029e+01	5.048629e+02
1.680000e-06	4.120863e-06	7.842397e-09	3.135646e+01	5.115971e+02
1.690000e-06	4.164076e-06	7.938642e-09	3.168528e+01	5.180002e+02
1.700000e-06	4.206196e-06	8.025850e-09	3.200577e+01	5.240949e+02
1.710000e-06	4.247229e-06	8.107142e-09	3.231800e+01	5.299040e+02
1.720000e-06	4.287373e-06	8.186749e-09	3.262347e+01	5.354490e+02
1.730000e-06	4.326656e-06	8.264247e-09	3.292238e+01	5.407497e+02
1.740000e-06	4.365050e-06	8.342110e-09	3.321452e+01	5.458233e+02
1.750000e-06	4.402603e-06	8.420608e-09	3.350027e+01	5.506841e+02
1.760000e-06	4.439313e-06	8.495740e-09	3.377961e+01	5.553432e+02
1.770000e-06	4.475091e-06	8.565654e-09	3.405185e+01	5.598085e+02
1.780000e-06	4.509715e-06	8.630328e-09	3.431531e+01	5.640856e+02
1.790000e-06	4.543130e-06	8.690367e-09	3.456957e+01	5.681779e+02
1.800000e-06	4.575525e-06	8.746455e-09	3.481607e+01	5.720877e+02
1.810000e-06	4.607014e-06	8.797727e-09	3.505568e+01	5.758172e+02
1.820000e-06	4.637531e-06	8.845934e-09	3.528788e+01	5.793687e+02
1.830000e-06	4.667060e-06	8.893323e-09	3.551257e+01	5.827453e+02
1.840000e-06	4.695719e-06	8.942421e-09	3.573065e+01	5.859515e+02
1.850000e-06	4.723345e-06	8.992836e-09	3.594086e+01	5.889927e+02
1.860000e-06	4.749683e-06	9.041554e-09	3.614127e+01	5.918751e+02
1.870000e-06	4.774852e-06	9.086569e-09	3.633279e+01	5.946054e+02
1.880000e-06	4.798982e-06	9.125041e-09	3.651640e+01	5.971899e+02
1.890000e-06	4.822049e-06	9.158498e-09	3.669192e+01	5.996345e+02
1.900000e-06	4.844081e-06	9.188829e-09	3.685957e+01	6.019442e+02
1.910000e-06	4.865209e-06	9.217455e-09	3.702033e+01	6.041231e+02
1.920000e-06	4.885441e-06	9.245591e-09	3.717429e+01	6.061749e+02
1.930000e-06	4.904594e-06	9.275661e-09	3.732002e+01	6.081028e+02
1.940000e-06	4.922675e-06	9.309025e-09	3.745761e+01	6.099105e+02
1.950000e-06	4.939626e-06	9.340300e-09	3.758659e+01	6.116022e+02
1.960000e-06	4.955347e-06	9.365991e-09	3.770621e+01	6.131829e+02
1.970000e-06	4.969966e-06	9.386098e-09	3.781745e+01	6.146583e+02
1.980000e-06	4.983486e-06	9.403132e-09	3.792032e+01	6.160342e+02
1.990000e-06	4.995799e-06	9.420930e-09	3.801402e+01	6.173163e+02
2.000000e-06	5.006714e-06	9.439374e-09	3.809707e+01	6.185088e+02
2.010000e-06	5.016262e-06	9.456425e-09	3.816972e+01	6.196146e+02
2.020000e-06	5.024708e-06	9.473366e-09	3.823399e+01	6.206348e+02
2.030000e-06	5.032118e-06	9.490924e-09	3.829037e+01	6.215685e+02
2.040000e-06	5.038450e-06	9.507525e-09	3.833856e+01	6.224138e+02
2.050000e-06	5.043806e-06	9.519182e-09	3.837931e+01	6.231685e+02
2.060000e-06	5.048296e-06	9.525555e-09	3.841348e+01	6.238310e+02
2.070000e-06	5.051653e-06	9.532674e-09	3.843902e+01	6.244015e+02
2.080000e-06	5.053620e-06	9.544877e-09	3.845399e+01	6.248823e+02
2.090000e-06	5.054410e-06	9.556441e-09	3.846000e+01	6.252780e+02
2.100000e-06	5.054227e-06	9.560667e-09	3.845861e+01	6.255950e+02
2.110000e-06	5.053049e-06	9.562536e-09	3.844964e+01	6.258403e+02
2.120000e-06	5.050887e-06	9.567561e-09	3.843319e+01	6.260201e+02
2.130000e-06	5.047801e-06	9.573102e-09	3.840971e+01	6.261383e+02
2.140000e-06	5.043694e-06	9.572822e-09	3.837846e+01	6.261957e+02
2.150000e-06	5.038264e-06	9.572500e-09	3.833714e+01	6.261890e+02
2.160000e-06	5.031612e-06	9.586907e-09	3.828653e+01	6.261114e+02
2.170000e-06	5.024101e-06	9.572686e-09	3.822938e+01	6.259534e+02
2.180000e-06	5.015668e-06	9.519640e-09	3.816520e+01	6.257049e+02
2.190000e-06	5.005821e-06	9.486861e-09	3.809028e+01	6.253567e+02
2.200000e-06	4.994053e-06	9.567501e-09	3.800074e+01	6.249027e+02
2.210000e-06	4.980408e-06	9.650174e-09	3.789690e+01	6.243415e+02
2.220000e-06	4.965803e-06	9.546161e-09	3.778577e+01	6.236766e+02
2.230000e-06	4.950854e-06	9.478366e-09	3.767202e+01	6.229169e+02
2.240000e-06	4.935010e-06	9.542515e-09	3.755146e+01	6.220745e+02
2.250000e-06	4.917878e-06	9.472788e-09	3.742110e+01	6.211636e+02
2.260000e-06	4.899934e-06	9.370960e-09	3.728456e+01	6.201976e+02
2.270000e-06	4.881209e-06	9.438071e-09	3.714208e+01	6.191874e+02
2.280000e-06	4.861148e-06	9.429465e-09	3.698943e+01	6.181393e+02
2.290000e-06	4.839651e-06	9.329816e-09	3.682586e+01	6.170547e+02
2.300000e-06	4.817027e-06	9.368046e-09	3.665370e+01	6.159297e+02
2.310000e-06	4.793406e-06	9.386821e-09	3.647397e+01	6.147567e+02
2.320000e-06	4.768834e-06	9.312962e-09	3.628700e+01	6.135262e+02
2.330000e-06	4.743344e-06	9.302229e-09	3.609304e+01	6.122282e+02
2.340000e-06	4.716822e-06	9.270655e-09	3.589123e+01	6.108547e+02
2.350000e-06	4.689405e-06	9.247863e-09	3.568260e+01	6.094010e+02
2.360000e-06	4.660880e-06	9.295786e-09	3.546555e+01	6.078663e+02
2.370000e-06	4.630856e-06	9.235720e-09	3.523709e+01	6.062533e+02
2.380000e-06	4.599705e-06	9.167140e-09	3.500006e+01	6.045676e+02
2.390000e-06	4.567709e-06	9.197906e-09	3.475660e+01	6.028165e+02
2.400000e-06	4.534785e-06	9.156400e-09	3.450607e+01	6.010070e+02
2.410000e-06	4.501035e-06	9.085492e-09	3.424926e+01	5.991451e+02
2.420000e-06	4.466420e-06	9.087791e-09	3.398587e+01	5.972345e+02
2.430000e-06	4.430922e-06	9.052404e-09	3.371576e+01	5.952768e+02
2.440000e-06	4.394417e-06	8.996722e-09	3.343799e+01	5.932713e+02
2.450000e-06	4.356607e-06	9.010373e-09	3.315028e+01	5.912159e+02
2.460000e-06	4.317647e-06	8.978022e-09	3.285383e+01	5.891081e+02
2.470000e-06	4.277795e-06	8.883675e-09	3.255058e+01	5.869455e+02
2.480000e-06	4.237033e-06	8.869990e-09	3.224042e+01	5.847267e+02
2.490000e-06	4.195382e-06	8.870938e-09	3.192349e+01	5.824510e+02
2.500000e-06	4.152916e-06	8.812506e-09	3.160036e+01	5.801187e+02
2.510000e-06	4.109689e-06	8.769098e-09	3.127143e+01	5.777302e+02
2.520000e-06	4.065682e-06	8.728106e-09	3.093657e+01	5.752855e+02
2.530000e-06	4.020726e-06	8.694838e-09	3.059450e+01	5.727840e+02
2.540000e-06	3.974786e-06	8.667026e-09	3.024493e+01	5.702236e+02
2.550000e-06	3.928003e-06	8.609746e-09	2.988895e+01	5.676017e+02
2.560000e-06	3.880319e-06	8.564985e-09	2.952611e+01	5.649145e+02
2.570000e-06	3.831602e-06	8.528985e-09	2.915542e+01	5.621587e+02
2.580000e-06	3.781942e-06	8.492949e-09	2.877754e+01	5.593314e+02
2.590000e-06	3.731477e-06	8.457026e-09	2.839354e+01	5.564309e+02
2.600000e-06	3.680125e-06	8.399612e-09	2.800280e+01	5.534573e+02
2.610000e-06	3.627648e-06	8.336750e-09	2.760349e+01	5.504119e+02
2.620000e-06	3.573990e-06	8.289018e-09	2.719519e+01	5.472974e+02
2.630000e-06	3.519400e-06	8.254076e-09	2.677981e+01	5.441170e+02
2.640000e-06	3.464119e-06	8.199424e-09	2.635916e+01	5.408736e+02
2.650000e-06	3.408174e-06	8.139851e-09	2.593347e+01	5.375695e+02
2.660000e-06	3.351535e-06	8.101709e-09	2.550249e+01	5.342056e+02
2.670000e-06	3.294223e-06	8.058541e-09	2.506639e+01	5.307813e+02
2.680000e-06	3.236242e-06	8.006685e-09	2.462520e+01	5.272949e+02
2.690000e-06	3.177598e-06	7.939734e-09	2.417897e+01	5.237433e+02
2.700000e-06	3.118363e-06	7.871140e-09	2.372824e+01	5.201233e+02
2.710000e-06	3.058517e-06	7.819319e-09	2.327286e+01	5.164313e+02
2.720000e-06	2.997824e-06	7.768660e-09	2.281103e+01	5.126643e+02
2.730000e-06	2.936159e-06	7.714566e-09	2.234181e+01	5.088196e+02
2.740000e-06	2.873670e-06	7.653910e-09	2.186632e+01	5.048951e+02
2.750000e-06	2.810663e-06	7.595668e-09	2.138689e+01	5.008890e+02
2.760000e-06	2.747215e-06	7.538469e-09	2.090410e+01	4.967997e+02
2.770000e-06	2.683164e-06	7.473590e-09	2.041673e+01	4.926255e+02
2.780000e-06	2.618512e-06	7.402145e-09	1.992477e+01	4.883649e+02
2.790000e-06	2.553312e-06	7.327003e-09	1.942865e+01	4.840162e+02
2.800000e-06	2.487546e-06	7.264937e-09	1.892823e+01	4.795777e+02
2.810000e-06	2.421170e-06	7.206418e-09	1.842316e+01	4.750481e+02
2.820000e-06	2.354350e-06	7.138332e-09	1.791471e+01	4.704268e+02
2.830000e-06	2.287199e-06	7.063429e-09	1.740375e+01	4.657134e+02
2.840000e-06	2.219593e-06	6.988820e-09	1.688932e+01	4.609085e+02
2.850000e-06	2.151369e-06	6.919931e-09	1.637019e+01	4.560127e+02
2.860000e-06	2.082429e-06	6.847115e-09	1.584561e+01	4.510270e+02
2.870000e-06	2.012878e-06	6.767263e-09	1.531639e+01	4.459521e+02
2.880000e-06	1.942755e-06	6.684310e-09	1.478280e+01	4.407884e+02
2.890000e-06	1.872075e-06	6.605506e-09	1.424499e+01	4.355358e+02
2.900000e-06	1.801029e-06	6.528555e-09	1.370438e+01	4.301938e+02
2.910000e-06	1.729711e-06	6.445108e-09	1.316171e+01	4.247617e+02
2.920000e-06	1.658134e-06	6.356676e-09	1.261707e+01	4.192385e+02
2.930000e-06	1.586264e-06	6.269973e-09	1.207019e+01	4.136237e+02
2.940000e-06	1.514040e-06	6.189034e-09	1.152063e+01	4.079166e+02
2.950000e-06	1.441527e-06	6.106218e-09	1.096886e+01	4.021168e+02
2.960000e-06	1.368738e-06	6.017387e-09	1.041500e+01	3.962235e+02
2.970000e-06	1.295631e-06	5.924499e-09	9.858715e+00	3.902350e+02
2.980000e-06	1.222229e-06	5.831828e-09	9.300183e+00	3.841485e+02
2.990000e-06	1.148627e-06	5.738172e-09	8.740128e+00	3.779595e+02
3.000000e-06	1.074860e-06	5.640947e-09	8.178824e+00	3.716619e+02
3.010000e-06	1.000823e-06	5.542413e-09	7.615456e+00	3.652478e+02
3.020000e-06	9.265347e-07	5.445127e-09	7.050185e+00	3.587087e+02
3.030000e-06	8.521145e-07	5.347577e-09	6.483907e+00	3.520358e+02
3.040000e-06	7.775034e-07	5.245517e-09	5.916177e+00	3.452212e+02
3.050000e-06	7.026433e-07	5.141022e-09	5.346551e+00	3.382589e+02
3.060000e-06	6.276792e-07	5.033932e-09	4.776134e+00	3.311453e+02
3.070000e-06	5.526014e-07	4.923973e-09	4.204853e+00	3.238794e+02
3.080000e-06	4.773739e-07	4.810342e-09	3.632432e+00	3.164627e+02
3.090000e-06	4.020622e-07	4.692189e-09	3.059370e+00	3.088983e+02
3.100000e-06	3.266506e-07	4.572265e-09	2.485549e+00	3.011896e+02
3.110000e-06	2.511407e-07	4.455137e-09	1.910979e+00	2.933393e+02
3.120000e-06	1.755508e-07	4.337962e-09	1.335801e+00	2.853479e+02
3.130000e-06	9.988522e-08	4.215437e-09	7.600463e-01	2.772129e+02
3.140000e-06	2.420663e-08	4.087934e-09	1.841930e-01	2.689285e+02
3.150000e-06	-5.146278e-08	3.959285e-09	-3.915904e-01	2.604857e+02
3.160000e-06	-1.270837e-07	3.829255e-09	-9.670052e-01	2.518728e+02
3.170000e-06	-2.026572e-07	3.694919e-09	-1.542058e+00	2.430770e+02
3.180000e-06	-2.782182e-07	3.556748e-09	-2.117017e+00	2.340854e+02
3.190000e-06	-3.536643e-07	3.416155e-09	-2.691101e+00	2.248867e+02
3.200000e-06	-4.290534e-07	3.275417e-09	-3.264752e+00	2.154719e+02
3.210000e-06	-5.043636e-07	3.132590e-09	-3.837802e+00	2.058355e+02
3.220000e-06	-5.795371e-07	2.983598e-09	-4.409812e+00	1.959755e+02
3.230000e-06	-6.545525e-07	2.829951e-09	-4.980619e+00	1.858929e+02
3.240000e-06	-7.294100e-07	2.672516e-09	-5.550224e+00	1.755917e+02
3.250000e-06	-8.041367e-07	2.510639e-09	-6.118834e+00	1.650773e+02
3.260000e-06	-8.786447e-07	2.345893e-09	-6.685780e+00	1.543561e+02
3.270000e-06	-9.529131e-07	2.180301e-09	-7.250903e+00	1.434340e+02
3.280000e-06	-1.026996e-06	2.013638e-09	-7.814616e+00	1.323161e+02
3.290000e-06	-1.100855e-06	1.843620e-09	-8.376622e+00	1.210058e+02
3.300000e-06	-1.174446e-06	1.670117e-09	-8.936591e+00	1.095048e+02
3.310000e-06	-1.247740e-06	1.493572e-09	-9.494300e+00	9.781270e+01
3.320000e-06	-1.320692e-06	1.313309e-09	-1.004941e+01	8.592739e+01
3.330000e-06	-1.393398e-06	1.127798e-09	-1.060264e+01	7.384522e+01
3.340000e-06	-1.465909e-06	9.386914e-10	-1.115439e+01	6.156137e+01
3.350000e-06	-1.538105e-06	7.489672e-10	-1.170374e+01	4.907019e+01
3.360000e-06	-1.609894e-06	5.588845e-10	-1.225000e+01	3.636560e+01
3.370000e-06	-1.681353e-06	3.659392e-10	-1.279375e+01	2.344148e+01
3.380000e-06	-1.752553e-06	1.678744e-10	-1.333552e+01	1.029195e+01
3.390000e-06	-1.823461e-06	-3.560106e-11	-1.387508e+01	-3.088344e+00
3.400000e-06	-1.894023e-06	-2.434842e-10	-1.441200e+01	-1.670409e+01
3.410000e-06	-1.964181e-06	-4.557267e-10	-1.494584e+01	-3.055918e+01
3.420000e-06	-2.033819e-06	-6.717701e-10	-1.547573e+01	-4.465661e+01
3.430000e-06	-2.102792e-06	-8.897821e-10	-1.600056e+01	-5.899842e+01
3.440000e-06	-2.171084e-06	-1.107013e-09	-1.652021e+01	-7.358549e+01
3.450000e-06	-2.238803e-06	-1.326744e-09	-1.703549e+01	-8.841717e+01
3.460000e-06	-2.306084e-06	-1.554672e-09	-1.754744e+01	-1.034907e+02
3.470000e-06	-2.372975e-06	-1.789675e-09	-1.805643e+01	-1.188001e+02
3.480000e-06	-2.439429e-06	-2.026678e-09	-1.856210e+01	-1.343354e+02
3.490000e-06	-2.505444e-06	-2.262250e-09	-1.906442e+01	-1.500808e+02
3.500000e-06	-2.570919e-06	-2.500450e-09	-1.956263e+01	-1.660134e+02
3.510000e-06	-2.635851e-06	-2.743712e-09	-2.005671e+01	-1.821021e+02
3.520000e-06	-2.700250e-06	-2.989889e-09	-2.054674e+01	-1.983066e+02
3.530000e-06	-2.764081e-06	-3.234912e-09	-2.103244e+01	-2.145775e+02
3.540000e-06	-2.827393e-06	-3.481613e-09	-2.151419e+01	-2.308567e+02
3.550000e-06	-2.890126e-06	-3.732199e-09	-2.199154e+01	-2.470792e+02
3.560000e-06	-2.952158e-06	-3.981957e-09	-2.246355e+01	-2.631753e+02
3.570000e-06	-3.013367e-06	-4.225783e-09	-2.292930e+01	-2.790735e+02
3.580000e-06	-3.073737e-06	-4.462354e-09	-2.338867e+01	-2.947042e+02
3.590000e-06	-3.133365e-06	-4.692639e-09	-2.384239e+01	-3.100026e+02
3.600000e-06	-3.192370e-06	-4.917664e-09	-2.429137e+01	-3.249115e+02
3.610000e-06	-3.250734e-06	-5.136315e-09	-2.473547e+01	-3.393839e+02
3.620000e-06	-3.308373e-06	-5.349347e-09	-2.517406e+01	-3.533835e+02
3.630000e-06	-3.365263e-06	-5.559257e-09	-2.560695e+01	-3.668858e+02
3.640000e-06	-3.421429e-06	-5.764774e-09	-2.603433e+01	-3.798763e+02
3.650000e-06	-3.476906e-06	-5.964107e-09	-2.645646e+01	-3.923499e+02
3.660000e-06	-3.531657e-06	-6.151208e-09	-2.687307e+01	-4.043086e+02
3.670000e-06	-3.585568e-06	-6.324641e-09	-2.728329e+01	-4.157593e+02
3.680000e-06	-3.638406e-06	-6.489228e-09	-2.768535e+01	-4.267122e+02
3.690000e-06	-3.690182e-06	-6.647816e-09	-2.807932e+01	-4.371789e+02
3.700000e-06	-3.741094e-06	-6.798821e-09	-2.846672e+01	-4.471716e+02
3.710000e-06	-3.791183e-06	-6.941636e-09	-2.884786e+01	-4.567025e+02
3.720000e-06	-3.840350e-06	-7.082230e-09	-2.922198e+01	-4.657840e+02
3.730000e-06	-3.888382e-06	-7.222870e-09	-2.958746e+01	-4.744287e+02
3.740000e-06	-3.935261e-06	-7.357179e-09	-2.994418e+01	-4.826503e+02
3.750000e-06	-3.981208e-06	-7.479896e-09	-3.029379e+01	-4.904640e+02
3.760000e-06	-4.026335e-06	-7.591554e-09	-3.063718e+01	-4.978868e+02
3.770000e-06	-4.070694e-06	-7.697524e-09	-3.097471e+01	-5.049376e+02
3.780000e-06	-4.114372e-06	-7.801290e-09	-3.130707e+01	-5.116375e+02
3.790000e-06	-4.157328e-06	-7.901613e-09	-3.163392e+01	-5.180084e+02
3.800000e-06	-4.199522e-06	-7.995481e-09	-3.195499e+01	-5.240732e+02
3.810000e-06	-4.240903e-06	-8.084878e-09	-3.226987e+01	-5.298546e+02
3.820000e-06	-4.281383e-06	-8.171545e-09	-3.257789e+01	-5.353740e+02
3.830000e-06	-4.321031e-06	-8.255123e-09	-3.287958e+01	-5.406510e+02
3.840000e-06	-4.359840e-06	-8.334399e-09	-3.317488e+01	-5.457025e+02
3.850000e-06	-4.397520e-06	-8.408255e-09	-3.346159e+01	-5.505424e+02
3.860000e-06	-4.433944e-06	-8.479570e-09	-3.373875e+01	-5.551814e+02
3.870000e-06	-4.469332e-06	-8.550549e-09	-3.400803e+01	-5.596274e+02
3.880000e-06	-4.503855e-06	-8.619008e-09	-3.427072e+01	-5.638856e+02
3.890000e-06	-4.537450e-06	-8.682096e-09	-3.452635e+01	-5.679592e+02
3.900000e-06	-4.570060e-06	-8.739331e-09	-3.477449e+01	-5.718507e+02
3.910000e-06	-4.601786e-06	-8.794846e-09	-3.501590e+01	-5.755619e+02
3.920000e-06	-4.632595e-06	-8.851844e-09	-3.525033e+01	-5.790954e+02
3.930000e-06	-4.662228e-06	-8.907629e-09	-3.547581e+01	-5.824545e+02
3.940000e-06	-4.690568e-06	-8.958015e-09	-3.569146e+01	-5.856436e+02
3.950000e-06	-4.717802e-06	-9.002381e-09	-3.589868e+01	-5.886683e+02
3.960000e-06	-4.744067e-06	-9.046130e-09	-3.609854e+01	-5.915350e+02
3.970000e-06	-4.769334e-06	-9.089398e-09	-3.629080e+01	-5.942501e+02
3.980000e-06	-4.793616e-06	-9.128516e-09	-3.647556e+01	-5.968201e+02
3.990000e-06	-4.816940e-06	-9.163378e-09	-3.665305e+01	-5.992507e+02
4.000000e-06	-4.839211e-06	-9.197407e-09	-3.682251e+01	-6.015468e+02
4.010000e-06	-4.860205e-06	-9.231295e-09	-3.698226e+01	-6.037126e+02
4.020000e-06	-4.879962e-06	-9.262699e-09	-3.713259e+01	-6.057515e+02
4.030000e-06	-4.898755e-06	-9.290267e-09	-3.727559e+01	-6.076669e+02
4.040000e-06	-4.916610e-06	-9.314236e-09	-3.741145e+01	-6.094625e+02
4.050000e-06	-4.933421e-06	-9.337973e-09	-3.753937e+01	-6.111425e+02
4.060000e-06	-4.949252e-06	-9.363231e-09	-3.765983e+01	-6.127122e+02
4.070000e-06	-4.964208e-06	-9.389061e-09	-3.777363e+01	-6.141770e+02
4.080000e-06	-4.977984e-06	-9.412277e-09	-3.787846e+01	-6.155431e+02
4.090000e-06	-4.990349e-06	-9.430528e-09	-3.797255e+01	-6.168157e+02
4.100000e-06	-5.001375e-06	-9.443893e-09	-3.805644e+01	-6.179991e+02
4.110000e-06	-5.011192e-06	-9.455433e-09	-3.813114e+01	-6.190961e+02
4.120000e-06	-5.019968e-06	-9.466467e-09	-3.819793e+01	-6.201074e+02
4.130000e-06	-5.027764e-06	-9.477811e-09	-3.825724e+01	-6.210321e+02
4.140000e-06	-5.034523e-06	-9.491028e-09	-3.830867e+01	-6.218681e+02
4.150000e-06	-5.039983e-06	-9.504332e-09	-3.835022e+01	-6.226133e+02
4.160000e-06	-5.044117e-06	-9.516881e-09	-3.838168e+01	-6.232662e+02
4.170000e-06	-5.047186e-06	-9.524683e-09	-3.840503e+01	-6.238273e+02
4.180000e-06	-5.049308e-06	-9.526499e-09	-3.842118e+01	-6.242990e+02
4.190000e-06	-5.050388e-06	-9.526856e-09	-3.842940e+01	-6.246863e+02
