# Temperatura_=_33.16
# Concentracion g/m^3_=_18600.0
# C_Vs_to_Am_M_A/Vsm_=_65563218390.804596
# pendiente_HvsI_1/m_=_3716.3
# ordenada_HvsI_A/m_=_1297.0
# frecuencia_Hz_=_238187.45830491802

Tiempo_(s)	Campo_(V.s)	Magnetizacion_(V.s)	Campo_(kA/m)	Magnetizacion_(A/m)
0.000000e+00	-5.039015e-06	-9.571599e-09	-3.843042e+01	-6.283945e+02
1.000000e-08	-5.038181e-06	-9.576640e-09	-3.842405e+01	-6.286517e+02
2.000000e-08	-5.036351e-06	-9.582218e-09	-3.841010e+01	-6.288452e+02
3.000000e-08	-5.033210e-06	-9.585775e-09	-3.838615e+01	-6.289751e+02
4.000000e-08	-5.028829e-06	-9.587938e-09	-3.835273e+01	-6.290380e+02
5.000000e-08	-5.023556e-06	-9.584263e-09	-3.831252e+01	-6.290272e+02
6.000000e-08	-5.017319e-06	-9.566242e-09	-3.826495e+01	-6.289336e+02
7.000000e-08	-5.009911e-06	-9.553614e-09	-3.820845e+01	-6.287477e+02
8.000000e-08	-5.001466e-06	-9.583824e-09	-3.814404e+01	-6.284617e+02
9.000000e-08	-4.991791e-06	-9.654031e-09	-3.807026e+01	-6.280722e+02
1.000000e-07	-4.980371e-06	-9.630395e-09	-3.798317e+01	-6.275815e+02
1.100000e-07	-4.967429e-06	-9.487149e-09	-3.788446e+01	-6.269990e+02
1.200000e-07	-4.953568e-06	-9.413521e-09	-3.777875e+01	-6.263399e+02
1.300000e-07	-4.938775e-06	-9.589700e-09	-3.766593e+01	-6.256238e+02
1.400000e-07	-4.922486e-06	-9.623540e-09	-3.754170e+01	-6.248714e+02
1.500000e-07	-4.904817e-06	-9.392994e-09	-3.740695e+01	-6.241013e+02
1.600000e-07	-4.886389e-06	-9.492141e-09	-3.726640e+01	-6.233262e+02
1.700000e-07	-4.867029e-06	-9.638648e-09	-3.711876e+01	-6.225507e+02
1.800000e-07	-4.846632e-06	-9.481091e-09	-3.696319e+01	-6.217703e+02
1.900000e-07	-4.825599e-06	-9.459745e-09	-3.680278e+01	-6.209712e+02
2.000000e-07	-4.803620e-06	-9.554095e-09	-3.663516e+01	-6.201334e+02
2.100000e-07	-4.780286e-06	-9.428186e-09	-3.645720e+01	-6.192335e+02
2.200000e-07	-4.755919e-06	-9.368437e-09	-3.627136e+01	-6.182488e+02
2.300000e-07	-4.730658e-06	-9.494548e-09	-3.607871e+01	-6.171606e+02
2.400000e-07	-4.704139e-06	-9.460770e-09	-3.587646e+01	-6.159576e+02
2.500000e-07	-4.676349e-06	-9.370530e-09	-3.566452e+01	-6.146368e+02
2.600000e-07	-4.647587e-06	-9.373198e-09	-3.544516e+01	-6.132033e+02
2.700000e-07	-4.617883e-06	-9.327181e-09	-3.521862e+01	-6.116686e+02
2.800000e-07	-4.587313e-06	-9.311983e-09	-3.498548e+01	-6.100475e+02
2.900000e-07	-4.555858e-06	-9.306058e-09	-3.474558e+01	-6.083554e+02
3.000000e-07	-4.523444e-06	-9.237915e-09	-3.449837e+01	-6.066054e+02
3.100000e-07	-4.490150e-06	-9.253330e-09	-3.424446e+01	-6.048058e+02
3.200000e-07	-4.455715e-06	-9.239420e-09	-3.398183e+01	-6.029600e+02
3.300000e-07	-4.420045e-06	-9.187194e-09	-3.370980e+01	-6.010667e+02
3.400000e-07	-4.383401e-06	-9.187908e-09	-3.343033e+01	-5.991211e+02
3.500000e-07	-4.345821e-06	-9.124605e-09	-3.314372e+01	-5.971177e+02
3.600000e-07	-4.307281e-06	-9.050551e-09	-3.284979e+01	-5.950512e+02
3.700000e-07	-4.267836e-06	-9.070787e-09	-3.254897e+01	-5.929189e+02
3.800000e-07	-4.227549e-06	-9.060247e-09	-3.224171e+01	-5.907208e+02
3.900000e-07	-4.186434e-06	-8.979612e-09	-3.192815e+01	-5.884591e+02
4.000000e-07	-4.144325e-06	-8.950225e-09	-3.160700e+01	-5.861377e+02
4.100000e-07	-4.100973e-06	-8.940289e-09	-3.127637e+01	-5.837602e+02
4.200000e-07	-4.056588e-06	-8.910473e-09	-3.093786e+01	-5.813287e+02
4.300000e-07	-4.011432e-06	-8.868627e-09	-3.059348e+01	-5.788429e+02
4.400000e-07	-3.965407e-06	-8.810146e-09	-3.024247e+01	-5.762995e+02
4.500000e-07	-3.918433e-06	-8.746525e-09	-2.988422e+01	-5.736930e+02
4.600000e-07	-3.870568e-06	-8.727039e-09	-2.951917e+01	-5.710172e+02
4.700000e-07	-3.821972e-06	-8.708526e-09	-2.914855e+01	-5.682660e+02
4.800000e-07	-3.772494e-06	-8.643724e-09	-2.877120e+01	-5.654356e+02
4.900000e-07	-3.721787e-06	-8.591215e-09	-2.838448e+01	-5.625250e+02
5.000000e-07	-3.669868e-06	-8.555107e-09	-2.798851e+01	-5.595364e+02
5.100000e-07	-3.617035e-06	-8.525422e-09	-2.758559e+01	-5.564748e+02
5.200000e-07	-3.563421e-06	-8.473906e-09	-2.717669e+01	-5.533465e+02
5.300000e-07	-3.508965e-06	-8.401214e-09	-2.676138e+01	-5.501578e+02
5.400000e-07	-3.453700e-06	-8.340904e-09	-2.633990e+01	-5.469134e+02
5.500000e-07	-3.397719e-06	-8.308261e-09	-2.591295e+01	-5.436153e+02
5.600000e-07	-3.341150e-06	-8.271995e-09	-2.548152e+01	-5.402622e+02
5.700000e-07	-3.283991e-06	-8.209554e-09	-2.504559e+01	-5.368501e+02
5.800000e-07	-3.225948e-06	-8.141660e-09	-2.460293e+01	-5.333727e+02
5.900000e-07	-3.166863e-06	-8.089406e-09	-2.415231e+01	-5.298233e+02
6.000000e-07	-3.106972e-06	-8.052309e-09	-2.369555e+01	-5.261954e+02
6.100000e-07	-3.046510e-06	-8.000141e-09	-2.323443e+01	-5.224844e+02
6.200000e-07	-2.985495e-06	-7.927651e-09	-2.276909e+01	-5.186878e+02
6.300000e-07	-2.923876e-06	-7.855174e-09	-2.229915e+01	-5.148052e+02
6.400000e-07	-2.861659e-06	-7.804492e-09	-2.182465e+01	-5.108375e+02
6.500000e-07	-2.798828e-06	-7.754243e-09	-2.134547e+01	-5.067865e+02
6.600000e-07	-2.735390e-06	-7.685783e-09	-2.086165e+01	-5.026533e+02
6.700000e-07	-2.671415e-06	-7.612224e-09	-2.037375e+01	-4.984381e+02
6.800000e-07	-2.606959e-06	-7.550801e-09	-1.988216e+01	-4.941398e+02
6.900000e-07	-2.542021e-06	-7.501370e-09	-1.938691e+01	-4.897563e+02
7.000000e-07	-2.476472e-06	-7.437782e-09	-1.888699e+01	-4.852848e+02
7.100000e-07	-2.410216e-06	-7.354664e-09	-1.838169e+01	-4.807230e+02
7.200000e-07	-2.343222e-06	-7.268411e-09	-1.787075e+01	-4.760697e+02
7.300000e-07	-2.275593e-06	-7.198016e-09	-1.735498e+01	-4.713248e+02
7.400000e-07	-2.207442e-06	-7.134335e-09	-1.683522e+01	-4.664900e+02
7.500000e-07	-2.138862e-06	-7.058936e-09	-1.631219e+01	-4.615675e+02
7.600000e-07	-2.069954e-06	-6.976669e-09	-1.578666e+01	-4.565598e+02
7.700000e-07	-2.000641e-06	-6.902384e-09	-1.525804e+01	-4.514684e+02
7.800000e-07	-1.930927e-06	-6.836665e-09	-1.472636e+01	-4.462929e+02
7.900000e-07	-1.860787e-06	-6.759493e-09	-1.419143e+01	-4.410312e+02
8.000000e-07	-1.790203e-06	-6.665523e-09	-1.365311e+01	-4.356791e+02
8.100000e-07	-1.719257e-06	-6.569691e-09	-1.311204e+01	-4.302314e+02
8.200000e-07	-1.647907e-06	-6.488556e-09	-1.256788e+01	-4.246826e+02
8.300000e-07	-1.576128e-06	-6.412707e-09	-1.202046e+01	-4.190280e+02
8.400000e-07	-1.504022e-06	-6.327198e-09	-1.147053e+01	-4.132649e+02
8.500000e-07	-1.431660e-06	-6.232709e-09	-1.091866e+01	-4.073926e+02
8.600000e-07	-1.359114e-06	-6.139721e-09	-1.036538e+01	-4.014122e+02
8.700000e-07	-1.286385e-06	-6.052300e-09	-9.810709e+00	-3.953262e+02
8.800000e-07	-1.213389e-06	-5.958553e-09	-9.254000e+00	-3.891366e+02
8.900000e-07	-1.140163e-06	-5.855157e-09	-8.695534e+00	-3.828443e+02
9.000000e-07	-1.066717e-06	-5.749017e-09	-8.135399e+00	-3.764473e+02
9.100000e-07	-9.929301e-07	-5.650269e-09	-7.572654e+00	-3.699407e+02
9.200000e-07	-9.188389e-07	-5.555707e-09	-7.007592e+00	-3.633164e+02
9.300000e-07	-8.445196e-07	-5.452474e-09	-6.440790e+00	-3.565642e+02
9.400000e-07	-7.698350e-07	-5.339771e-09	-5.871203e+00	-3.496729e+02
9.500000e-07	-6.948328e-07	-5.230311e-09	-5.299193e+00	-3.426321e+02
9.600000e-07	-6.195969e-07	-5.127142e-09	-4.725401e+00	-3.354336e+02
9.700000e-07	-5.441868e-07	-5.019133e-09	-4.150280e+00	-3.280722e+02
9.800000e-07	-4.686881e-07	-4.899164e-09	-3.574484e+00	-3.205463e+02
9.900000e-07	-3.930130e-07	-4.772811e-09	-2.997342e+00	-3.128571e+02
1.000000e-06	-3.171667e-07	-4.650939e-09	-2.418895e+00	-3.050079e+02
1.010000e-06	-2.412751e-07	-4.532310e-09	-1.840102e+00	-2.970022e+02
1.020000e-06	-1.653321e-07	-4.409677e-09	-1.260918e+00	-2.888422e+02
1.030000e-06	-8.930740e-08	-4.279657e-09	-6.811094e-01	-2.805273e+02
1.040000e-06	-1.324030e-08	-4.147404e-09	-1.009781e-01	-2.720537e+02
1.050000e-06	6.283610e-08	-4.016182e-09	4.792241e-01	-2.634141e+02
1.060000e-06	1.389076e-07	-3.881776e-09	1.059389e+00	-2.545982e+02
1.070000e-06	2.149342e-07	-3.739334e-09	1.639211e+00	-2.455941e+02
1.080000e-06	2.908978e-07	-3.590817e-09	2.218553e+00	-2.363898e+02
1.090000e-06	3.668552e-07	-3.444980e-09	2.797848e+00	-2.269744e+02
1.100000e-06	4.427205e-07	-3.301427e-09	3.376441e+00	-2.173394e+02
1.110000e-06	5.183799e-07	-3.154055e-09	3.953462e+00	-2.074797e+02
1.120000e-06	5.938707e-07	-2.997654e-09	4.529199e+00	-1.973932e+02
1.130000e-06	6.691551e-07	-2.837561e-09	5.103361e+00	-1.870808e+02
1.140000e-06	7.441320e-07	-2.675895e-09	5.675177e+00	-1.765456e+02
1.150000e-06	8.188233e-07	-2.509655e-09	6.244816e+00	-1.657922e+02
1.160000e-06	8.932039e-07	-2.338560e-09	6.812085e+00	-1.548255e+02
1.170000e-06	9.672555e-07	-2.165542e-09	7.376845e+00	-1.436502e+02
1.180000e-06	1.040982e-06	-1.995649e-09	7.939124e+00	-1.322702e+02
1.190000e-06	1.114420e-06	-1.823907e-09	8.499203e+00	-1.206882e+02
1.200000e-06	1.187587e-06	-1.645277e-09	9.057217e+00	-1.089056e+02
1.210000e-06	1.260474e-06	-1.458371e-09	9.613099e+00	-9.692217e+01
1.220000e-06	1.333153e-06	-1.267434e-09	1.016739e+01	-8.473643e+01
1.230000e-06	1.405597e-06	-1.076480e-09	1.071989e+01	-7.234525e+01
1.240000e-06	1.477772e-06	-8.856488e-10	1.127034e+01	-5.974403e+01
1.250000e-06	1.549672e-06	-6.902357e-10	1.181869e+01	-4.692685e+01
1.260000e-06	1.621246e-06	-4.908838e-10	1.236455e+01	-3.388664e+01
1.270000e-06	1.692433e-06	-2.877306e-10	1.290747e+01	-2.061561e+01
1.280000e-06	1.763275e-06	-8.144316e-11	1.344775e+01	-7.105796e+00
1.290000e-06	1.833771e-06	1.280099e-10	1.398539e+01	6.650403e+00
1.300000e-06	1.903865e-06	3.433164e-10	1.451997e+01	2.065960e+01
1.310000e-06	1.973512e-06	5.615696e-10	1.505114e+01	3.492695e+01
1.320000e-06	2.042664e-06	7.820314e-10	1.557852e+01	4.945579e+01
1.330000e-06	2.111445e-06	1.007643e-09	1.610309e+01	6.424741e+01
1.340000e-06	2.179938e-06	1.240312e-09	1.662546e+01	7.930092e+01
1.350000e-06	2.248095e-06	1.476404e-09	1.714526e+01	9.461296e+01
1.360000e-06	2.315760e-06	1.715383e-09	1.766131e+01	1.101773e+02
1.370000e-06	2.382723e-06	1.957529e-09	1.817201e+01	1.259839e+02
1.380000e-06	2.448894e-06	2.203519e-09	1.867667e+01	1.420180e+02
1.390000e-06	2.514302e-06	2.452589e-09	1.917551e+01	1.582585e+02
1.400000e-06	2.579156e-06	2.702484e-09	1.967012e+01	1.746765e+02
1.410000e-06	2.643620e-06	2.952197e-09	2.016176e+01	1.912338e+02
1.420000e-06	2.707595e-06	3.206463e-09	2.064967e+01	2.078823e+02
1.430000e-06	2.770986e-06	3.463590e-09	2.113313e+01	2.245640e+02
1.440000e-06	2.833829e-06	3.717366e-09	2.161240e+01	2.412120e+02
1.450000e-06	2.896193e-06	3.966522e-09	2.208803e+01	2.577530e+02
1.460000e-06	2.958008e-06	4.211997e-09	2.255947e+01	2.741101e+02
1.470000e-06	3.019152e-06	4.454956e-09	2.302578e+01	2.902069e+02
1.480000e-06	3.079745e-06	4.693075e-09	2.348790e+01	3.059715e+02
1.490000e-06	3.139827e-06	4.926740e-09	2.394612e+01	3.213400e+02
1.500000e-06	3.199025e-06	5.154940e-09	2.439760e+01	3.362591e+02
1.510000e-06	3.257065e-06	5.376467e-09	2.484025e+01	3.506882e+02
1.520000e-06	3.314138e-06	5.588622e-09	2.527551e+01	3.645994e+02
1.530000e-06	3.370582e-06	5.788905e-09	2.570599e+01	3.779767e+02
1.540000e-06	3.426443e-06	5.978400e-09	2.613202e+01	3.908139e+02
1.550000e-06	3.481620e-06	6.160386e-09	2.655283e+01	4.031127e+02
1.560000e-06	3.536099e-06	6.337482e-09	2.696832e+01	4.148797e+02
1.570000e-06	3.589777e-06	6.507810e-09	2.737769e+01	4.261246e+02
1.580000e-06	3.642635e-06	6.669514e-09	2.778082e+01	4.368586e+02
1.590000e-06	3.694526e-06	6.825074e-09	2.817657e+01	4.470933e+02
1.600000e-06	3.745148e-06	6.974471e-09	2.856264e+01	4.568409e+02
1.610000e-06	3.794635e-06	7.115756e-09	2.894006e+01	4.661145e+02
1.620000e-06	3.843295e-06	7.248845e-09	2.931117e+01	4.749283e+02
1.630000e-06	3.891217e-06	7.373603e-09	2.967665e+01	4.832988e+02
1.640000e-06	3.938340e-06	7.491467e-09	3.003604e+01	4.912443e+02
1.650000e-06	3.984658e-06	7.602836e-09	3.038929e+01	4.987856e+02
1.660000e-06	4.030128e-06	7.710626e-09	3.073607e+01	5.059452e+02
1.670000e-06	4.074874e-06	7.816997e-09	3.107733e+01	5.127466e+02
1.680000e-06	4.119014e-06	7.919829e-09	3.141396e+01	5.192136e+02
1.690000e-06	4.162077e-06	8.014965e-09	3.174239e+01	5.253698e+02
1.700000e-06	4.203812e-06	8.100931e-09	3.206068e+01	5.312376e+02
1.710000e-06	4.244584e-06	8.180814e-09	3.237163e+01	5.368380e+02
1.720000e-06	4.284552e-06	8.258336e-09	3.267645e+01	5.421903e+02
1.730000e-06	4.323637e-06	8.334009e-09	3.297453e+01	5.473117e+02
1.740000e-06	4.361812e-06	8.407507e-09	3.326568e+01	5.522178e+02
1.750000e-06	4.399092e-06	8.479323e-09	3.354999e+01	5.569216e+02
1.760000e-06	4.435612e-06	8.549401e-09	3.382852e+01	5.614340e+02
1.770000e-06	4.471120e-06	8.617599e-09	3.409932e+01	5.657631e+02
1.780000e-06	4.505224e-06	8.682557e-09	3.435942e+01	5.699146e+02
1.790000e-06	4.538181e-06	8.741983e-09	3.461077e+01	5.738914e+02
1.800000e-06	4.570251e-06	8.795915e-09	3.485536e+01	5.776947e+02
1.810000e-06	4.601414e-06	8.847970e-09	3.509302e+01	5.813238e+02
1.820000e-06	4.631731e-06	8.899124e-09	3.532424e+01	5.847778e+02
1.830000e-06	4.661119e-06	8.947697e-09	3.554836e+01	5.880562e+02
1.840000e-06	4.689618e-06	8.993956e-09	3.576572e+01	5.911599e+02
1.850000e-06	4.717036e-06	9.040552e-09	3.597482e+01	5.940918e+02
1.860000e-06	4.743042e-06	9.087313e-09	3.617316e+01	5.968569e+02
1.870000e-06	4.767823e-06	9.131270e-09	3.636215e+01	5.994627e+02
1.880000e-06	4.791572e-06	9.169406e-09	3.654328e+01	6.019177e+02
1.890000e-06	4.814310e-06	9.200147e-09	3.671669e+01	6.042315e+02
1.900000e-06	4.836100e-06	9.227090e-09	3.688287e+01	6.064133e+02
1.910000e-06	4.857065e-06	9.255862e-09	3.704276e+01	6.084713e+02
1.920000e-06	4.877164e-06	9.286706e-09	3.719605e+01	6.104124e+02
1.930000e-06	4.896182e-06	9.317579e-09	3.734109e+01	6.122421e+02
1.940000e-06	4.914029e-06	9.346959e-09	3.747720e+01	6.139645e+02
1.950000e-06	4.930757e-06	9.375415e-09	3.760478e+01	6.155827e+02
1.960000e-06	4.946356e-06	9.402968e-09	3.772374e+01	6.170998e+02
1.970000e-06	4.960779e-06	9.425950e-09	3.783374e+01	6.185188e+02
1.980000e-06	4.974032e-06	9.442892e-09	3.793482e+01	6.198427e+02
1.990000e-06	4.986101e-06	9.456756e-09	3.802687e+01	6.210748e+02
2.000000e-06	4.996747e-06	9.473090e-09	3.810806e+01	6.222178e+02
2.010000e-06	5.006051e-06	9.492311e-09	3.817901e+01	6.232741e+02
2.020000e-06	5.014304e-06	9.510082e-09	3.824195e+01	6.242449e+02
2.030000e-06	5.021515e-06	9.524722e-09	3.829695e+01	6.251306e+02
2.040000e-06	5.027773e-06	9.539129e-09	3.834468e+01	6.259309e+02
2.050000e-06	5.033090e-06	9.553228e-09	3.838523e+01	6.266454e+02
2.060000e-06	5.037464e-06	9.563685e-09	3.841859e+01	6.272745e+02
2.070000e-06	5.040625e-06	9.568858e-09	3.844269e+01	6.278198e+02
2.080000e-06	5.042319e-06	9.574562e-09	3.845562e+01	6.282844e+02
2.090000e-06	5.042894e-06	9.582753e-09	3.846000e+01	6.286728e+02
2.100000e-06	5.042513e-06	9.588864e-09	3.845709e+01	6.289903e+02
2.110000e-06	5.041097e-06	9.590684e-09	3.844630e+01	6.292414e+02
2.120000e-06	5.038692e-06	9.591502e-09	3.842796e+01	6.294288e+02
2.130000e-06	5.035415e-06	9.598477e-09	3.840296e+01	6.295525e+02
2.140000e-06	5.031140e-06	9.606102e-09	3.837036e+01	6.296087e+02
2.150000e-06	5.025493e-06	9.614662e-09	3.832729e+01	6.295904e+02
2.160000e-06	5.018641e-06	9.633269e-09	3.827503e+01	6.294883e+02
2.170000e-06	5.010933e-06	9.615751e-09	3.821625e+01	6.292929e+02
2.180000e-06	5.002290e-06	9.533785e-09	3.815033e+01	6.289970e+02
2.190000e-06	4.992236e-06	9.480635e-09	3.807365e+01	6.285974e+02
2.200000e-06	4.980161e-06	9.584363e-09	3.798157e+01	6.280974e+02
2.210000e-06	4.966235e-06	9.720724e-09	3.787536e+01	6.275067e+02
2.220000e-06	4.951517e-06	9.564318e-09	3.776311e+01	6.268412e+02
2.230000e-06	4.936529e-06	9.429651e-09	3.764880e+01	6.261209e+02
2.240000e-06	4.920520e-06	9.602244e-09	3.752671e+01	6.253663e+02
2.250000e-06	4.903203e-06	9.586384e-09	3.739464e+01	6.245955e+02
2.260000e-06	4.885272e-06	9.350404e-09	3.725788e+01	6.238206e+02
2.270000e-06	4.866463e-06	9.412341e-09	3.711443e+01	6.230453e+02
2.280000e-06	4.846084e-06	9.540257e-09	3.695901e+01	6.222640e+02
2.290000e-06	4.824539e-06	9.360998e-09	3.679470e+01	6.214624e+02
2.300000e-06	4.802027e-06	9.355870e-09	3.662301e+01	6.206198e+02
2.310000e-06	4.778297e-06	9.529327e-09	3.644203e+01	6.197127e+02
2.320000e-06	4.753626e-06	9.400572e-09	3.625388e+01	6.187186e+02
2.330000e-06	4.728014e-06	9.337365e-09	3.605854e+01	6.176196e+02
2.340000e-06	4.701329e-06	9.421952e-09	3.585503e+01	6.164052e+02
2.350000e-06	4.673815e-06	9.337346e-09	3.564519e+01	6.150731e+02
2.360000e-06	4.645119e-06	9.369225e-09	3.542634e+01	6.136292e+02
2.370000e-06	4.614918e-06	9.362922e-09	3.519601e+01	6.120853e+02
2.380000e-06	4.583714e-06	9.242872e-09	3.495803e+01	6.104568e+02
2.390000e-06	4.551624e-06	9.299203e-09	3.471329e+01	6.087587e+02
2.400000e-06	4.518603e-06	9.264068e-09	3.446146e+01	6.070037e+02
2.410000e-06	4.484824e-06	9.159445e-09	3.420384e+01	6.051998e+02
2.420000e-06	4.450086e-06	9.210716e-09	3.393891e+01	6.033496e+02
2.430000e-06	4.414441e-06	9.159850e-09	3.366706e+01	6.014516e+02
2.440000e-06	4.377833e-06	9.094690e-09	3.338786e+01	5.995009e+02
2.450000e-06	4.339930e-06	9.146574e-09	3.309879e+01	5.974916e+02
2.460000e-06	4.300898e-06	9.071171e-09	3.280112e+01	5.954190e+02
2.470000e-06	4.260938e-06	8.994012e-09	3.249635e+01	5.932804e+02
2.480000e-06	4.220131e-06	8.996611e-09	3.218514e+01	5.910760e+02
2.490000e-06	4.178561e-06	8.966531e-09	3.186810e+01	5.888084e+02
2.500000e-06	4.136141e-06	8.929357e-09	3.154458e+01	5.864816e+02
2.510000e-06	4.092884e-06	8.880125e-09	3.121468e+01	5.840989e+02
2.520000e-06	4.048749e-06	8.845693e-09	3.087808e+01	5.816624e+02
2.530000e-06	4.003628e-06	8.821847e-09	3.053396e+01	5.791713e+02
2.540000e-06	3.957656e-06	8.782617e-09	3.018336e+01	5.766222e+02
2.550000e-06	3.910883e-06	8.736295e-09	2.982663e+01	5.740094e+02
2.560000e-06	3.863220e-06	8.677610e-09	2.946313e+01	5.713265e+02
2.570000e-06	3.814572e-06	8.645140e-09	2.909212e+01	5.685678e+02
2.580000e-06	3.764946e-06	8.619761e-09	2.871364e+01	5.657297e+02
2.590000e-06	3.714484e-06	8.567892e-09	2.832879e+01	5.628115e+02
2.600000e-06	3.663160e-06	8.521170e-09	2.793736e+01	5.598156e+02
2.610000e-06	3.610784e-06	8.462015e-09	2.753791e+01	5.567474e+02
2.620000e-06	3.557215e-06	8.416418e-09	2.712936e+01	5.536130e+02
2.630000e-06	3.502620e-06	8.382442e-09	2.671299e+01	5.504189e+02
2.640000e-06	3.447325e-06	8.313593e-09	2.629128e+01	5.471694e+02
2.650000e-06	3.391407e-06	8.263748e-09	2.586481e+01	5.438662e+02
2.660000e-06	3.334787e-06	8.219874e-09	2.543300e+01	5.405078e+02
2.670000e-06	3.277474e-06	8.178675e-09	2.499590e+01	5.370897e+02
2.680000e-06	3.219467e-06	8.131620e-09	2.455350e+01	5.336058e+02
2.690000e-06	3.160797e-06	8.056922e-09	2.410605e+01	5.300490e+02
2.700000e-06	3.101565e-06	7.994831e-09	2.365431e+01	5.264133e+02
2.710000e-06	3.041707e-06	7.939068e-09	2.319780e+01	5.226942e+02
2.720000e-06	2.981038e-06	7.891722e-09	2.273510e+01	5.188892e+02
2.730000e-06	2.919510e-06	7.836365e-09	2.226585e+01	5.149983e+02
2.740000e-06	2.857157e-06	7.774658e-09	2.179032e+01	5.110226e+02
2.750000e-06	2.794133e-06	7.722640e-09	2.130966e+01	5.069636e+02
2.760000e-06	2.730616e-06	7.661527e-09	2.082524e+01	5.028225e+02
2.770000e-06	2.666552e-06	7.591785e-09	2.033665e+01	4.985993e+02
2.780000e-06	2.601910e-06	7.513066e-09	1.984366e+01	4.942930e+02
2.790000e-06	2.536719e-06	7.439373e-09	1.934648e+01	4.899010e+02
2.800000e-06	2.470982e-06	7.379020e-09	1.884512e+01	4.854209e+02
2.810000e-06	2.404726e-06	7.318142e-09	1.833982e+01	4.808503e+02
2.820000e-06	2.337978e-06	7.250774e-09	1.783076e+01	4.761881e+02
2.830000e-06	2.270822e-06	7.173525e-09	1.731859e+01	4.714345e+02
2.840000e-06	2.203252e-06	7.098393e-09	1.680326e+01	4.665911e+02
2.850000e-06	2.135155e-06	7.028678e-09	1.628391e+01	4.616603e+02
2.860000e-06	2.066364e-06	6.952413e-09	1.575928e+01	4.566445e+02
2.870000e-06	1.996925e-06	6.871039e-09	1.522969e+01	4.515450e+02
2.880000e-06	1.926917e-06	6.787826e-09	1.469577e+01	4.463613e+02
2.890000e-06	1.856321e-06	6.713674e-09	1.415737e+01	4.410911e+02
2.900000e-06	1.785323e-06	6.638264e-09	1.361590e+01	4.357300e+02
2.910000e-06	1.714049e-06	6.552069e-09	1.307232e+01	4.302727e+02
2.920000e-06	1.642535e-06	6.463143e-09	1.252691e+01	4.247138e+02
2.930000e-06	1.570778e-06	6.378334e-09	1.197965e+01	4.190488e+02
2.940000e-06	1.498737e-06	6.299887e-09	1.143022e+01	4.132750e+02
2.950000e-06	1.426310e-06	6.212809e-09	1.087786e+01	4.073921e+02
2.960000e-06	1.353568e-06	6.121183e-09	1.032309e+01	4.014014e+02
2.970000e-06	1.280602e-06	6.027979e-09	9.766602e+00	3.953052e+02
2.980000e-06	1.207372e-06	5.931109e-09	9.208114e+00	3.891057e+02
2.990000e-06	1.133884e-06	5.834129e-09	8.647653e+00	3.828033e+02
3.000000e-06	1.060156e-06	5.734887e-09	8.085361e+00	3.763959e+02
3.010000e-06	9.862444e-07	5.636783e-09	7.521665e+00	3.698782e+02
3.020000e-06	9.122031e-07	5.539736e-09	6.956984e+00	3.632419e+02
3.030000e-06	8.379396e-07	5.442940e-09	6.390608e+00	3.564766e+02
3.040000e-06	7.634140e-07	5.340376e-09	5.822233e+00	3.495712e+02
3.050000e-06	6.887086e-07	5.231475e-09	5.252487e+00	3.425153e+02
3.060000e-06	6.139307e-07	5.120355e-09	4.682187e+00	3.353009e+02
3.070000e-06	5.390189e-07	5.006914e-09	4.110867e+00	3.279234e+02
3.080000e-06	4.639057e-07	4.892332e-09	3.538011e+00	3.203813e+02
3.090000e-06	3.886524e-07	4.774048e-09	2.964086e+00	3.126763e+02
3.100000e-06	3.132962e-07	4.653488e-09	2.389376e+00	3.048116e+02
3.110000e-06	2.378725e-07	4.534013e-09	1.814152e+00	2.967907e+02
3.120000e-06	1.623911e-07	4.412907e-09	1.238487e+00	2.886155e+02
3.130000e-06	8.690163e-08	4.284623e-09	6.627616e-01	2.802854e+02
3.140000e-06	1.138840e-08	4.152395e-09	8.685449e-02	2.717959e+02
3.150000e-06	-6.415097e-08	4.020085e-09	-4.892520e-01	2.631394e+02
3.160000e-06	-1.396594e-07	3.888133e-09	-1.065123e+00	2.543056e+02
3.170000e-06	-2.151250e-07	3.753708e-09	-1.640666e+00	2.452823e+02
3.180000e-06	-2.905087e-07	3.614337e-09	-2.215586e+00	2.360576e+02
3.190000e-06	-3.658442e-07	3.470855e-09	-2.790137e+00	2.266208e+02
3.200000e-06	-4.410691e-07	3.326387e-09	-3.363846e+00	2.169639e+02
3.210000e-06	-5.161141e-07	3.180332e-09	-3.936182e+00	2.070819e+02
3.220000e-06	-5.910497e-07	3.027633e-09	-4.507684e+00	1.969730e+02
3.230000e-06	-6.658766e-07	2.868486e-09	-5.078357e+00	1.866384e+02
3.240000e-06	-7.405488e-07	2.705651e-09	-5.647849e+00	1.760815e+02
3.250000e-06	-8.149607e-07	2.540762e-09	-6.215357e+00	1.653068e+02
3.260000e-06	-8.891227e-07	2.372872e-09	-6.780959e+00	1.543194e+02
3.270000e-06	-9.631333e-07	2.205714e-09	-7.345406e+00	1.431238e+02
3.280000e-06	-1.036964e-06	2.037473e-09	-7.908480e+00	1.317238e+02
3.290000e-06	-1.110536e-06	1.863111e-09	-8.469584e+00	1.201220e+02
3.300000e-06	-1.183851e-06	1.681142e-09	-9.028724e+00	1.083196e+02
3.310000e-06	-1.256892e-06	1.495984e-09	-9.585781e+00	9.631634e+01
3.320000e-06	-1.329723e-06	1.309479e-09	-1.014123e+01	8.411052e+01
3.330000e-06	-1.402323e-06	1.118330e-09	-1.069492e+01	7.169887e+01
3.340000e-06	-1.474569e-06	9.248680e-10	-1.124590e+01	5.907665e+01
3.350000e-06	-1.546494e-06	7.319468e-10	-1.179445e+01	4.623780e+01
3.360000e-06	-1.618138e-06	5.395490e-10	-1.234084e+01	3.317516e+01
3.370000e-06	-1.689495e-06	3.436313e-10	-1.288506e+01	1.988092e+01
3.380000e-06	-1.760545e-06	1.402913e-10	-1.342692e+01	6.347094e+00
3.390000e-06	-1.831254e-06	-7.262629e-11	-1.396619e+01	-7.433827e+00
3.400000e-06	-1.901620e-06	-2.911812e-10	-1.450284e+01	-2.146833e+01
3.410000e-06	-1.971428e-06	-5.117208e-10	-1.503524e+01	-3.576141e+01
3.420000e-06	-2.040566e-06	-7.342081e-10	-1.556253e+01	-5.031620e+01
3.430000e-06	-2.109087e-06	-9.592996e-10	-1.608510e+01	-6.513380e+01
3.440000e-06	-2.177027e-06	-1.185566e-09	-1.660326e+01	-8.021305e+01
3.450000e-06	-2.244506e-06	-1.413228e-09	-1.711789e+01	-9.555035e+01
3.460000e-06	-2.311589e-06	-1.645887e-09	-1.762950e+01	-1.111391e+02
3.470000e-06	-2.378310e-06	-1.885835e-09	-1.813836e+01	-1.269689e+02
3.480000e-06	-2.444538e-06	-2.131811e-09	-1.864345e+01	-1.430244e+02
3.490000e-06	-2.510177e-06	-2.378131e-09	-1.914405e+01	-1.592838e+02
3.500000e-06	-2.575336e-06	-2.625856e-09	-1.964099e+01	-1.757173e+02
3.510000e-06	-2.640053e-06	-2.877014e-09	-2.013456e+01	-1.922858e+02
3.520000e-06	-2.704226e-06	-3.131785e-09	-2.062398e+01	-2.089401e+02
3.530000e-06	-2.767874e-06	-3.385459e-09	-2.110939e+01	-2.256212e+02
3.540000e-06	-2.830977e-06	-3.636089e-09	-2.159065e+01	-2.422617e+02
3.550000e-06	-2.893419e-06	-3.886121e-09	-2.206687e+01	-2.587874e+02
3.560000e-06	-2.955158e-06	-4.136393e-09	-2.253773e+01	-2.751216e+02
3.570000e-06	-3.016012e-06	-4.385517e-09	-2.300184e+01	-2.911880e+02
3.580000e-06	-3.075991e-06	-4.628696e-09	-2.345927e+01	-3.069154e+02
3.590000e-06	-3.135365e-06	-4.863432e-09	-2.391209e+01	-3.222408e+02
3.600000e-06	-3.194214e-06	-5.091255e-09	-2.436091e+01	-3.371122e+02
3.610000e-06	-3.252412e-06	-5.313796e-09	-2.480476e+01	-3.514903e+02
3.620000e-06	-3.309863e-06	-5.526171e-09	-2.524291e+01	-3.653484e+02
3.630000e-06	-3.366550e-06	-5.728805e-09	-2.567524e+01	-3.786715e+02
3.640000e-06	-3.422447e-06	-5.923355e-09	-2.610154e+01	-3.914544e+02
3.650000e-06	-3.477747e-06	-6.114293e-09	-2.652330e+01	-4.036993e+02
3.660000e-06	-3.532412e-06	-6.300128e-09	-2.694019e+01	-4.154133e+02
3.670000e-06	-3.586008e-06	-6.474793e-09	-2.734895e+01	-4.266063e+02
3.680000e-06	-3.638467e-06	-6.638902e-09	-2.774903e+01	-4.372896e+02
3.690000e-06	-3.689965e-06	-6.793518e-09	-2.814179e+01	-4.474747e+02
3.700000e-06	-3.740596e-06	-6.940213e-09	-2.852793e+01	-4.571740e+02
3.710000e-06	-3.790410e-06	-7.079271e-09	-2.890784e+01	-4.664007e+02
3.720000e-06	-3.839344e-06	-7.212635e-09	-2.928104e+01	-4.751691e+02
3.730000e-06	-3.887070e-06	-7.341401e-09	-2.964502e+01	-4.834959e+02
3.740000e-06	-3.933500e-06	-7.468037e-09	-2.999913e+01	-4.913997e+02
3.750000e-06	-3.979098e-06	-7.592380e-09	-3.034688e+01	-4.989015e+02
3.760000e-06	-4.024084e-06	-7.708222e-09	-3.068997e+01	-5.060239e+02
3.770000e-06	-4.068299e-06	-7.810979e-09	-3.102718e+01	-5.127904e+02
3.780000e-06	-4.111775e-06	-7.903431e-09	-3.135875e+01	-5.192251e+02
3.790000e-06	-4.154567e-06	-7.992316e-09	-3.168511e+01	-5.253512e+02
3.800000e-06	-4.196515e-06	-8.083113e-09	-3.200503e+01	-5.311910e+02
3.810000e-06	-4.237603e-06	-8.172573e-09	-3.231839e+01	-5.367654e+02
3.820000e-06	-4.277834e-06	-8.257374e-09	-3.262521e+01	-5.420936e+02
3.830000e-06	-4.317258e-06	-8.339690e-09	-3.292588e+01	-5.471925e+02
3.840000e-06	-4.355858e-06	-8.418386e-09	-3.322027e+01	-5.520775e+02
3.850000e-06	-4.393262e-06	-8.492902e-09	-3.350554e+01	-5.567614e+02
3.860000e-06	-4.429371e-06	-8.560032e-09	-3.378093e+01	-5.612548e+02
3.870000e-06	-4.464547e-06	-8.622585e-09	-3.404919e+01	-5.655657e+02
3.880000e-06	-4.498912e-06	-8.684322e-09	-3.431128e+01	-5.696993e+02
3.890000e-06	-4.532288e-06	-8.746973e-09	-3.456582e+01	-5.736585e+02
3.900000e-06	-4.564610e-06	-8.809471e-09	-3.481234e+01	-5.774440e+02
3.910000e-06	-4.596041e-06	-8.868941e-09	-3.505204e+01	-5.810554e+02
3.920000e-06	-4.626657e-06	-8.924076e-09	-3.528554e+01	-5.844916e+02
3.930000e-06	-4.656033e-06	-8.974254e-09	-3.550958e+01	-5.877521e+02
3.940000e-06	-4.684025e-06	-9.022246e-09	-3.572306e+01	-5.908382e+02
3.950000e-06	-4.711062e-06	-9.066346e-09	-3.592926e+01	-5.937528e+02
3.960000e-06	-4.737219e-06	-9.106542e-09	-3.612875e+01	-5.965014e+02
3.970000e-06	-4.762263e-06	-9.144411e-09	-3.631974e+01	-5.990913e+02
3.980000e-06	-4.786254e-06	-9.182171e-09	-3.650271e+01	-6.015315e+02
3.990000e-06	-4.809389e-06	-9.218566e-09	-3.667916e+01	-6.038314e+02
4.000000e-06	-4.831534e-06	-9.252275e-09	-3.684805e+01	-6.060001e+02
4.010000e-06	-4.852333e-06	-9.281984e-09	-3.700668e+01	-6.080459e+02
4.020000e-06	-4.871921e-06	-9.310062e-09	-3.715606e+01	-6.099754e+02
4.030000e-06	-4.890579e-06	-9.339724e-09	-3.729836e+01	-6.117938e+02
4.040000e-06	-4.908238e-06	-9.366677e-09	-3.743304e+01	-6.135053e+02
4.050000e-06	-4.924903e-06	-9.389033e-09	-3.756013e+01	-6.151130e+02
4.060000e-06	-4.940629e-06	-9.410650e-09	-3.768007e+01	-6.166199e+02
4.070000e-06	-4.955371e-06	-9.435491e-09	-3.779250e+01	-6.180289e+02
4.080000e-06	-4.968740e-06	-9.458124e-09	-3.789446e+01	-6.193432e+02
4.090000e-06	-4.980612e-06	-9.473453e-09	-3.798500e+01	-6.205659e+02
4.100000e-06	-4.991281e-06	-9.483889e-09	-3.806637e+01	-6.216999e+02
4.110000e-06	-5.000886e-06	-9.496013e-09	-3.813962e+01	-6.227473e+02
4.120000e-06	-5.009472e-06	-9.511882e-09	-3.820511e+01	-6.237093e+02
4.130000e-06	-5.017108e-06	-9.527340e-09	-3.826334e+01	-6.245862e+02
4.140000e-06	-5.023743e-06	-9.538776e-09	-3.831394e+01	-6.253776e+02
4.150000e-06	-5.029079e-06	-9.547842e-09	-3.835464e+01	-6.260832e+02
4.160000e-06	-5.033092e-06	-9.558097e-09	-3.838525e+01	-6.267035e+02
4.170000e-06	-5.036062e-06	-9.566046e-09	-3.840790e+01	-6.272403e+02
4.180000e-06	-5.038056e-06	-9.568494e-09	-3.842310e+01	-6.276967e+02
4.190000e-06	-5.039007e-06	-9.568752e-09	-3.843035e+01	-6.280776e+02
