# Temperatura_=_77.96
# Concentracion g/m^3_=_18600.0
# C_Vs_to_Am_M_A/Vsm_=_65563218390.804596
# pendiente_HvsI_1/m_=_3716.3
# ordenada_HvsI_A/m_=_1297.0
# frecuencia_Hz_=_310744.70136973535

Tiempo_(s)	Campo_(V.s)	Magnetizacion_(V.s)	Campo_(kA/m)	Magnetizacion_(A/m)
0.000000e+00	-7.884208e-06	-1.926115e-08	-5.693132e+01	-1.265059e+03
1.000000e-08	-7.880513e-06	-1.926602e-08	-5.690463e+01	-1.264730e+03
2.000000e-08	-7.874109e-06	-1.926270e-08	-5.685839e+01	-1.264232e+03
3.000000e-08	-7.864998e-06	-1.925283e-08	-5.679260e+01	-1.263556e+03
4.000000e-08	-7.852926e-06	-1.923970e-08	-5.670543e+01	-1.262709e+03
5.000000e-08	-7.837830e-06	-1.922158e-08	-5.659643e+01	-1.261699e+03
6.000000e-08	-7.819878e-06	-1.919927e-08	-5.646679e+01	-1.260537e+03
7.000000e-08	-7.799426e-06	-1.917113e-08	-5.631911e+01	-1.259228e+03
8.000000e-08	-7.776347e-06	-1.917050e-08	-5.615245e+01	-1.257774e+03
9.000000e-08	-7.750010e-06	-1.923014e-08	-5.596228e+01	-1.256178e+03
1.000000e-07	-7.720382e-06	-1.919732e-08	-5.574834e+01	-1.254446e+03
1.100000e-07	-7.687722e-06	-1.910943e-08	-5.551251e+01	-1.252592e+03
1.200000e-07	-7.652156e-06	-1.907874e-08	-5.525568e+01	-1.250636e+03
1.300000e-07	-7.614038e-06	-1.905088e-08	-5.498043e+01	-1.248597e+03
1.400000e-07	-7.573592e-06	-1.896457e-08	-5.468838e+01	-1.246487e+03
1.500000e-07	-7.530645e-06	-1.888265e-08	-5.437826e+01	-1.244305e+03
1.600000e-07	-7.484855e-06	-1.896385e-08	-5.404762e+01	-1.242037e+03
1.700000e-07	-7.436146e-06	-1.886886e-08	-5.369589e+01	-1.239658e+03
1.800000e-07	-7.384542e-06	-1.883602e-08	-5.332326e+01	-1.237141e+03
1.900000e-07	-7.329935e-06	-1.886657e-08	-5.292895e+01	-1.234461e+03
2.000000e-07	-7.272465e-06	-1.872151e-08	-5.251396e+01	-1.231604e+03
2.100000e-07	-7.212246e-06	-1.870901e-08	-5.207912e+01	-1.228557e+03
2.200000e-07	-7.149278e-06	-1.861382e-08	-5.162443e+01	-1.225311e+03
2.300000e-07	-7.083481e-06	-1.857591e-08	-5.114932e+01	-1.221850e+03
2.400000e-07	-7.014835e-06	-1.853604e-08	-5.065363e+01	-1.218153e+03
2.500000e-07	-6.943423e-06	-1.844567e-08	-5.013797e+01	-1.214196e+03
2.600000e-07	-6.869173e-06	-1.842142e-08	-4.960182e+01	-1.209958e+03
2.700000e-07	-6.792036e-06	-1.833301e-08	-4.904482e+01	-1.205432e+03
2.800000e-07	-6.712017e-06	-1.826682e-08	-4.846701e+01	-1.200625e+03
2.900000e-07	-6.629358e-06	-1.815021e-08	-4.787013e+01	-1.195559e+03
3.000000e-07	-6.544329e-06	-1.809115e-08	-4.725614e+01	-1.190260e+03
3.100000e-07	-6.456901e-06	-1.802598e-08	-4.662483e+01	-1.184748e+03
3.200000e-07	-6.367063e-06	-1.792497e-08	-4.597612e+01	-1.179029e+03
3.300000e-07	-6.274794e-06	-1.787174e-08	-4.530985e+01	-1.173090e+03
3.400000e-07	-6.180101e-06	-1.774920e-08	-4.462608e+01	-1.166909e+03
3.500000e-07	-6.083037e-06	-1.764688e-08	-4.392518e+01	-1.160465e+03
3.600000e-07	-5.983655e-06	-1.753912e-08	-4.320755e+01	-1.153749e+03
3.700000e-07	-5.882026e-06	-1.743575e-08	-4.247370e+01	-1.146770e+03
3.800000e-07	-5.778129e-06	-1.732632e-08	-4.172347e+01	-1.139554e+03
3.900000e-07	-5.671982e-06	-1.722398e-08	-4.095698e+01	-1.132126e+03
4.000000e-07	-5.563683e-06	-1.713495e-08	-4.017497e+01	-1.124500e+03
4.100000e-07	-5.453321e-06	-1.700864e-08	-3.937805e+01	-1.116662e+03
4.200000e-07	-5.340856e-06	-1.688740e-08	-3.856594e+01	-1.108573e+03
4.300000e-07	-5.226155e-06	-1.673774e-08	-3.773770e+01	-1.100177e+03
4.400000e-07	-5.109245e-06	-1.659834e-08	-3.689350e+01	-1.091418e+03
4.500000e-07	-4.990303e-06	-1.646238e-08	-3.603463e+01	-1.082265e+03
4.600000e-07	-4.869466e-06	-1.633097e-08	-3.516207e+01	-1.072716e+03
4.700000e-07	-4.746776e-06	-1.619152e-08	-3.427614e+01	-1.062800e+03
4.800000e-07	-4.622245e-06	-1.604361e-08	-3.337691e+01	-1.052559e+03
4.900000e-07	-4.495954e-06	-1.589096e-08	-3.246497e+01	-1.042026e+03
5.000000e-07	-4.368003e-06	-1.571896e-08	-3.154105e+01	-1.031204e+03
5.100000e-07	-4.238362e-06	-1.553915e-08	-3.060492e+01	-1.020063e+03
5.200000e-07	-4.107065e-06	-1.535288e-08	-2.965683e+01	-1.008542e+03
5.300000e-07	-3.974139e-06	-1.517447e-08	-2.869698e+01	-9.965787e+02
5.400000e-07	-3.839619e-06	-1.499625e-08	-2.772562e+01	-9.841255e+02
5.500000e-07	-3.703684e-06	-1.481365e-08	-2.674404e+01	-9.711709e+02
5.600000e-07	-3.566256e-06	-1.461341e-08	-2.575169e+01	-9.577372e+02
5.700000e-07	-3.427316e-06	-1.440203e-08	-2.474841e+01	-9.438645e+02
5.800000e-07	-3.286928e-06	-1.418374e-08	-2.373468e+01	-9.295847e+02
5.900000e-07	-3.145109e-06	-1.395605e-08	-2.271062e+01	-9.148979e+02
6.000000e-07	-3.001905e-06	-1.371822e-08	-2.167655e+01	-8.997632e+02
6.100000e-07	-2.857482e-06	-1.347484e-08	-2.063368e+01	-8.841079e+02
6.200000e-07	-2.712060e-06	-1.323228e-08	-1.958360e+01	-8.678531e+02
6.300000e-07	-2.565569e-06	-1.298215e-08	-1.852579e+01	-8.509421e+02
6.400000e-07	-2.418057e-06	-1.271717e-08	-1.746062e+01	-8.333601e+02
6.500000e-07	-2.269808e-06	-1.243516e-08	-1.639013e+01	-8.151332e+02
6.600000e-07	-2.120832e-06	-1.214673e-08	-1.531438e+01	-7.963050e+02
6.700000e-07	-1.971076e-06	-1.185442e-08	-1.423300e+01	-7.769025e+02
6.800000e-07	-1.820580e-06	-1.155176e-08	-1.314628e+01	-7.569039e+02
6.900000e-07	-1.669365e-06	-1.123396e-08	-1.205436e+01	-7.362259e+02
7.000000e-07	-1.517573e-06	-1.090264e-08	-1.095829e+01	-7.147377e+02
7.100000e-07	-1.365331e-06	-1.056271e-08	-9.858963e+00	-6.922971e+02
7.200000e-07	-1.212597e-06	-1.020689e-08	-8.756075e+00	-6.687926e+02
7.300000e-07	-1.059287e-06	-9.828361e-09	-7.649038e+00	-6.441740e+02
7.400000e-07	-9.054740e-07	-9.430260e-09	-6.538365e+00	-6.184511e+02
7.500000e-07	-7.512947e-07	-9.023146e-09	-5.425046e+00	-5.916624e+02
7.600000e-07	-5.968013e-07	-8.606093e-09	-4.309460e+00	-5.638200e+02
7.700000e-07	-4.420509e-07	-8.166644e-09	-3.192019e+00	-5.348582e+02
7.800000e-07	-2.871334e-07	-7.700118e-09	-2.073370e+00	-5.046078e+02
7.900000e-07	-1.321138e-07	-7.207516e-09	-9.539846e-01	-4.728108e+02
8.000000e-07	2.291810e-08	-6.692394e-09	1.654900e-01	-4.391753e+02
8.100000e-07	1.779025e-07	-6.150640e-09	1.284622e+00	-4.034454e+02
8.200000e-07	3.328858e-07	-5.572216e-09	2.403745e+00	-3.654570e+02
8.300000e-07	4.878021e-07	-4.955514e-09	3.522385e+00	-3.251484e+02
8.400000e-07	6.424879e-07	-4.306690e-09	4.639361e+00	-2.825141e+02
8.500000e-07	7.968721e-07	-3.625422e-09	5.754157e+00	-2.375142e+02
8.600000e-07	9.509311e-07	-2.897599e-09	6.866607e+00	-1.899770e+02
8.700000e-07	1.104591e-06	-2.115780e-09	7.976178e+00	-1.395426e+02
8.800000e-07	1.257774e-06	-1.283182e-09	9.082296e+00	-8.568900e+01
8.900000e-07	1.410475e-06	-4.024648e-10	1.018494e+01	-2.785596e+01
9.000000e-07	1.562681e-06	5.370826e-10	1.128401e+01	3.435434e+01
9.100000e-07	1.714338e-06	1.548248e-09	1.237911e+01	1.009531e+02
9.200000e-07	1.865333e-06	2.624977e-09	1.346944e+01	1.713895e+02
9.300000e-07	2.015652e-06	3.744306e-09	1.455488e+01	2.444888e+02
9.400000e-07	2.165247e-06	4.878150e-09	1.563510e+01	3.185405e+02
9.500000e-07	2.313967e-06	5.996456e-09	1.670899e+01	3.915263e+02
9.600000e-07	2.461774e-06	7.062828e-09	1.777630e+01	4.614366e+02
9.700000e-07	2.608668e-06	8.046548e-09	1.883701e+01	5.265930e+02
9.800000e-07	2.754510e-06	8.932212e-09	1.989013e+01	5.858935e+02
9.900000e-07	2.899184e-06	9.722311e-09	2.093481e+01	6.389201e+02
1.000000e-06	3.042728e-06	1.043032e-08	2.197132e+01	6.858902e+02
1.010000e-06	3.185130e-06	1.106604e-08	2.299960e+01	7.274812e+02
1.020000e-06	3.326277e-06	1.163569e-08	2.401881e+01	7.645891e+02
1.030000e-06	3.465977e-06	1.214758e-08	2.502758e+01	7.980969e+02
1.040000e-06	3.604165e-06	1.261245e-08	2.602543e+01	8.287123e+02
1.050000e-06	3.740934e-06	1.303775e-08	2.701303e+01	8.569072e+02
1.060000e-06	3.876262e-06	1.342704e-08	2.799022e+01	8.829493e+02
1.070000e-06	4.010116e-06	1.378464e-08	2.895677e+01	9.069905e+02
1.080000e-06	4.142461e-06	1.411698e-08	2.991242e+01	9.291642e+02
1.090000e-06	4.273183e-06	1.443132e-08	3.085636e+01	9.496489e+02
1.100000e-06	4.402304e-06	1.472682e-08	3.178873e+01	9.686792e+02
1.110000e-06	4.529817e-06	1.500271e-08	3.270950e+01	9.865112e+02
1.120000e-06	4.655681e-06	1.526030e-08	3.361834e+01	1.003365e+03
1.130000e-06	4.779862e-06	1.550189e-08	3.451505e+01	1.019381e+03
1.140000e-06	4.902205e-06	1.573018e-08	3.539848e+01	1.034602e+03
1.150000e-06	5.022677e-06	1.594529e-08	3.626840e+01	1.049002e+03
1.160000e-06	5.141264e-06	1.614662e-08	3.712471e+01	1.062537e+03
1.170000e-06	5.257769e-06	1.633755e-08	3.796598e+01	1.075194e+03
1.180000e-06	5.372037e-06	1.652234e-08	3.879110e+01	1.087026e+03
1.190000e-06	5.484133e-06	1.669882e-08	3.960054e+01	1.098149e+03
1.200000e-06	5.594260e-06	1.686366e-08	4.039576e+01	1.108704e+03
1.210000e-06	5.702333e-06	1.701812e-08	4.117615e+01	1.118819e+03
1.220000e-06	5.808095e-06	1.716617e-08	4.193985e+01	1.128559e+03
1.230000e-06	5.911532e-06	1.730838e-08	4.268676e+01	1.137919e+03
1.240000e-06	6.012813e-06	1.744379e-08	4.341811e+01	1.146839e+03
1.250000e-06	6.111795e-06	1.757151e-08	4.413284e+01	1.155242e+03
1.260000e-06	6.208277e-06	1.769343e-08	4.482953e+01	1.163078e+03
1.270000e-06	6.302426e-06	1.781038e-08	4.550938e+01	1.170357e+03
1.280000e-06	6.394277e-06	1.792078e-08	4.617262e+01	1.177150e+03
1.290000e-06	6.483719e-06	1.802171e-08	4.681848e+01	1.183565e+03
1.300000e-06	6.570715e-06	1.811402e-08	4.744667e+01	1.189708e+03
1.310000e-06	6.655307e-06	1.820414e-08	4.805751e+01	1.195649e+03
1.320000e-06	6.737417e-06	1.829425e-08	4.865042e+01	1.201396e+03
1.330000e-06	6.816929e-06	1.838049e-08	4.922457e+01	1.206908e+03
1.340000e-06	6.893784e-06	1.845982e-08	4.977953e+01	1.212114e+03
1.350000e-06	6.967838e-06	1.853359e-08	5.031427e+01	1.216955e+03
1.360000e-06	7.039144e-06	1.860239e-08	5.082917e+01	1.221409e+03
1.370000e-06	7.107880e-06	1.867041e-08	5.132550e+01	1.225505e+03
1.380000e-06	7.173944e-06	1.873254e-08	5.180255e+01	1.229311e+03
1.390000e-06	7.237279e-06	1.878920e-08	5.225988e+01	1.232907e+03
1.400000e-06	7.297979e-06	1.884310e-08	5.269820e+01	1.236353e+03
1.410000e-06	7.355930e-06	1.889592e-08	5.311666e+01	1.239674e+03
1.420000e-06	7.411083e-06	1.894528e-08	5.351491e+01	1.242850e+03
1.430000e-06	7.463264e-06	1.898961e-08	5.389170e+01	1.245838e+03
1.440000e-06	7.512248e-06	1.903386e-08	5.424542e+01	1.248591e+03
1.450000e-06	7.558326e-06	1.907734e-08	5.457814e+01	1.251081e+03
1.460000e-06	7.601608e-06	1.911962e-08	5.489068e+01	1.253315e+03
1.470000e-06	7.641903e-06	1.915636e-08	5.518164e+01	1.255329e+03
1.480000e-06	7.679386e-06	1.918573e-08	5.545231e+01	1.257168e+03
1.490000e-06	7.714064e-06	1.920834e-08	5.570272e+01	1.258874e+03
1.500000e-06	7.745833e-06	1.923109e-08	5.593212e+01	1.260463e+03
1.510000e-06	7.774775e-06	1.925508e-08	5.614111e+01	1.261925e+03
1.520000e-06	7.800705e-06	1.927826e-08	5.632834e+01	1.263228e+03
1.530000e-06	7.823575e-06	1.930051e-08	5.649349e+01	1.264338e+03
1.540000e-06	7.843626e-06	1.932128e-08	5.663827e+01	1.265234e+03
1.550000e-06	7.860763e-06	1.933731e-08	5.676202e+01	1.265915e+03
1.560000e-06	7.874764e-06	1.934581e-08	5.686312e+01	1.266400e+03
1.570000e-06	7.885516e-06	1.934798e-08	5.694076e+01	1.266723e+03
1.580000e-06	7.893086e-06	1.934860e-08	5.699542e+01	1.266911e+03
1.590000e-06	7.897756e-06	1.934978e-08	5.702915e+01	1.266979e+03
1.600000e-06	7.899467e-06	1.935056e-08	5.704150e+01	1.266926e+03
1.610000e-06	7.898262e-06	1.935142e-08	5.703279e+01	1.266736e+03
1.620000e-06	7.894366e-06	1.934247e-08	5.700466e+01	1.266390e+03
1.630000e-06	7.887715e-06	1.933552e-08	5.695664e+01	1.265872e+03
1.640000e-06	7.878224e-06	1.932772e-08	5.688810e+01	1.265178e+03
1.650000e-06	7.865749e-06	1.931416e-08	5.679803e+01	1.264312e+03
1.660000e-06	7.850382e-06	1.930003e-08	5.668706e+01	1.263285e+03
1.670000e-06	7.832530e-06	1.929080e-08	5.655815e+01	1.262107e+03
1.680000e-06	7.812219e-06	1.928282e-08	5.641149e+01	1.260782e+03
1.690000e-06	7.789013e-06	1.916149e-08	5.624392e+01	1.259313e+03
1.700000e-06	7.762152e-06	1.909443e-08	5.604996e+01	1.257702e+03
1.710000e-06	7.731370e-06	1.914050e-08	5.582768e+01	1.255955e+03
1.720000e-06	7.697523e-06	1.912332e-08	5.558328e+01	1.254089e+03
1.730000e-06	7.661215e-06	1.908267e-08	5.532110e+01	1.252123e+03
1.740000e-06	7.622498e-06	1.913305e-08	5.504152e+01	1.250076e+03
1.750000e-06	7.581756e-06	1.910916e-08	5.474733e+01	1.247958e+03
1.760000e-06	7.538790e-06	1.894135e-08	5.443708e+01	1.245768e+03
1.770000e-06	7.492911e-06	1.903167e-08	5.410579e+01	1.243489e+03
1.780000e-06	7.444173e-06	1.894110e-08	5.375386e+01	1.241096e+03
1.790000e-06	7.392335e-06	1.888058e-08	5.337954e+01	1.238562e+03
1.800000e-06	7.337285e-06	1.891413e-08	5.298202e+01	1.235864e+03
1.810000e-06	7.279476e-06	1.877966e-08	5.256459e+01	1.232986e+03
1.820000e-06	7.218802e-06	1.886946e-08	5.212646e+01	1.229919e+03
1.830000e-06	7.155354e-06	1.872476e-08	5.166831e+01	1.226650e+03
1.840000e-06	7.089181e-06	1.870717e-08	5.119048e+01	1.223165e+03
1.850000e-06	7.020133e-06	1.867185e-08	5.069189e+01	1.219441e+03
1.860000e-06	6.948227e-06	1.854060e-08	5.017266e+01	1.215454e+03
1.870000e-06	6.873402e-06	1.857094e-08	4.963236e+01	1.211185e+03
1.880000e-06	6.795718e-06	1.841575e-08	4.907141e+01	1.206628e+03
1.890000e-06	6.715284e-06	1.842805e-08	4.849060e+01	1.201792e+03
1.900000e-06	6.632397e-06	1.829940e-08	4.789207e+01	1.196700e+03
1.910000e-06	6.547035e-06	1.821932e-08	4.727568e+01	1.191377e+03
1.920000e-06	6.459043e-06	1.815624e-08	4.664030e+01	1.185843e+03
1.930000e-06	6.368607e-06	1.798708e-08	4.598727e+01	1.180100e+03
1.940000e-06	6.275761e-06	1.797164e-08	4.531683e+01	1.174137e+03
1.950000e-06	6.180528e-06	1.783440e-08	4.462916e+01	1.167928e+03
1.960000e-06	6.082959e-06	1.779324e-08	4.392462e+01	1.161455e+03
1.970000e-06	5.983144e-06	1.766180e-08	4.320386e+01	1.154709e+03
1.980000e-06	5.881056e-06	1.755909e-08	4.246669e+01	1.147704e+03
1.990000e-06	5.776696e-06	1.743539e-08	4.171311e+01	1.140463e+03
2.000000e-06	5.670160e-06	1.729337e-08	4.094383e+01	1.133014e+03
2.010000e-06	5.561522e-06	1.719388e-08	4.015936e+01	1.125365e+03
2.020000e-06	5.450756e-06	1.704442e-08	3.935953e+01	1.117503e+03
2.030000e-06	5.337834e-06	1.696235e-08	3.854413e+01	1.109384e+03
2.040000e-06	5.222755e-06	1.682740e-08	3.771315e+01	1.100951e+03
2.050000e-06	5.105469e-06	1.671372e-08	3.686623e+01	1.092151e+03
2.060000e-06	4.986117e-06	1.654757e-08	3.600440e+01	1.082954e+03
2.070000e-06	4.864819e-06	1.639158e-08	3.512852e+01	1.073364e+03
2.080000e-06	4.741738e-06	1.622112e-08	3.423976e+01	1.063411e+03
2.090000e-06	4.616867e-06	1.606790e-08	3.333807e+01	1.053137e+03
2.100000e-06	4.490176e-06	1.591041e-08	3.242324e+01	1.042573e+03
2.110000e-06	4.361813e-06	1.574838e-08	3.149635e+01	1.031719e+03
2.120000e-06	4.231785e-06	1.558801e-08	3.055742e+01	1.020540e+03
2.130000e-06	4.100179e-06	1.541234e-08	2.960711e+01	1.008975e+03
2.140000e-06	3.967010e-06	1.523112e-08	2.864550e+01	9.969601e+02
2.150000e-06	3.832254e-06	1.501831e-08	2.767244e+01	9.844528e+02
2.160000e-06	3.695946e-06	1.481513e-08	2.668817e+01	9.714450e+02
2.170000e-06	3.558153e-06	1.459735e-08	2.569317e+01	9.579620e+02
2.180000e-06	3.418982e-06	1.439817e-08	2.468823e+01	9.440444e+02
2.190000e-06	3.278370e-06	1.417952e-08	2.367288e+01	9.297214e+02
2.200000e-06	3.136327e-06	1.395954e-08	2.264720e+01	9.149890e+02
2.210000e-06	2.993074e-06	1.372330e-08	2.161277e+01	8.998021e+02
2.220000e-06	2.848730e-06	1.348376e-08	2.057048e+01	8.840860e+02
2.230000e-06	2.703302e-06	1.323377e-08	1.952035e+01	8.677627e+02
2.240000e-06	2.556857e-06	1.296932e-08	1.846289e+01	8.507794e+02
2.250000e-06	2.409544e-06	1.270094e-08	1.739915e+01	8.331263e+02
2.260000e-06	2.261364e-06	1.242343e-08	1.632915e+01	8.148326e+02
2.270000e-06	2.112215e-06	1.214164e-08	1.525216e+01	7.959420e+02
2.280000e-06	1.962237e-06	1.184074e-08	1.416918e+01	7.764775e+02
2.290000e-06	1.811623e-06	1.153018e-08	1.308160e+01	7.564108e+02
2.300000e-06	1.660431e-06	1.120794e-08	1.198986e+01	7.356526e+02
2.310000e-06	1.508587e-06	1.088049e-08	1.089340e+01	7.140688e+02
2.320000e-06	1.356061e-06	1.054015e-08	9.792020e+00	6.915183e+02
2.330000e-06	1.202992e-06	1.018189e-08	8.686723e+00	6.678955e+02
2.340000e-06	1.049511e-06	9.804901e-09	7.578445e+00	6.431569e+02
2.350000e-06	8.957053e-07	9.411651e-09	6.467825e+00	6.173178e+02
2.360000e-06	7.416209e-07	8.999845e-09	5.355193e+00	5.904163e+02
2.370000e-06	5.872190e-07	8.571428e-09	4.240267e+00	5.624586e+02
2.380000e-06	4.325644e-07	8.123325e-09	3.123517e+00	5.333685e+02
2.390000e-06	2.778186e-07	7.660220e-09	2.006109e+00	5.029655e+02
2.400000e-06	1.230215e-07	7.175602e-09	8.883299e-01	4.709853e+02
2.410000e-06	-3.183697e-08	6.660921e-09	-2.298926e-01	4.371361e+02
2.420000e-06	-1.867250e-07	6.112917e-09	-1.348329e+00	4.011699e+02
2.430000e-06	-3.415761e-07	5.531711e-09	-2.466497e+00	3.629340e+02
2.440000e-06	-4.962664e-07	4.917273e-09	-3.583505e+00	3.223760e+02
2.450000e-06	-6.507647e-07	4.264496e-09	-4.699126e+00	2.794915e+02
2.460000e-06	-8.050023e-07	3.572575e-09	-5.812866e+00	2.342308e+02
2.470000e-06	-9.589262e-07	2.839158e-09	-6.924339e+00	1.864035e+02
2.480000e-06	-1.112585e-06	2.064832e-09	-8.033899e+00	1.356295e+02
2.490000e-06	-1.265864e-06	1.238807e-09	-9.140719e+00	8.137516e+01
2.500000e-06	-1.418607e-06	3.536869e-10	-1.024366e+01	2.308690e+01
2.510000e-06	-1.570736e-06	-5.968638e-10	-1.134217e+01	-3.960206e+01
2.520000e-06	-1.722244e-06	-1.613628e-09	-1.243621e+01	-1.066496e+02
2.530000e-06	-1.873085e-06	-2.689765e-09	-1.352542e+01	-1.774384e+02
2.540000e-06	-2.023189e-06	-3.809608e-09	-1.460930e+01	-2.507296e+02
2.550000e-06	-2.172454e-06	-4.947070e-09	-1.568714e+01	-3.247665e+02
2.560000e-06	-2.320823e-06	-6.065264e-09	-1.675850e+01	-3.975159e+02
2.570000e-06	-2.468361e-06	-7.129764e-09	-1.782386e+01	-4.669889e+02
2.580000e-06	-2.614986e-06	-8.116140e-09	-1.888263e+01	-5.315591e+02
2.590000e-06	-2.760617e-06	-9.012113e-09	-1.993422e+01	-5.901955e+02
2.600000e-06	-2.905265e-06	-9.817647e-09	-2.097872e+01	-6.425531e+02
2.610000e-06	-3.048758e-06	-1.053470e-08	-2.201487e+01	-6.889087e+02
2.620000e-06	-3.190879e-06	-1.117123e-08	-2.304111e+01	-7.299752e+02
2.630000e-06	-3.331641e-06	-1.173872e-08	-2.405755e+01	-7.666575e+02
2.640000e-06	-3.471091e-06	-1.224919e-08	-2.506451e+01	-7.998258e+02
2.650000e-06	-3.609213e-06	-1.271134e-08	-2.606188e+01	-8.301637e+02
2.660000e-06	-3.746016e-06	-1.313587e-08	-2.704972e+01	-8.581183e+02
2.670000e-06	-3.881299e-06	-1.352976e-08	-2.802659e+01	-8.839401e+02
2.680000e-06	-4.014987e-06	-1.389441e-08	-2.899194e+01	-9.077746e+02
2.690000e-06	-4.147153e-06	-1.423176e-08	-2.994630e+01	-9.297580e+02
2.700000e-06	-4.277717e-06	-1.454491e-08	-3.088910e+01	-9.500750e+02
2.710000e-06	-4.406713e-06	-1.483790e-08	-3.182057e+01	-9.689651e+02
2.720000e-06	-4.534124e-06	-1.511056e-08	-3.274060e+01	-9.866832e+02
2.730000e-06	-4.659839e-06	-1.536577e-08	-3.364837e+01	-1.003443e+03
2.740000e-06	-4.783818e-06	-1.560669e-08	-3.454362e+01	-1.019373e+03
2.750000e-06	-4.906067e-06	-1.583493e-08	-3.542636e+01	-1.034508e+03
2.760000e-06	-5.026495e-06	-1.605065e-08	-3.629597e+01	-1.048818e+03
2.770000e-06	-5.144830e-06	-1.625669e-08	-3.715046e+01	-1.062258e+03
2.780000e-06	-5.260984e-06	-1.645391e-08	-3.798920e+01	-1.074824e+03
2.790000e-06	-5.374903e-06	-1.663752e-08	-3.881180e+01	-1.086574e+03
2.800000e-06	-5.486504e-06	-1.680716e-08	-3.961766e+01	-1.097629e+03
2.810000e-06	-5.595967e-06	-1.696494e-08	-4.040809e+01	-1.108132e+03
2.820000e-06	-5.703452e-06	-1.711480e-08	-4.118423e+01	-1.118205e+03
2.830000e-06	-5.808917e-06	-1.725791e-08	-4.194578e+01	-1.127906e+03
2.840000e-06	-5.912128e-06	-1.739565e-08	-4.269106e+01	-1.137223e+03
2.850000e-06	-6.012909e-06	-1.752690e-08	-4.341880e+01	-1.146091e+03
2.860000e-06	-6.111377e-06	-1.765284e-08	-4.412983e+01	-1.154435e+03
2.870000e-06	-6.207639e-06	-1.777246e-08	-4.482493e+01	-1.162210e+03
2.880000e-06	-6.301509e-06	-1.788284e-08	-4.550275e+01	-1.169433e+03
2.890000e-06	-6.392919e-06	-1.798431e-08	-4.616282e+01	-1.176180e+03
2.900000e-06	-6.482052e-06	-1.807788e-08	-4.680645e+01	-1.182561e+03
2.910000e-06	-6.568810e-06	-1.816741e-08	-4.743292e+01	-1.188681e+03
2.920000e-06	-6.653022e-06	-1.825519e-08	-4.804101e+01	-1.194602e+03
2.930000e-06	-6.734761e-06	-1.834065e-08	-4.863124e+01	-1.200327e+03
2.940000e-06	-6.813929e-06	-1.842227e-08	-4.920291e+01	-1.205810e+03
2.950000e-06	-6.890296e-06	-1.850044e-08	-4.975435e+01	-1.210980e+03
2.960000e-06	-6.963890e-06	-1.857478e-08	-5.028577e+01	-1.215779e+03
2.970000e-06	-7.034730e-06	-1.864289e-08	-5.079729e+01	-1.220193e+03
2.980000e-06	-7.102826e-06	-1.870312e-08	-5.128901e+01	-1.224255e+03
2.990000e-06	-7.168351e-06	-1.875805e-08	-5.176216e+01	-1.228035e+03
3.000000e-06	-7.231265e-06	-1.881085e-08	-5.221646e+01	-1.231612e+03
3.010000e-06	-7.291425e-06	-1.885988e-08	-5.265087e+01	-1.235045e+03
3.020000e-06	-7.348829e-06	-1.890387e-08	-5.306538e+01	-1.238352e+03
3.030000e-06	-7.403348e-06	-1.894633e-08	-5.345906e+01	-1.241511e+03
3.040000e-06	-7.454832e-06	-1.898954e-08	-5.383082e+01	-1.244476e+03
3.050000e-06	-7.503157e-06	-1.903087e-08	-5.417977e+01	-1.247201e+03
3.060000e-06	-7.548512e-06	-1.907022e-08	-5.450728e+01	-1.249664e+03
3.070000e-06	-7.591313e-06	-1.910381e-08	-5.481634e+01	-1.251872e+03
3.080000e-06	-7.631460e-06	-1.913233e-08	-5.510624e+01	-1.253865e+03
3.090000e-06	-7.668690e-06	-1.915616e-08	-5.537508e+01	-1.255689e+03
3.100000e-06	-7.703098e-06	-1.917708e-08	-5.562353e+01	-1.257382e+03
3.110000e-06	-7.734666e-06	-1.919572e-08	-5.585148e+01	-1.258959e+03
3.120000e-06	-7.763224e-06	-1.921357e-08	-5.605770e+01	-1.260405e+03
3.130000e-06	-7.788838e-06	-1.923111e-08	-5.624265e+01	-1.261690e+03
3.140000e-06	-7.811477e-06	-1.924834e-08	-5.640613e+01	-1.262778e+03
3.150000e-06	-7.831134e-06	-1.926120e-08	-5.654807e+01	-1.263650e+03
3.160000e-06	-7.847931e-06	-1.926836e-08	-5.666936e+01	-1.264309e+03
3.170000e-06	-7.861627e-06	-1.927306e-08	-5.676826e+01	-1.264776e+03
3.180000e-06	-7.872049e-06	-1.927562e-08	-5.684352e+01	-1.265083e+03
3.190000e-06	-7.879386e-06	-1.927618e-08	-5.689649e+01	-1.265258e+03
3.200000e-06	-7.883749e-06	-1.927266e-08	-5.692800e+01	-1.265314e+03
3.210000e-06	-7.885269e-06	-1.926635e-08	-5.693897e+01	-1.265247e+03
