# Temperatura_=_76.36
# Concentracion g/m^3_=_18600.0
# C_Vs_to_Am_M_A/Vsm_=_65563218390.804596
# pendiente_HvsI_1/m_=_3716.3
# ordenada_HvsI_A/m_=_1297.0
# frecuencia_Hz_=_310747.655725837

Tiempo_(s)	Campo_(V.s)	Magnetizacion_(V.s)	Campo_(kA/m)	Magnetizacion_(A/m)
0.000000e+00	-7.882227e-06	-1.836317e-08	-5.693225e+01	-1.205418e+03
1.000000e-08	-7.878218e-06	-1.836484e-08	-5.690330e+01	-1.205036e+03
2.000000e-08	-7.871515e-06	-1.835856e-08	-5.685488e+01	-1.204559e+03
3.000000e-08	-7.862067e-06	-1.834471e-08	-5.678664e+01	-1.203984e+03
4.000000e-08	-7.849668e-06	-1.832913e-08	-5.669708e+01	-1.203277e+03
5.000000e-08	-7.834259e-06	-1.831423e-08	-5.658579e+01	-1.202388e+03
6.000000e-08	-7.815997e-06	-1.829884e-08	-5.645388e+01	-1.201273e+03
7.000000e-08	-7.795253e-06	-1.828213e-08	-5.630405e+01	-1.199913e+03
8.000000e-08	-7.771899e-06	-1.828539e-08	-5.613537e+01	-1.198331e+03
9.000000e-08	-7.745311e-06	-1.831362e-08	-5.594333e+01	-1.196587e+03
1.000000e-07	-7.715378e-06	-1.828037e-08	-5.572713e+01	-1.194756e+03
1.100000e-07	-7.682413e-06	-1.821106e-08	-5.548902e+01	-1.192903e+03
1.200000e-07	-7.646591e-06	-1.817116e-08	-5.523029e+01	-1.191058e+03
1.300000e-07	-7.608198e-06	-1.813125e-08	-5.495298e+01	-1.189206e+03
1.400000e-07	-7.567506e-06	-1.807479e-08	-5.465907e+01	-1.187297e+03
1.500000e-07	-7.524297e-06	-1.803030e-08	-5.434697e+01	-1.185268e+03
1.600000e-07	-7.478198e-06	-1.804282e-08	-5.401401e+01	-1.183071e+03
1.700000e-07	-7.429242e-06	-1.798578e-08	-5.366041e+01	-1.180695e+03
1.800000e-07	-7.377330e-06	-1.794482e-08	-5.328545e+01	-1.178164e+03
1.900000e-07	-7.322439e-06	-1.792666e-08	-5.288898e+01	-1.175520e+03
2.000000e-07	-7.264782e-06	-1.782972e-08	-5.247254e+01	-1.172795e+03
2.100000e-07	-7.204323e-06	-1.779080e-08	-5.203585e+01	-1.169986e+03
2.200000e-07	-7.141102e-06	-1.772854e-08	-5.157921e+01	-1.167041e+03
2.300000e-07	-7.075045e-06	-1.769023e-08	-5.110209e+01	-1.163870e+03
2.400000e-07	-7.006148e-06	-1.765060e-08	-5.060446e+01	-1.160375e+03
2.500000e-07	-6.934497e-06	-1.756213e-08	-5.008693e+01	-1.156483e+03
2.600000e-07	-6.859960e-06	-1.751201e-08	-4.954856e+01	-1.152177e+03
2.700000e-07	-6.782572e-06	-1.742918e-08	-4.898960e+01	-1.147500e+03
2.800000e-07	-6.702328e-06	-1.734979e-08	-4.841001e+01	-1.142538e+03
2.900000e-07	-6.619409e-06	-1.725827e-08	-4.781109e+01	-1.137382e+03
3.000000e-07	-6.534194e-06	-1.719655e-08	-4.719560e+01	-1.132098e+03
3.100000e-07	-6.446663e-06	-1.713752e-08	-4.656337e+01	-1.126693e+03
3.200000e-07	-6.356670e-06	-1.705091e-08	-4.591336e+01	-1.121121e+03
3.300000e-07	-6.264212e-06	-1.698001e-08	-4.524555e+01	-1.115305e+03
3.400000e-07	-6.169371e-06	-1.686022e-08	-4.456053e+01	-1.109171e+03
3.500000e-07	-6.072131e-06	-1.675055e-08	-4.385817e+01	-1.102686e+03
3.600000e-07	-5.972486e-06	-1.664191e-08	-4.313846e+01	-1.095873e+03
3.700000e-07	-5.870576e-06	-1.653815e-08	-4.240237e+01	-1.088795e+03
3.800000e-07	-5.766459e-06	-1.643843e-08	-4.165035e+01	-1.081535e+03
3.900000e-07	-5.660080e-06	-1.634154e-08	-4.088199e+01	-1.074149e+03
4.000000e-07	-5.551546e-06	-1.625329e-08	-4.009806e+01	-1.066640e+03
4.100000e-07	-5.440967e-06	-1.613438e-08	-3.929936e+01	-1.058955e+03
4.200000e-07	-5.328302e-06	-1.600790e-08	-3.848560e+01	-1.051002e+03
4.300000e-07	-5.213465e-06	-1.585844e-08	-3.765615e+01	-1.042686e+03
4.400000e-07	-5.096430e-06	-1.571434e-08	-3.681082e+01	-1.033947e+03
4.500000e-07	-4.977334e-06	-1.557950e-08	-3.595060e+01	-1.024783e+03
4.600000e-07	-4.856287e-06	-1.545106e-08	-3.507630e+01	-1.015239e+03
4.700000e-07	-4.733422e-06	-1.531687e-08	-3.418886e+01	-1.005389e+03
4.800000e-07	-4.608760e-06	-1.517113e-08	-3.328844e+01	-9.952901e+02
4.900000e-07	-4.482296e-06	-1.501942e-08	-3.237502e+01	-9.849559e+02
5.000000e-07	-4.354126e-06	-1.485001e-08	-3.144926e+01	-9.743451e+02
5.100000e-07	-4.224306e-06	-1.466980e-08	-3.051159e+01	-9.633775e+02
5.200000e-07	-4.092840e-06	-1.448506e-08	-2.956202e+01	-9.519671e+02
5.300000e-07	-3.959777e-06	-1.430730e-08	-2.860093e+01	-9.400587e+02
5.400000e-07	-3.825199e-06	-1.413211e-08	-2.762889e+01	-9.276491e+02
5.500000e-07	-3.689124e-06	-1.395283e-08	-2.664604e+01	-9.147835e+02
5.600000e-07	-3.551571e-06	-1.375673e-08	-2.565251e+01	-9.015277e+02
5.700000e-07	-3.412583e-06	-1.354885e-08	-2.464862e+01	-8.879296e+02
5.800000e-07	-3.272118e-06	-1.333288e-08	-2.363407e+01	-8.739875e+02
5.900000e-07	-3.130232e-06	-1.310822e-08	-2.260924e+01	-8.596409e+02
6.000000e-07	-2.987108e-06	-1.287509e-08	-2.157548e+01	-8.447889e+02
6.100000e-07	-2.842750e-06	-1.263616e-08	-2.053280e+01	-8.293283e+02
6.200000e-07	-2.697260e-06	-1.239635e-08	-1.948194e+01	-8.131934e+02
6.300000e-07	-2.550730e-06	-1.214851e-08	-1.842357e+01	-7.963797e+02
6.400000e-07	-2.403197e-06	-1.188938e-08	-1.735797e+01	-7.789378e+02
6.500000e-07	-2.254857e-06	-1.161406e-08	-1.628652e+01	-7.609396e+02
6.600000e-07	-2.105782e-06	-1.132904e-08	-1.520978e+01	-7.424319e+02
6.700000e-07	-1.955984e-06	-1.103844e-08	-1.412781e+01	-7.233972e+02
6.800000e-07	-1.805461e-06	-1.073862e-08	-1.304060e+01	-7.037426e+02
6.900000e-07	-1.654182e-06	-1.042384e-08	-1.194793e+01	-6.833218e+02
7.000000e-07	-1.502235e-06	-1.009476e-08	-1.085044e+01	-6.619817e+02
7.100000e-07	-1.349830e-06	-9.757122e-09	-9.749640e+00	-6.396130e+02
7.200000e-07	-1.197035e-06	-9.404986e-09	-8.646023e+00	-6.161792e+02
7.300000e-07	-1.043744e-06	-9.034183e-09	-7.538824e+00	-5.917093e+02
7.400000e-07	-8.899810e-07	-8.643028e-09	-6.428212e+00	-5.662538e+02
7.500000e-07	-7.358344e-07	-8.240153e-09	-5.314832e+00	-5.398225e+02
7.600000e-07	-5.813848e-07	-7.822847e-09	-4.199263e+00	-5.123317e+02
7.700000e-07	-4.267599e-07	-7.382682e-09	-3.082429e+00	-4.835871e+02
7.800000e-07	-2.720093e-07	-6.913938e-09	-1.964686e+00	-4.533129e+02
7.900000e-07	-1.171526e-07	-6.417436e-09	-8.461770e-01	-4.212161e+02
8.000000e-07	3.773457e-08	-5.897399e-09	2.725517e-01	-3.870584e+02
8.100000e-07	1.926285e-07	-5.349402e-09	1.391330e+00	-3.506978e+02
8.200000e-07	3.474927e-07	-4.766476e-09	2.509893e+00	-3.120774e+02
8.300000e-07	5.022795e-07	-4.142339e-09	3.627896e+00	-2.711546e+02
8.400000e-07	6.569005e-07	-3.479208e-09	4.744703e+00	-2.278010e+02
8.500000e-07	8.112095e-07	-2.772946e-09	5.859256e+00	-1.817165e+02
8.600000e-07	9.652012e-07	-2.012607e-09	6.971517e+00	-1.324091e+02
8.700000e-07	1.118846e-06	-1.191486e-09	8.081270e+00	-7.927286e+01
8.800000e-07	1.271991e-06	-3.115342e-10	9.187421e+00	-2.176241e+01
8.900000e-07	1.424585e-06	6.283335e-10	1.028958e+01	4.037728e+01
9.000000e-07	1.576696e-06	1.632410e-09	1.138826e+01	1.068942e+02
9.100000e-07	1.728289e-06	2.699146e-09	1.248320e+01	1.769010e+02
9.200000e-07	1.879249e-06	3.805493e-09	1.357356e+01	2.488906e+02
9.300000e-07	2.029500e-06	4.911020e-09	1.465880e+01	3.209087e+02
9.400000e-07	2.178931e-06	5.975970e-09	1.573812e+01	3.908481e+02
9.500000e-07	2.327427e-06	6.973379e-09	1.681069e+01	4.567921e+02
9.600000e-07	2.475021e-06	7.885616e-09	1.787674e+01	5.173153e+02
9.700000e-07	2.621727e-06	8.699814e-09	1.893638e+01	5.716660e+02
9.800000e-07	2.767353e-06	9.417639e-09	1.998822e+01	6.197890e+02
9.900000e-07	2.911899e-06	1.005386e-08	2.103225e+01	6.621988e+02
1.000000e-06	3.055381e-06	1.062946e-08	2.206860e+01	6.997520e+02
1.010000e-06	3.197607e-06	1.115152e-08	2.309588e+01	7.333945e+02
1.020000e-06	3.338496e-06	1.162055e-08	2.411350e+01	7.639550e+02
1.030000e-06	3.477996e-06	1.204164e-08	2.512109e+01	7.920322e+02
1.040000e-06	3.616030e-06	1.242902e-08	2.611809e+01	8.179845e+02
1.050000e-06	3.752671e-06	1.278924e-08	2.710504e+01	8.419985e+02
1.060000e-06	3.887900e-06	1.312347e-08	2.808177e+01	8.641892e+02
1.070000e-06	4.021640e-06	1.343257e-08	2.904776e+01	8.846868e+02
1.080000e-06	4.153860e-06	1.372221e-08	3.000277e+01	9.036776e+02
1.090000e-06	4.284437e-06	1.400037e-08	3.094591e+01	9.213933e+02
1.100000e-06	4.413385e-06	1.426268e-08	3.187728e+01	9.380654e+02
1.110000e-06	4.540711e-06	1.450432e-08	3.279694e+01	9.538739e+02
1.120000e-06	4.666400e-06	1.472634e-08	3.370477e+01	9.689153e+02
1.130000e-06	4.790390e-06	1.493523e-08	3.460034e+01	9.832061e+02
1.140000e-06	4.912508e-06	1.513567e-08	3.548238e+01	9.967160e+02
1.150000e-06	5.032773e-06	1.532833e-08	3.635104e+01	1.009416e+03
1.160000e-06	5.151126e-06	1.551174e-08	3.720589e+01	1.021315e+03
1.170000e-06	5.267354e-06	1.568776e-08	3.804539e+01	1.032480e+03
1.180000e-06	5.381386e-06	1.585474e-08	3.886902e+01	1.043015e+03
1.190000e-06	5.493263e-06	1.601312e-08	3.967709e+01	1.053037e+03
1.200000e-06	5.603131e-06	1.616171e-08	4.047065e+01	1.062633e+03
1.210000e-06	5.710952e-06	1.629887e-08	4.124943e+01	1.071843e+03
1.220000e-06	5.816533e-06	1.642848e-08	4.201203e+01	1.080658e+03
1.230000e-06	5.919881e-06	1.655383e-08	4.275849e+01	1.089039e+03
1.240000e-06	6.021007e-06	1.667655e-08	4.348892e+01	1.096951e+03
1.250000e-06	6.119759e-06	1.679304e-08	4.420219e+01	1.104385e+03
1.260000e-06	6.216064e-06	1.690246e-08	4.489779e+01	1.111371e+03
1.270000e-06	6.310058e-06	1.700815e-08	4.557669e+01	1.117970e+03
1.280000e-06	6.401685e-06	1.711008e-08	4.623850e+01	1.124250e+03
1.290000e-06	6.490837e-06	1.720376e-08	4.688244e+01	1.130268e+03
1.300000e-06	6.577567e-06	1.728788e-08	4.750887e+01	1.136048e+03
1.310000e-06	6.661904e-06	1.736805e-08	4.811803e+01	1.141587e+03
1.320000e-06	6.743732e-06	1.744870e-08	4.870906e+01	1.146857e+03
1.330000e-06	6.822960e-06	1.752579e-08	4.928132e+01	1.151833e+03
1.340000e-06	6.899530e-06	1.759558e-08	4.983436e+01	1.156500e+03
1.350000e-06	6.973293e-06	1.766199e-08	5.036715e+01	1.160867e+03
1.360000e-06	7.044350e-06	1.772830e-08	5.088038e+01	1.164956e+03
1.370000e-06	7.112775e-06	1.779380e-08	5.137460e+01	1.168798e+03
1.380000e-06	7.178488e-06	1.785207e-08	5.184924e+01	1.172419e+03
1.390000e-06	7.241515e-06	1.790504e-08	5.230448e+01	1.175832e+03
1.400000e-06	7.301937e-06	1.795580e-08	5.274090e+01	1.179044e+03
1.410000e-06	7.359632e-06	1.800456e-08	5.315762e+01	1.182057e+03
1.420000e-06	7.414489e-06	1.804868e-08	5.355384e+01	1.184879e+03
1.430000e-06	7.466284e-06	1.808912e-08	5.392796e+01	1.187525e+03
1.440000e-06	7.514890e-06	1.813230e-08	5.427903e+01	1.190013e+03
1.450000e-06	7.560633e-06	1.817554e-08	5.460942e+01	1.192357e+03
1.460000e-06	7.603573e-06	1.821385e-08	5.491957e+01	1.194559e+03
1.470000e-06	7.643613e-06	1.824531e-08	5.520878e+01	1.196605e+03
1.480000e-06	7.680885e-06	1.827293e-08	5.547799e+01	1.198470e+03
1.490000e-06	7.715293e-06	1.829929e-08	5.572651e+01	1.200128e+03
1.500000e-06	7.746743e-06	1.832502e-08	5.595367e+01	1.201569e+03
1.510000e-06	7.775367e-06	1.834716e-08	5.616042e+01	1.202800e+03
1.520000e-06	7.801010e-06	1.836593e-08	5.634563e+01	1.203848e+03
1.530000e-06	7.823649e-06	1.838449e-08	5.650915e+01	1.204749e+03
1.540000e-06	7.843417e-06	1.840070e-08	5.665193e+01	1.205532e+03
1.550000e-06	7.860131e-06	1.841230e-08	5.677266e+01	1.206205e+03
1.560000e-06	7.873771e-06	1.842072e-08	5.687118e+01	1.206758e+03
1.570000e-06	7.884238e-06	1.842820e-08	5.694678e+01	1.207162e+03
1.580000e-06	7.891524e-06	1.843588e-08	5.699941e+01	1.207391e+03
1.590000e-06	7.895896e-06	1.844001e-08	5.703099e+01	1.207433e+03
1.600000e-06	7.897352e-06	1.843797e-08	5.704150e+01	1.207299e+03
1.610000e-06	7.895976e-06	1.843221e-08	5.703156e+01	1.207018e+03
1.620000e-06	7.891860e-06	1.842408e-08	5.700183e+01	1.206625e+03
1.630000e-06	7.884909e-06	1.841860e-08	5.695163e+01	1.206138e+03
1.640000e-06	7.875103e-06	1.840989e-08	5.688080e+01	1.205550e+03
1.650000e-06	7.862347e-06	1.839682e-08	5.678867e+01	1.204826e+03
1.660000e-06	7.846763e-06	1.838534e-08	5.667610e+01	1.203915e+03
1.670000e-06	7.828714e-06	1.837537e-08	5.654574e+01	1.202773e+03
1.680000e-06	7.808126e-06	1.834638e-08	5.639703e+01	1.201387e+03
1.690000e-06	7.784516e-06	1.825547e-08	5.622650e+01	1.199784e+03
1.700000e-06	7.757228e-06	1.819985e-08	5.602940e+01	1.198027e+03
1.710000e-06	7.726152e-06	1.821787e-08	5.580494e+01	1.196190e+03
1.720000e-06	7.692126e-06	1.820931e-08	5.555918e+01	1.194337e+03
1.730000e-06	7.655654e-06	1.818751e-08	5.529575e+01	1.192492e+03
1.740000e-06	7.616842e-06	1.818913e-08	5.501541e+01	1.190637e+03
1.750000e-06	7.575992e-06	1.816205e-08	5.472036e+01	1.188717e+03
1.760000e-06	7.532765e-06	1.806379e-08	5.440813e+01	1.186672e+03
1.770000e-06	7.486584e-06	1.808619e-08	5.407458e+01	1.184455e+03
1.780000e-06	7.437573e-06	1.805456e-08	5.372058e+01	1.182061e+03
1.790000e-06	7.385442e-06	1.800302e-08	5.334405e+01	1.179515e+03
1.800000e-06	7.330175e-06	1.800806e-08	5.294486e+01	1.176860e+03
1.810000e-06	7.272201e-06	1.792277e-08	5.252612e+01	1.174127e+03
1.820000e-06	7.211329e-06	1.794178e-08	5.208645e+01	1.171306e+03
1.830000e-06	7.147682e-06	1.784692e-08	5.162673e+01	1.168341e+03
1.840000e-06	7.081245e-06	1.781260e-08	5.114687e+01	1.165140e+03
1.850000e-06	7.011912e-06	1.779489e-08	5.064609e+01	1.161604e+03
1.860000e-06	6.939746e-06	1.770387e-08	5.012484e+01	1.157668e+03
1.870000e-06	6.864649e-06	1.770035e-08	4.958243e+01	1.153319e+03
1.880000e-06	6.786739e-06	1.757749e-08	4.901970e+01	1.148606e+03
1.890000e-06	6.706136e-06	1.753546e-08	4.843751e+01	1.143618e+03
1.900000e-06	6.623102e-06	1.742880e-08	4.783777e+01	1.138447e+03
1.910000e-06	6.537519e-06	1.733484e-08	4.721961e+01	1.133150e+03
1.920000e-06	6.449311e-06	1.726424e-08	4.658250e+01	1.127730e+03
1.930000e-06	6.358697e-06	1.712924e-08	4.592800e+01	1.122135e+03
1.940000e-06	6.265599e-06	1.709271e-08	4.525557e+01	1.116287e+03
1.950000e-06	6.170116e-06	1.698234e-08	4.456591e+01	1.110116e+03
1.960000e-06	6.072344e-06	1.691833e-08	4.385972e+01	1.103594e+03
1.970000e-06	5.972302e-06	1.679811e-08	4.313713e+01	1.096748e+03
1.980000e-06	5.869920e-06	1.667888e-08	4.239764e+01	1.089647e+03
1.990000e-06	5.765293e-06	1.655735e-08	4.164193e+01	1.082371e+03
2.000000e-06	5.658543e-06	1.641325e-08	4.087089e+01	1.074972e+03
2.010000e-06	5.549781e-06	1.630637e-08	4.008532e+01	1.067447e+03
2.020000e-06	5.438922e-06	1.617206e-08	3.928459e+01	1.059738e+03
2.030000e-06	5.325771e-06	1.608594e-08	3.846732e+01	1.051750e+03
2.040000e-06	5.210434e-06	1.596726e-08	3.763426e+01	1.043390e+03
2.050000e-06	5.092921e-06	1.584140e-08	3.678548e+01	1.034605e+03
2.060000e-06	4.973343e-06	1.567912e-08	3.592178e+01	1.025396e+03
2.070000e-06	4.851920e-06	1.551433e-08	3.504476e+01	1.015816e+03
2.080000e-06	4.728699e-06	1.535258e-08	3.415475e+01	1.005936e+03
2.090000e-06	4.603666e-06	1.519824e-08	3.325165e+01	9.958122e+02
2.100000e-06	4.476834e-06	1.504660e-08	3.233556e+01	9.854509e+02
2.110000e-06	4.348315e-06	1.489023e-08	3.140729e+01	9.748058e+02
2.120000e-06	4.218160e-06	1.473183e-08	3.046720e+01	9.637942e+02
2.130000e-06	4.086376e-06	1.455521e-08	2.951534e+01	9.523318e+02
2.140000e-06	3.953095e-06	1.436579e-08	2.855267e+01	9.403685e+02
2.150000e-06	3.818254e-06	1.415699e-08	2.757873e+01	9.279069e+02
2.160000e-06	3.681787e-06	1.395732e-08	2.659305e+01	9.149960e+02
2.170000e-06	3.543819e-06	1.375305e-08	2.559652e+01	9.017015e+02
2.180000e-06	3.404505e-06	1.355436e-08	2.459028e+01	8.880672e+02
2.190000e-06	3.263925e-06	1.333996e-08	2.357489e+01	8.740853e+02
2.200000e-06	3.121956e-06	1.311992e-08	2.254946e+01	8.596894e+02
2.210000e-06	2.978664e-06	1.289270e-08	2.151448e+01	8.447764e+02
2.220000e-06	2.834229e-06	1.265513e-08	2.047125e+01	8.292453e+02
2.230000e-06	2.688714e-06	1.240623e-08	1.942022e+01	8.130364e+02
2.240000e-06	2.542160e-06	1.214283e-08	1.836168e+01	7.961518e+02
2.250000e-06	2.394735e-06	1.187938e-08	1.729685e+01	7.786465e+02
2.260000e-06	2.246491e-06	1.160654e-08	1.622610e+01	7.605921e+02
2.270000e-06	2.097359e-06	1.132613e-08	1.514894e+01	7.420297e+02
2.280000e-06	1.947475e-06	1.103011e-08	1.406635e+01	7.229338e+02
2.290000e-06	1.796928e-06	1.072403e-08	1.297896e+01	7.032043e+02
2.300000e-06	1.645663e-06	1.041110e-08	1.188640e+01	6.826916e+02
2.310000e-06	1.493702e-06	1.008619e-08	1.078881e+01	6.612450e+02
2.320000e-06	1.341167e-06	9.746575e-09	9.687066e+00	6.387622e+02
2.330000e-06	1.188140e-06	9.386270e-09	8.581772e+00	6.152148e+02
2.340000e-06	1.034653e-06	9.012779e-09	7.473156e+00	5.906367e+02
2.350000e-06	8.807971e-07	8.623639e-09	6.361878e+00	5.650771e+02
2.360000e-06	7.266476e-07	8.218297e-09	5.248477e+00	5.385378e+02
2.370000e-06	5.722390e-07	7.792717e-09	4.133205e+00	5.109234e+02
2.380000e-06	4.176257e-07	7.347317e-09	3.016454e+00	4.820287e+02
2.390000e-06	2.628772e-07	6.885643e-09	1.898726e+00	4.515724e+02
2.400000e-06	1.080383e-07	6.398414e-09	7.803461e-01	4.192643e+02
2.410000e-06	-4.689075e-08	5.878184e-09	-3.386856e-01	3.848751e+02
2.420000e-06	-2.017971e-07	5.320852e-09	-1.457553e+00	3.482738e+02
2.430000e-06	-3.565886e-07	4.730055e-09	-2.575591e+00	3.094090e+02
2.440000e-06	-5.112380e-07	4.102847e-09	-3.692602e+00	2.682340e+02
2.450000e-06	-6.657266e-07	3.433876e-09	-4.808453e+00	2.246053e+02
2.460000e-06	-8.199811e-07	2.719665e-09	-5.922612e+00	1.782017e+02
2.470000e-06	-9.739090e-07	1.958338e-09	-7.034412e+00	1.285133e+02
2.480000e-06	-1.127515e-06	1.145684e-09	-8.143887e+00	7.493098e+01
2.490000e-06	-1.280703e-06	2.717130e-10	-9.250341e+00	1.692903e+01
2.500000e-06	-1.433341e-06	-6.727539e-10	-1.035283e+01	-4.570267e+01
2.510000e-06	-1.585341e-06	-1.688908e-09	-1.145070e+01	-1.126479e+02
2.520000e-06	-1.736696e-06	-2.763772e-09	-1.254392e+01	-1.829495e+02
2.530000e-06	-1.887392e-06	-3.872480e-09	-1.363238e+01	-2.550416e+02
2.540000e-06	-2.037364e-06	-4.982110e-09	-1.471560e+01	-3.269376e+02
2.550000e-06	-2.186520e-06	-6.054847e-09	-1.579294e+01	-3.965345e+02
2.560000e-06	-2.334766e-06	-7.055956e-09	-1.686370e+01	-4.619553e+02
2.570000e-06	-2.482221e-06	-7.966096e-09	-1.792875e+01	-5.218409e+02
2.580000e-06	-2.628836e-06	-8.783297e-09	-1.898772e+01	-5.755157e+02
2.590000e-06	-2.774371e-06	-9.513198e-09	-2.003890e+01	-6.229943e+02
2.600000e-06	-2.918798e-06	-1.016457e-08	-2.108208e+01	-6.648395e+02
2.610000e-06	-3.062054e-06	-1.074378e-08	-2.211680e+01	-7.019295e+02
2.620000e-06	-3.204082e-06	-1.125808e-08	-2.314265e+01	-7.352059e+02
2.630000e-06	-3.344761e-06	-1.172037e-08	-2.415875e+01	-7.654766e+02
2.640000e-06	-3.484048e-06	-1.214442e-08	-2.516481e+01	-7.933132e+02
2.650000e-06	-3.622003e-06	-1.253609e-08	-2.616124e+01	-8.190514e+02
2.660000e-06	-3.758527e-06	-1.289711e-08	-2.714733e+01	-8.428653e+02
2.670000e-06	-3.893565e-06	-1.323269e-08	-2.812269e+01	-8.648679e+02
2.680000e-06	-4.027040e-06	-1.354639e-08	-2.908677e+01	-8.851945e+02
2.690000e-06	-4.158957e-06	-1.383791e-08	-3.003958e+01	-9.040375e+02
2.700000e-06	-4.289399e-06	-1.410798e-08	-3.098175e+01	-9.216312e+02
2.710000e-06	-4.418297e-06	-1.436113e-08	-3.191276e+01	-9.382039e+02
2.720000e-06	-4.545508e-06	-1.460089e-08	-3.283159e+01	-9.539275e+02
2.730000e-06	-4.670952e-06	-1.483047e-08	-3.373765e+01	-9.688893e+02
2.740000e-06	-4.794670e-06	-1.504796e-08	-3.463125e+01	-9.830986e+02
2.750000e-06	-4.916691e-06	-1.525123e-08	-3.551259e+01	-9.965231e+02
2.760000e-06	-5.036841e-06	-1.544277e-08	-3.638042e+01	-1.009136e+03
2.770000e-06	-5.154927e-06	-1.562485e-08	-3.723334e+01	-1.020953e+03
2.780000e-06	-5.270860e-06	-1.579778e-08	-3.807070e+01	-1.032045e+03
2.790000e-06	-5.384581e-06	-1.595893e-08	-3.889210e+01	-1.042521e+03
2.800000e-06	-5.496034e-06	-1.610789e-08	-3.969711e+01	-1.052494e+03
2.810000e-06	-5.605265e-06	-1.624890e-08	-4.048607e+01	-1.062048e+03
2.820000e-06	-5.712410e-06	-1.638625e-08	-4.125996e+01	-1.071217e+03
2.830000e-06	-5.817495e-06	-1.651745e-08	-4.201898e+01	-1.079988e+03
2.840000e-06	-5.920309e-06	-1.664204e-08	-4.276159e+01	-1.088320e+03
2.850000e-06	-6.020769e-06	-1.676033e-08	-4.348720e+01	-1.096181e+03
2.860000e-06	-6.118997e-06	-1.687550e-08	-4.419668e+01	-1.103566e+03
2.870000e-06	-6.215026e-06	-1.698467e-08	-4.489029e+01	-1.110507e+03
2.880000e-06	-6.308712e-06	-1.708380e-08	-4.556697e+01	-1.117069e+03
2.890000e-06	-6.399946e-06	-1.717495e-08	-4.622594e+01	-1.123319e+03
2.900000e-06	-6.488799e-06	-1.726157e-08	-4.686771e+01	-1.129311e+03
2.910000e-06	-6.575258e-06	-1.734587e-08	-4.749219e+01	-1.135067e+03
2.920000e-06	-6.659215e-06	-1.742719e-08	-4.809861e+01	-1.140578e+03
2.930000e-06	-6.740706e-06	-1.750691e-08	-4.868721e+01	-1.145819e+03
2.940000e-06	-6.819637e-06	-1.758516e-08	-4.925731e+01	-1.150762e+03
2.950000e-06	-6.895767e-06	-1.766058e-08	-4.980719e+01	-1.155397e+03
2.960000e-06	-6.969114e-06	-1.773015e-08	-5.033697e+01	-1.159733e+03
2.970000e-06	-7.039750e-06	-1.779228e-08	-5.084716e+01	-1.163795e+03
2.980000e-06	-7.107691e-06	-1.784453e-08	-5.133788e+01	-1.167613e+03
2.990000e-06	-7.172990e-06	-1.789055e-08	-5.180954e+01	-1.171211e+03
3.000000e-06	-7.235611e-06	-1.793492e-08	-5.226184e+01	-1.174603e+03
3.010000e-06	-7.295462e-06	-1.797943e-08	-5.269413e+01	-1.177794e+03
3.020000e-06	-7.352534e-06	-1.802309e-08	-5.310635e+01	-1.180786e+03
3.030000e-06	-7.406759e-06	-1.806551e-08	-5.349802e+01	-1.183589e+03
3.040000e-06	-7.457988e-06	-1.810697e-08	-5.386803e+01	-1.186217e+03
3.050000e-06	-7.506051e-06	-1.814607e-08	-5.421519e+01	-1.188689e+03
3.060000e-06	-7.551170e-06	-1.818126e-08	-5.454107e+01	-1.191019e+03
3.070000e-06	-7.593712e-06	-1.821014e-08	-5.484835e+01	-1.193206e+03
3.080000e-06	-7.633558e-06	-1.823490e-08	-5.513615e+01	-1.195234e+03
3.090000e-06	-7.670505e-06	-1.825671e-08	-5.540302e+01	-1.197078e+03
3.100000e-06	-7.704642e-06	-1.827835e-08	-5.564958e+01	-1.198714e+03
3.110000e-06	-7.735864e-06	-1.829842e-08	-5.587510e+01	-1.200131e+03
3.120000e-06	-7.764028e-06	-1.831518e-08	-5.607852e+01	-1.201342e+03
3.130000e-06	-7.789333e-06	-1.833149e-08	-5.626129e+01	-1.202373e+03
3.140000e-06	-7.811736e-06	-1.834758e-08	-5.642310e+01	-1.203261e+03
3.150000e-06	-7.831125e-06	-1.835800e-08	-5.656315e+01	-1.204032e+03
3.160000e-06	-7.847633e-06	-1.836176e-08	-5.668239e+01	-1.204694e+03
3.170000e-06	-7.860992e-06	-1.836287e-08	-5.677888e+01	-1.205232e+03
3.180000e-06	-7.871097e-06	-1.836477e-08	-5.685187e+01	-1.205619e+03
3.190000e-06	-7.878217e-06	-1.836643e-08	-5.690329e+01	-1.205828e+03
3.200000e-06	-7.882379e-06	-1.836571e-08	-5.693335e+01	-1.205851e+03
3.210000e-06	-7.883624e-06	-1.836430e-08	-5.694235e+01	-1.205700e+03
