# Temperatura_=_72.17
# Concentracion g/m^3_=_18600.0
# C_Vs_to_Am_M_A/Vsm_=_65563218390.804596
# pendiente_HvsI_1/m_=_3716.3
# ordenada_HvsI_A/m_=_1297.0
# frecuencia_Hz_=_310753.2165813863

Tiempo_(s)	Campo_(V.s)	Magnetizacion_(V.s)	Campo_(kA/m)	Magnetizacion_(A/m)
0.000000e+00	-7.978591e-06	-2.001294e-08	-5.692983e+01	-1.313695e+03
1.000000e-08	-7.975003e-06	-2.001267e-08	-5.690422e+01	-1.313389e+03
2.000000e-08	-7.968688e-06	-2.000740e-08	-5.685917e+01	-1.312892e+03
3.000000e-08	-7.959552e-06	-1.999392e-08	-5.679397e+01	-1.312206e+03
4.000000e-08	-7.947417e-06	-1.997826e-08	-5.670739e+01	-1.311347e+03
5.000000e-08	-7.932277e-06	-1.996230e-08	-5.659936e+01	-1.310339e+03
6.000000e-08	-7.914271e-06	-1.995056e-08	-5.647088e+01	-1.309200e+03
7.000000e-08	-7.893747e-06	-1.994283e-08	-5.632444e+01	-1.307932e+03
8.000000e-08	-7.870568e-06	-1.993845e-08	-5.615905e+01	-1.306526e+03
9.000000e-08	-7.844167e-06	-1.995801e-08	-5.597067e+01	-1.304965e+03
1.000000e-07	-7.814396e-06	-1.993358e-08	-5.575824e+01	-1.303239e+03
1.100000e-07	-7.781506e-06	-1.986226e-08	-5.552356e+01	-1.301353e+03
1.200000e-07	-7.745651e-06	-1.981487e-08	-5.526772e+01	-1.299332e+03
1.300000e-07	-7.707160e-06	-1.978248e-08	-5.499308e+01	-1.297217e+03
1.400000e-07	-7.666285e-06	-1.974047e-08	-5.470143e+01	-1.295052e+03
1.500000e-07	-7.622862e-06	-1.965715e-08	-5.439159e+01	-1.292867e+03
1.600000e-07	-7.576614e-06	-1.967335e-08	-5.406159e+01	-1.290673e+03
1.700000e-07	-7.527388e-06	-1.966114e-08	-5.371035e+01	-1.288452e+03
1.800000e-07	-7.475192e-06	-1.957822e-08	-5.333791e+01	-1.286167e+03
1.900000e-07	-7.420052e-06	-1.958067e-08	-5.294447e+01	-1.283766e+03
2.000000e-07	-7.362049e-06	-1.949168e-08	-5.253060e+01	-1.281199e+03
2.100000e-07	-7.301247e-06	-1.944023e-08	-5.209675e+01	-1.278423e+03
2.200000e-07	-7.237630e-06	-1.939029e-08	-5.164283e+01	-1.275403e+03
2.300000e-07	-7.171169e-06	-1.933837e-08	-5.116861e+01	-1.272115e+03
2.400000e-07	-7.101826e-06	-1.932196e-08	-5.067383e+01	-1.268538e+03
2.500000e-07	-7.029631e-06	-1.921300e-08	-5.015869e+01	-1.264657e+03
2.600000e-07	-6.954521e-06	-1.916599e-08	-4.962276e+01	-1.260460e+03
2.700000e-07	-6.876504e-06	-1.909304e-08	-4.906608e+01	-1.255943e+03
2.800000e-07	-6.795710e-06	-1.899995e-08	-4.848959e+01	-1.251116e+03
2.900000e-07	-6.712316e-06	-1.890728e-08	-4.789454e+01	-1.245998e+03
3.000000e-07	-6.626504e-06	-1.884163e-08	-4.728225e+01	-1.240619e+03
3.100000e-07	-6.538221e-06	-1.879746e-08	-4.665232e+01	-1.235005e+03
3.200000e-07	-6.447392e-06	-1.869738e-08	-4.600423e+01	-1.229175e+03
3.300000e-07	-6.354086e-06	-1.863146e-08	-4.533846e+01	-1.223132e+03
3.400000e-07	-6.258337e-06	-1.851419e-08	-4.465525e+01	-1.216867e+03
3.500000e-07	-6.160183e-06	-1.838870e-08	-4.395490e+01	-1.210364e+03
3.600000e-07	-6.059711e-06	-1.827935e-08	-4.323800e+01	-1.203610e+03
3.700000e-07	-5.956910e-06	-1.816780e-08	-4.250448e+01	-1.196600e+03
3.800000e-07	-5.851780e-06	-1.807042e-08	-4.175434e+01	-1.189342e+03
3.900000e-07	-5.744440e-06	-1.797469e-08	-4.098844e+01	-1.181847e+03
4.000000e-07	-5.634993e-06	-1.789714e-08	-4.020750e+01	-1.174122e+03
4.100000e-07	-5.523379e-06	-1.777590e-08	-3.941110e+01	-1.166157e+03
4.200000e-07	-5.409503e-06	-1.764050e-08	-3.859856e+01	-1.157924e+03
4.300000e-07	-5.293448e-06	-1.748452e-08	-3.777047e+01	-1.149382e+03
4.400000e-07	-5.175317e-06	-1.733203e-08	-3.692756e+01	-1.140488e+03
4.500000e-07	-5.055090e-06	-1.719105e-08	-3.606970e+01	-1.131216e+03
4.600000e-07	-4.932882e-06	-1.705674e-08	-3.519771e+01	-1.121559e+03
4.700000e-07	-4.808832e-06	-1.692637e-08	-3.431257e+01	-1.111536e+03
4.800000e-07	-4.682943e-06	-1.678199e-08	-3.341431e+01	-1.101176e+03
4.900000e-07	-4.555250e-06	-1.662993e-08	-3.250318e+01	-1.090503e+03
5.000000e-07	-4.425846e-06	-1.645363e-08	-3.157984e+01	-1.079518e+03
5.100000e-07	-4.294765e-06	-1.626538e-08	-3.064454e+01	-1.068191e+03
5.200000e-07	-4.161974e-06	-1.606986e-08	-2.969703e+01	-1.056471e+03
5.300000e-07	-4.027544e-06	-1.588609e-08	-2.873783e+01	-1.044298e+03
5.400000e-07	-3.891471e-06	-1.570625e-08	-2.776690e+01	-1.031633e+03
5.500000e-07	-3.753797e-06	-1.552318e-08	-2.678455e+01	-1.018463e+03
5.600000e-07	-3.614632e-06	-1.532434e-08	-2.579157e+01	-1.004812e+03
5.700000e-07	-3.473978e-06	-1.511026e-08	-2.478795e+01	-9.907188e+02
5.800000e-07	-3.331796e-06	-1.488772e-08	-2.377344e+01	-9.762151e+02
5.900000e-07	-3.188224e-06	-1.465553e-08	-2.274901e+01	-9.613017e+02
6.000000e-07	-3.043445e-06	-1.441483e-08	-2.171596e+01	-9.459365e+02
6.100000e-07	-2.897533e-06	-1.416623e-08	-2.067484e+01	-9.300424e+02
6.200000e-07	-2.750532e-06	-1.392043e-08	-1.962594e+01	-9.135318e+02
6.300000e-07	-2.602468e-06	-1.366678e-08	-1.856945e+01	-8.963381e+02
6.400000e-07	-2.453412e-06	-1.339892e-08	-1.750589e+01	-8.784396e+02
6.500000e-07	-2.303530e-06	-1.311392e-08	-1.643643e+01	-8.598629e+02
6.600000e-07	-2.152833e-06	-1.282084e-08	-1.536116e+01	-8.406632e+02
6.700000e-07	-2.001244e-06	-1.252192e-08	-1.427952e+01	-8.208880e+02
6.800000e-07	-1.848859e-06	-1.221294e-08	-1.319220e+01	-8.005382e+02
6.900000e-07	-1.695744e-06	-1.189063e-08	-1.209968e+01	-7.795467e+02
7.000000e-07	-1.542054e-06	-1.155531e-08	-1.100305e+01	-7.577836e+02
7.100000e-07	-1.387884e-06	-1.121143e-08	-9.903004e+00	-7.350892e+02
7.200000e-07	-1.233148e-06	-1.085124e-08	-8.798907e+00	-7.113218e+02
7.300000e-07	-1.077873e-06	-1.047088e-08	-7.690973e+00	-6.863986e+02
7.400000e-07	-9.222338e-07	-1.007007e-08	-6.580436e+00	-6.603103e+02
7.500000e-07	-7.663302e-07	-9.658582e-09	-5.468014e+00	-6.330996e+02
7.600000e-07	-6.101444e-07	-9.233812e-09	-4.353577e+00	-6.048092e+02
7.700000e-07	-4.536916e-07	-8.785650e-09	-3.237236e+00	-5.754208e+02
7.800000e-07	-2.970785e-07	-8.311016e-09	-2.119751e+00	-5.448103e+02
7.900000e-07	-1.403910e-07	-7.813182e-09	-1.001735e+00	-5.127439e+02
8.000000e-07	1.631442e-08	-7.295971e-09	1.164087e-01	-4.789189e+02
8.100000e-07	1.729996e-07	-6.752206e-09	1.234408e+00	-4.430363e+02
8.200000e-07	3.296550e-07	-6.176440e-09	2.352195e+00	-4.048752e+02
8.300000e-07	4.862290e-07	-5.562399e-09	3.469401e+00	-3.643342e+02
8.400000e-07	6.425987e-07	-4.912857e-09	4.585149e+00	-3.214147e+02
8.500000e-07	7.987335e-07	-4.225472e-09	5.699222e+00	-2.761475e+02
8.600000e-07	9.546331e-07	-3.491395e-09	6.811616e+00	-2.284858e+02
8.700000e-07	1.110202e-06	-2.709387e-09	7.921653e+00	-1.782123e+02
8.800000e-07	1.265352e-06	-1.884199e-09	9.028695e+00	-1.249074e+02
8.900000e-07	1.420055e-06	-1.016916e-09	1.013255e+01	-6.801226e+01
9.000000e-07	1.574243e-06	-9.459483e-11	1.123273e+01	-6.986444e+00
9.100000e-07	1.727875e-06	8.949202e-10	1.232895e+01	5.847432e+01
9.200000e-07	1.880941e-06	1.953401e-09	1.342112e+01	1.282243e+02
9.300000e-07	2.033295e-06	3.069859e-09	1.450822e+01	2.015282e+02
9.400000e-07	2.184744e-06	4.226260e-09	1.558886e+01	2.770496e+02
9.500000e-07	2.335202e-06	5.396707e-09	1.666242e+01	3.529873e+02
9.600000e-07	2.484674e-06	6.542472e-09	1.772895e+01	4.273313e+02
9.700000e-07	2.633166e-06	7.621238e-09	1.878849e+01	4.981764e+02
9.800000e-07	2.780661e-06	8.607251e-09	1.984092e+01	5.640131e+02
9.900000e-07	2.927062e-06	9.497722e-09	2.088553e+01	6.239211e+02
1.000000e-06	3.072372e-06	1.030254e-08	2.192236e+01	6.776255e+02
1.010000e-06	3.216557e-06	1.102773e-08	2.295118e+01	7.254129e+02
1.020000e-06	3.359394e-06	1.167645e-08	2.397037e+01	7.679483e+02
1.030000e-06	3.500845e-06	1.225862e-08	2.497966e+01	8.060550e+02
1.040000e-06	3.640879e-06	1.278808e-08	2.597885e+01	8.405208e+02
1.050000e-06	3.779471e-06	1.327011e-08	2.696775e+01	8.719775e+02
1.060000e-06	3.916635e-06	1.370612e-08	2.794645e+01	9.008670e+02
1.070000e-06	4.052240e-06	1.410087e-08	2.891404e+01	9.274788e+02
1.080000e-06	4.186247e-06	1.446514e-08	2.987023e+01	9.520214e+02
1.090000e-06	4.318608e-06	1.481000e-08	3.081467e+01	9.746907e+02
1.100000e-06	4.449372e-06	1.513630e-08	3.174771e+01	9.957047e+02
1.110000e-06	4.578538e-06	1.543821e-08	3.266935e+01	1.015300e+03
1.120000e-06	4.705906e-06	1.571553e-08	3.357816e+01	1.033697e+03
1.130000e-06	4.831529e-06	1.597644e-08	3.447452e+01	1.051068e+03
1.140000e-06	4.955497e-06	1.622575e-08	3.535907e+01	1.067508e+03
1.150000e-06	5.077639e-06	1.646198e-08	3.623059e+01	1.083050e+03
1.160000e-06	5.197726e-06	1.668183e-08	3.708746e+01	1.097690e+03
1.170000e-06	5.315710e-06	1.689111e-08	3.792931e+01	1.111428e+03
1.180000e-06	5.431611e-06	1.709083e-08	3.875630e+01	1.124302e+03
1.190000e-06	5.545316e-06	1.727896e-08	3.956762e+01	1.136396e+03
1.200000e-06	5.656778e-06	1.745246e-08	4.036294e+01	1.147819e+03
1.210000e-06	5.766117e-06	1.761336e-08	4.114311e+01	1.158680e+03
1.220000e-06	5.873390e-06	1.776908e-08	4.190853e+01	1.169053e+03
1.230000e-06	5.978382e-06	1.792077e-08	4.265769e+01	1.178961e+03
1.240000e-06	6.080960e-06	1.806703e-08	4.338962e+01	1.188383e+03
1.250000e-06	6.181220e-06	1.820508e-08	4.410500e+01	1.197277e+03
1.260000e-06	6.279043e-06	1.833575e-08	4.480300e+01	1.205616e+03
1.270000e-06	6.374381e-06	1.846055e-08	4.548327e+01	1.213408e+03
1.280000e-06	6.467406e-06	1.857739e-08	4.614703e+01	1.220709e+03
1.290000e-06	6.558062e-06	1.868294e-08	4.679389e+01	1.227598e+03
1.300000e-06	6.646183e-06	1.878063e-08	4.742267e+01	1.234162e+03
1.310000e-06	6.731823e-06	1.887573e-08	4.803374e+01	1.240455e+03
1.320000e-06	6.814971e-06	1.897137e-08	4.862702e+01	1.246492e+03
1.330000e-06	6.895485e-06	1.906244e-08	4.920151e+01	1.252247e+03
1.340000e-06	6.973331e-06	1.914467e-08	4.975697e+01	1.257673e+03
1.350000e-06	7.048426e-06	1.921963e-08	5.029280e+01	1.262733e+03
1.360000e-06	7.120723e-06	1.929062e-08	5.080866e+01	1.267419e+03
1.370000e-06	7.190337e-06	1.936040e-08	5.130538e+01	1.271762e+03
1.380000e-06	7.257214e-06	1.942506e-08	5.178257e+01	1.275820e+03
1.390000e-06	7.321320e-06	1.948538e-08	5.223999e+01	1.279660e+03
1.400000e-06	7.382814e-06	1.954481e-08	5.267876e+01	1.283328e+03
1.410000e-06	7.441610e-06	1.960386e-08	5.309829e+01	1.286838e+03
1.420000e-06	7.497564e-06	1.965689e-08	5.349755e+01	1.290167e+03
1.430000e-06	7.550570e-06	1.970340e-08	5.387576e+01	1.293275e+03
1.440000e-06	7.600381e-06	1.974828e-08	5.423117e+01	1.296126e+03
1.450000e-06	7.647097e-06	1.979186e-08	5.456451e+01	1.298703e+03
1.460000e-06	7.690965e-06	1.983242e-08	5.487752e+01	1.301024e+03
1.470000e-06	7.731954e-06	1.986805e-08	5.516999e+01	1.303129e+03
1.480000e-06	7.770043e-06	1.990074e-08	5.544177e+01	1.305068e+03
1.490000e-06	7.805209e-06	1.993286e-08	5.569269e+01	1.306877e+03
1.500000e-06	7.837427e-06	1.996267e-08	5.592258e+01	1.308565e+03
1.510000e-06	7.866820e-06	1.998660e-08	5.613231e+01	1.310116e+03
1.520000e-06	7.893247e-06	2.000592e-08	5.632087e+01	1.311492e+03
1.530000e-06	7.916557e-06	2.002413e-08	5.648719e+01	1.312658e+03
1.540000e-06	7.936986e-06	2.004106e-08	5.663296e+01	1.313597e+03
1.550000e-06	7.954461e-06	2.005418e-08	5.675765e+01	1.314314e+03
1.560000e-06	7.968740e-06	2.006430e-08	5.685953e+01	1.314840e+03
1.570000e-06	7.979704e-06	2.007524e-08	5.693777e+01	1.315210e+03
1.580000e-06	7.987492e-06	2.008655e-08	5.699334e+01	1.315454e+03
1.590000e-06	7.992362e-06	2.009180e-08	5.702809e+01	1.315583e+03
1.600000e-06	7.994242e-06	2.008902e-08	5.704150e+01	1.315585e+03
1.610000e-06	7.993215e-06	2.008226e-08	5.703418e+01	1.315436e+03
1.620000e-06	7.989416e-06	2.007103e-08	5.700706e+01	1.315110e+03
1.630000e-06	7.982744e-06	2.006143e-08	5.695946e+01	1.314592e+03
1.640000e-06	7.973228e-06	2.005101e-08	5.689156e+01	1.313886e+03
1.650000e-06	7.960797e-06	2.003930e-08	5.680286e+01	1.313010e+03
1.660000e-06	7.945492e-06	2.002840e-08	5.669366e+01	1.311988e+03
1.670000e-06	7.927636e-06	2.001408e-08	5.656625e+01	1.310834e+03
1.680000e-06	7.907225e-06	1.998589e-08	5.642060e+01	1.309552e+03
1.690000e-06	7.883831e-06	1.991106e-08	5.625368e+01	1.308130e+03
1.700000e-06	7.856772e-06	1.984745e-08	5.606061e+01	1.306551e+03
1.710000e-06	7.825833e-06	1.986104e-08	5.583985e+01	1.304807e+03
1.720000e-06	7.791733e-06	1.985826e-08	5.559654e+01	1.302905e+03
1.730000e-06	7.755086e-06	1.982431e-08	5.533505e+01	1.300872e+03
1.740000e-06	7.716061e-06	1.981137e-08	5.505659e+01	1.298749e+03
1.750000e-06	7.674972e-06	1.982332e-08	5.476340e+01	1.296580e+03
1.760000e-06	7.631620e-06	1.969417e-08	5.445407e+01	1.294395e+03
1.770000e-06	7.585328e-06	1.969395e-08	5.412377e+01	1.292199e+03
1.780000e-06	7.536093e-06	1.971294e-08	5.377246e+01	1.289973e+03
1.790000e-06	7.483691e-06	1.962734e-08	5.339855e+01	1.287678e+03
1.800000e-06	7.428075e-06	1.966391e-08	5.300171e+01	1.285262e+03
1.810000e-06	7.369700e-06	1.956307e-08	5.258519e+01	1.282674e+03
1.820000e-06	7.308412e-06	1.958381e-08	5.214788e+01	1.279873e+03
1.830000e-06	7.244277e-06	1.951902e-08	5.169026e+01	1.276825e+03
1.840000e-06	7.177316e-06	1.944141e-08	5.121247e+01	1.273507e+03
1.850000e-06	7.107444e-06	1.946939e-08	5.071391e+01	1.269898e+03
1.860000e-06	7.034700e-06	1.935199e-08	5.019486e+01	1.265983e+03
1.870000e-06	6.958996e-06	1.934183e-08	4.965469e+01	1.261751e+03
1.880000e-06	6.880480e-06	1.924267e-08	4.909445e+01	1.257200e+03
1.890000e-06	6.799300e-06	1.918674e-08	4.851520e+01	1.252340e+03
1.900000e-06	6.715569e-06	1.910078e-08	4.791776e+01	1.247193e+03
1.910000e-06	6.629244e-06	1.897494e-08	4.730180e+01	1.241788e+03
1.920000e-06	6.540327e-06	1.892650e-08	4.666734e+01	1.236150e+03
1.930000e-06	6.448977e-06	1.877479e-08	4.601554e+01	1.230297e+03
1.940000e-06	6.355190e-06	1.873753e-08	4.534633e+01	1.224230e+03
1.950000e-06	6.259020e-06	1.864211e-08	4.466013e+01	1.217941e+03
1.960000e-06	6.160496e-06	1.855948e-08	4.395713e+01	1.211411e+03
1.970000e-06	6.059591e-06	1.845776e-08	4.323714e+01	1.204629e+03
1.980000e-06	5.956299e-06	1.832574e-08	4.250012e+01	1.197592e+03
1.990000e-06	5.850738e-06	1.821483e-08	4.174690e+01	1.190308e+03
2.000000e-06	5.742985e-06	1.805315e-08	4.097806e+01	1.182788e+03
2.010000e-06	5.633078e-06	1.794764e-08	4.019383e+01	1.175038e+03
2.020000e-06	5.521006e-06	1.781335e-08	3.939417e+01	1.167045e+03
2.030000e-06	5.406675e-06	1.772518e-08	3.857837e+01	1.158781e+03
2.040000e-06	5.290124e-06	1.760680e-08	3.774674e+01	1.150203e+03
2.050000e-06	5.171496e-06	1.747310e-08	3.690030e+01	1.141270e+03
2.060000e-06	5.050860e-06	1.731401e-08	3.603952e+01	1.131956e+03
2.070000e-06	4.928301e-06	1.713949e-08	3.516502e+01	1.122258e+03
2.080000e-06	4.803896e-06	1.697362e-08	3.427735e+01	1.112197e+03
2.090000e-06	4.677623e-06	1.680956e-08	3.337635e+01	1.101803e+03
2.100000e-06	4.549533e-06	1.665992e-08	3.246239e+01	1.091097e+03
2.110000e-06	4.419745e-06	1.650261e-08	3.153631e+01	1.080077e+03
2.120000e-06	4.288277e-06	1.634646e-08	3.059824e+01	1.068711e+03
2.130000e-06	4.155124e-06	1.616270e-08	2.964815e+01	1.056944e+03
2.140000e-06	4.020492e-06	1.596543e-08	2.868751e+01	1.044720e+03
2.150000e-06	3.884305e-06	1.574577e-08	2.771577e+01	1.032000e+03
2.160000e-06	3.746363e-06	1.553759e-08	2.673151e+01	1.018778e+03
2.170000e-06	3.606785e-06	1.532830e-08	2.573558e+01	1.005077e+03
2.180000e-06	3.465811e-06	1.512427e-08	2.472968e+01	9.909383e+02
2.190000e-06	3.323586e-06	1.490801e-08	2.371486e+01	9.763912e+02
2.200000e-06	3.180073e-06	1.468418e-08	2.269085e+01	9.614320e+02
2.210000e-06	3.035308e-06	1.444844e-08	2.165791e+01	9.460140e+02
2.220000e-06	2.889373e-06	1.419507e-08	2.061661e+01	9.300577e+02
2.230000e-06	2.742289e-06	1.393320e-08	1.956712e+01	9.134763e+02
2.240000e-06	2.594091e-06	1.366184e-08	1.850968e+01	8.962071e+02
2.250000e-06	2.444910e-06	1.339233e-08	1.744523e+01	8.782337e+02
2.260000e-06	2.294870e-06	1.311258e-08	1.637464e+01	8.595871e+02
2.270000e-06	2.144036e-06	1.282538e-08	1.529839e+01	8.403239e+02
2.280000e-06	1.992465e-06	1.252322e-08	1.421688e+01	8.204880e+02
2.290000e-06	1.840202e-06	1.221067e-08	1.313044e+01	8.000738e+02
2.300000e-06	1.687304e-06	1.188559e-08	1.203946e+01	7.790065e+02
2.310000e-06	1.533763e-06	1.154799e-08	1.094389e+01	7.571511e+02
2.320000e-06	1.379557e-06	1.119668e-08	9.843588e+00	7.343475e+02
2.330000e-06	1.224735e-06	1.082942e-08	8.738879e+00	7.104588e+02
2.340000e-06	1.069403e-06	1.044697e-08	7.630534e+00	6.854098e+02
2.350000e-06	9.136553e-07	1.004937e-08	6.519226e+00	6.591985e+02
2.360000e-06	7.575645e-07	9.635311e-09	5.405468e+00	6.318704e+02
2.370000e-06	6.012241e-07	9.206199e-09	4.289928e+00	6.034647e+02
2.380000e-06	4.446427e-07	8.758578e-09	3.172669e+00	5.739531e+02
2.390000e-06	2.879027e-07	8.290409e-09	2.054279e+00	5.431994e+02
2.400000e-06	1.310663e-07	7.795720e-09	9.352003e-01	5.109595e+02
2.410000e-06	-2.585876e-08	7.270252e-09	-1.845106e-01	4.769273e+02
2.420000e-06	-1.827420e-07	6.714245e-09	-1.303923e+00	4.408090e+02
2.430000e-06	-3.395599e-07	6.127823e-09	-2.422870e+00	4.023954e+02
2.440000e-06	-4.962444e-07	5.509521e-09	-3.540864e+00	3.615980e+02
2.450000e-06	-6.527208e-07	4.855444e-09	-4.657374e+00	3.184258e+02
2.460000e-06	-8.089816e-07	4.166095e-09	-5.772345e+00	2.729064e+02
2.470000e-06	-9.649167e-07	3.437824e-09	-6.884992e+00	2.249787e+02
2.480000e-06	-1.120455e-06	2.667859e-09	-7.994808e+00	1.744036e+02
2.490000e-06	-1.275544e-06	1.846635e-09	-9.101422e+00	1.207419e+02
2.500000e-06	-1.430053e-06	9.683238e-10	-1.020389e+01	6.342755e+01
2.510000e-06	-1.583902e-06	2.905218e-11	-1.130165e+01	1.934622e+00
2.520000e-06	-1.737108e-06	-9.732512e-10	-1.239483e+01	-6.400249e+01
2.530000e-06	-1.889659e-06	-2.037805e-09	-1.348333e+01	-1.341797e+02
2.540000e-06	-2.041500e-06	-3.156568e-09	-1.456676e+01	-2.077951e+02
2.550000e-06	-2.192523e-06	-4.309122e-09	-1.564436e+01	-2.834536e+02
2.560000e-06	-2.342744e-06	-5.468812e-09	-1.671624e+01	-3.593177e+02
2.570000e-06	-2.492156e-06	-6.604108e-09	-1.778234e+01	-4.333734e+02
2.580000e-06	-2.640678e-06	-7.685707e-09	-1.884209e+01	-5.037450e+02
2.590000e-06	-2.788181e-06	-8.687377e-09	-1.989458e+01	-5.689792e+02
2.600000e-06	-2.934402e-06	-9.594550e-09	-2.093791e+01	-6.282249e+02
2.610000e-06	-3.079365e-06	-1.040761e-08	-2.197226e+01	-6.812733e+02
2.620000e-06	-3.223160e-06	-1.113365e-08	-2.299829e+01	-7.284617e+02
2.630000e-06	-3.365766e-06	-1.178298e-08	-2.401583e+01	-7.704827e+02
2.640000e-06	-3.507079e-06	-1.236510e-08	-2.502414e+01	-8.081639e+02
2.650000e-06	-3.646937e-06	-1.288887e-08	-2.602208e+01	-8.422806e+02
2.660000e-06	-3.785283e-06	-1.336543e-08	-2.700922e+01	-8.734445e+02
2.670000e-06	-3.922110e-06	-1.380394e-08	-2.798552e+01	-9.020784e+02
2.680000e-06	-4.057444e-06	-1.420767e-08	-2.895117e+01	-9.284594e+02
2.690000e-06	-4.191311e-06	-1.457746e-08	-2.990636e+01	-9.527919e+02
2.700000e-06	-4.323622e-06	-1.491791e-08	-3.085044e+01	-9.752731e+02
2.710000e-06	-4.454204e-06	-1.523944e-08	-3.178219e+01	-9.961239e+02
2.720000e-06	-4.583112e-06	-1.554395e-08	-3.270198e+01	-1.015581e+03
2.730000e-06	-4.710376e-06	-1.582764e-08	-3.361006e+01	-1.033862e+03
2.740000e-06	-4.835909e-06	-1.609017e-08	-3.450578e+01	-1.051129e+03
2.750000e-06	-4.959634e-06	-1.633757e-08	-3.538859e+01	-1.067473e+03
2.760000e-06	-5.081457e-06	-1.657351e-08	-3.625784e+01	-1.082919e+03
2.770000e-06	-5.201337e-06	-1.679479e-08	-3.711322e+01	-1.097462e+03
2.780000e-06	-5.319183e-06	-1.700163e-08	-3.795409e+01	-1.111105e+03
2.790000e-06	-5.434793e-06	-1.719549e-08	-3.877900e+01	-1.123891e+03
2.800000e-06	-5.548102e-06	-1.738129e-08	-3.958750e+01	-1.135907e+03
2.810000e-06	-5.659099e-06	-1.755989e-08	-4.037950e+01	-1.147265e+03
2.820000e-06	-5.767801e-06	-1.772758e-08	-4.115513e+01	-1.158072e+03
2.830000e-06	-5.874401e-06	-1.788315e-08	-4.191575e+01	-1.168395e+03
2.840000e-06	-5.978890e-06	-1.802922e-08	-4.266131e+01	-1.178253e+03
2.850000e-06	-6.081023e-06	-1.816761e-08	-4.339007e+01	-1.187620e+03
2.860000e-06	-6.180739e-06	-1.829900e-08	-4.410157e+01	-1.196456e+03
2.870000e-06	-6.278154e-06	-1.842243e-08	-4.479666e+01	-1.204735e+03
2.880000e-06	-6.373260e-06	-1.853825e-08	-4.547527e+01	-1.212472e+03
2.890000e-06	-6.465927e-06	-1.864824e-08	-4.613648e+01	-1.219724e+03
2.900000e-06	-6.556175e-06	-1.875173e-08	-4.678043e+01	-1.226576e+03
2.910000e-06	-6.644050e-06	-1.884950e-08	-4.740745e+01	-1.233108e+03
2.920000e-06	-6.729341e-06	-1.894152e-08	-4.801602e+01	-1.239374e+03
2.930000e-06	-6.812007e-06	-1.903000e-08	-4.860587e+01	-1.245383e+03
2.940000e-06	-6.892184e-06	-1.911679e-08	-4.917796e+01	-1.251105e+03
2.950000e-06	-6.969658e-06	-1.919943e-08	-4.973077e+01	-1.256494e+03
2.960000e-06	-7.044272e-06	-1.927643e-08	-5.026316e+01	-1.261514e+03
2.970000e-06	-7.116129e-06	-1.934678e-08	-5.077588e+01	-1.266161e+03
2.980000e-06	-7.185241e-06	-1.941112e-08	-5.126901e+01	-1.270470e+03
2.990000e-06	-7.251628e-06	-1.946973e-08	-5.174271e+01	-1.274503e+03
3.000000e-06	-7.315373e-06	-1.952417e-08	-5.219755e+01	-1.278323e+03
3.010000e-06	-7.376352e-06	-1.957620e-08	-5.263266e+01	-1.281974e+03
3.020000e-06	-7.434487e-06	-1.962683e-08	-5.304747e+01	-1.285466e+03
3.030000e-06	-7.489803e-06	-1.967595e-08	-5.344216e+01	-1.288773e+03
3.040000e-06	-7.542126e-06	-1.972337e-08	-5.381551e+01	-1.291856e+03
3.050000e-06	-7.591248e-06	-1.976418e-08	-5.416601e+01	-1.294677e+03
3.060000e-06	-7.637273e-06	-1.979863e-08	-5.449441e+01	-1.297226e+03
3.070000e-06	-7.680609e-06	-1.982848e-08	-5.480363e+01	-1.299522e+03
3.080000e-06	-7.721304e-06	-1.985551e-08	-5.509400e+01	-1.301607e+03
3.090000e-06	-7.759107e-06	-1.988109e-08	-5.536374e+01	-1.303531e+03
3.100000e-06	-7.794016e-06	-1.990913e-08	-5.561283e+01	-1.305327e+03
3.110000e-06	-7.826045e-06	-1.993651e-08	-5.584136e+01	-1.307002e+03
3.120000e-06	-7.855015e-06	-1.995733e-08	-5.604807e+01	-1.308536e+03
3.130000e-06	-7.880990e-06	-1.997511e-08	-5.623341e+01	-1.309891e+03
3.140000e-06	-7.903998e-06	-1.999231e-08	-5.639758e+01	-1.311034e+03
3.150000e-06	-7.923977e-06	-2.000458e-08	-5.654014e+01	-1.311948e+03
3.160000e-06	-7.941022e-06	-2.000901e-08	-5.666176e+01	-1.312644e+03
3.170000e-06	-7.954972e-06	-2.001004e-08	-5.676130e+01	-1.313151e+03
3.180000e-06	-7.965711e-06	-2.001252e-08	-5.683792e+01	-1.313507e+03
3.190000e-06	-7.973334e-06	-2.001743e-08	-5.689231e+01	-1.313739e+03
3.200000e-06	-7.977899e-06	-2.001982e-08	-5.692489e+01	-1.313855e+03
3.210000e-06	-7.979545e-06	-2.001831e-08	-5.693663e+01	-1.313843e+03
