# Temperatura_=_36.08
# Concentracion g/m^3_=_20500.0
# C_Vs_to_Am_M_A/Vsm_=_65563218390.804596
# pendiente_HvsI_1/m_=_3716.3
# ordenada_HvsI_A/m_=_1297.0
# frecuencia_Hz_=_312025.6367236239

Tiempo_(s)	Campo_(V.s)	Magnetizacion_(V.s)	Campo_(kA/m)	Magnetizacion_(A/m)
0.000000e+00	-7.435584e-06	-1.040439e-08	-5.681854e+01	-6.814512e+02
1.000000e-08	-7.432453e-06	-1.040954e-08	-5.679462e+01	-6.814802e+02
2.000000e-08	-7.426724e-06	-1.040822e-08	-5.675084e+01	-6.813505e+02
3.000000e-08	-7.418537e-06	-1.040275e-08	-5.668828e+01	-6.810541e+02
4.000000e-08	-7.407636e-06	-1.039651e-08	-5.660498e+01	-6.805899e+02
5.000000e-08	-7.393867e-06	-1.038662e-08	-5.649977e+01	-6.799658e+02
6.000000e-08	-7.377248e-06	-1.037233e-08	-5.637277e+01	-6.791986e+02
7.000000e-08	-7.358126e-06	-1.035553e-08	-5.622665e+01	-6.783109e+02
8.000000e-08	-7.336639e-06	-1.032708e-08	-5.606246e+01	-6.773259e+02
9.000000e-08	-7.312302e-06	-1.037003e-08	-5.587649e+01	-6.762608e+02
1.000000e-07	-7.284698e-06	-1.038430e-08	-5.566556e+01	-6.751219e+02
1.100000e-07	-7.254089e-06	-1.031458e-08	-5.543165e+01	-6.739024e+02
1.200000e-07	-7.220750e-06	-1.027893e-08	-5.517690e+01	-6.725846e+02
1.300000e-07	-7.184764e-06	-1.026048e-08	-5.490191e+01	-6.711466e+02
1.400000e-07	-7.146490e-06	-1.021912e-08	-5.460945e+01	-6.695713e+02
1.500000e-07	-7.106032e-06	-1.010617e-08	-5.430029e+01	-6.678545e+02
1.600000e-07	-7.063024e-06	-1.016830e-08	-5.397165e+01	-6.660093e+02
1.700000e-07	-7.017305e-06	-1.017987e-08	-5.362229e+01	-6.640641e+02
1.800000e-07	-6.969049e-06	-1.006397e-08	-5.325354e+01	-6.620552e+02
1.900000e-07	-6.917896e-06	-1.014628e-08	-5.286266e+01	-6.600145e+02
2.000000e-07	-6.863774e-06	-1.005132e-08	-5.244909e+01	-6.579579e+02
2.100000e-07	-6.806969e-06	-9.980326e-09	-5.201502e+01	-6.558770e+02
2.200000e-07	-6.747409e-06	-9.959648e-09	-5.155989e+01	-6.537387e+02
2.300000e-07	-6.685297e-06	-9.882505e-09	-5.108527e+01	-6.514917e+02
2.400000e-07	-6.620614e-06	-9.904448e-09	-5.059100e+01	-6.490793e+02
2.500000e-07	-6.553257e-06	-9.820710e-09	-5.007630e+01	-6.464540e+02
2.600000e-07	-6.483378e-06	-9.807573e-09	-4.954232e+01	-6.435887e+02
2.700000e-07	-6.410888e-06	-9.749970e-09	-4.898839e+01	-6.404825e+02
2.800000e-07	-6.335706e-06	-9.691309e-09	-4.841389e+01	-6.371570e+02
2.900000e-07	-6.257782e-06	-9.633784e-09	-4.781844e+01	-6.336469e+02
3.000000e-07	-6.177164e-06	-9.545587e-09	-4.720241e+01	-6.299880e+02
3.100000e-07	-6.094113e-06	-9.544514e-09	-4.656778e+01	-6.262053e+02
3.200000e-07	-6.008899e-06	-9.463028e-09	-4.591662e+01	-6.223074e+02
3.300000e-07	-5.921543e-06	-9.426807e-09	-4.524910e+01	-6.182863e+02
3.400000e-07	-5.831896e-06	-9.359986e-09	-4.456406e+01	-6.141241e+02
3.500000e-07	-5.739933e-06	-9.270591e-09	-4.386133e+01	-6.098018e+02
3.600000e-07	-5.645732e-06	-9.203991e-09	-4.314150e+01	-6.053069e+02
3.700000e-07	-5.549334e-06	-9.125474e-09	-4.240488e+01	-6.006379e+02
3.800000e-07	-5.450756e-06	-9.067274e-09	-4.165160e+01	-5.958037e+02
3.900000e-07	-5.350104e-06	-8.974057e-09	-4.088248e+01	-5.908178e+02
4.000000e-07	-5.247407e-06	-8.916825e-09	-4.009772e+01	-5.856923e+02
4.100000e-07	-5.142728e-06	-8.837791e-09	-3.929783e+01	-5.804314e+02
4.200000e-07	-5.036067e-06	-8.759948e-09	-3.848279e+01	-5.750294e+02
4.300000e-07	-4.927405e-06	-8.667088e-09	-3.765245e+01	-5.694723e+02
4.400000e-07	-4.816841e-06	-8.569241e-09	-3.680758e+01	-5.637420e+02
4.500000e-07	-4.704460e-06	-8.484667e-09	-3.594883e+01	-5.578220e+02
4.600000e-07	-4.590226e-06	-8.392021e-09	-3.507592e+01	-5.517018e+02
4.700000e-07	-4.474005e-06	-8.303129e-09	-3.418782e+01	-5.453775e+02
4.800000e-07	-4.355875e-06	-8.196411e-09	-3.328514e+01	-5.388509e+02
4.900000e-07	-4.236044e-06	-8.102443e-09	-3.236946e+01	-5.321260e+02
5.000000e-07	-4.114625e-06	-7.997280e-09	-3.144164e+01	-5.252053e+02
5.100000e-07	-3.991562e-06	-7.890835e-09	-3.050126e+01	-5.180882e+02
5.200000e-07	-3.866907e-06	-7.767993e-09	-2.954872e+01	-5.107714e+02
5.300000e-07	-3.740778e-06	-7.650814e-09	-2.858491e+01	-5.032504e+02
5.400000e-07	-3.613226e-06	-7.535502e-09	-2.761023e+01	-4.955222e+02
5.500000e-07	-3.484368e-06	-7.415623e-09	-2.662557e+01	-4.875868e+02
5.600000e-07	-3.354190e-06	-7.292600e-09	-2.563083e+01	-4.794460e+02
5.700000e-07	-3.222598e-06	-7.163117e-09	-2.462528e+01	-4.711018e+02
5.800000e-07	-3.089678e-06	-7.038065e-09	-2.360957e+01	-4.625526e+02
5.900000e-07	-2.955554e-06	-6.907581e-09	-2.258468e+01	-4.537914e+02
6.000000e-07	-2.820246e-06	-6.772222e-09	-2.155073e+01	-4.448052e+02
6.100000e-07	-2.683842e-06	-6.622103e-09	-2.050841e+01	-4.355773e+02
6.200000e-07	-2.546418e-06	-6.475391e-09	-1.945829e+01	-4.260911e+02
6.300000e-07	-2.407983e-06	-6.328864e-09	-1.840045e+01	-4.163343e+02
6.400000e-07	-2.268522e-06	-6.178624e-09	-1.733477e+01	-4.063016e+02
6.500000e-07	-2.127961e-06	-6.021009e-09	-1.626068e+01	-3.959944e+02
6.600000e-07	-1.986388e-06	-5.860361e-09	-1.517886e+01	-3.854187e+02
6.700000e-07	-1.844054e-06	-5.698084e-09	-1.409122e+01	-3.745803e+02
6.800000e-07	-1.701016e-06	-5.527695e-09	-1.299821e+01	-3.634811e+02
6.900000e-07	-1.557299e-06	-5.350624e-09	-1.190000e+01	-3.521167e+02
7.000000e-07	-1.412963e-06	-5.168803e-09	-1.079707e+01	-3.404772e+02
7.100000e-07	-1.268078e-06	-4.986852e-09	-9.689933e+00	-3.285504e+02
7.200000e-07	-1.122753e-06	-4.803032e-09	-8.579444e+00	-3.163265e+02
7.300000e-07	-9.770244e-07	-4.616610e-09	-7.465870e+00	-3.038013e+02
7.400000e-07	-8.308760e-07	-4.421793e-09	-6.349086e+00	-2.909778e+02
7.500000e-07	-6.843555e-07	-4.221445e-09	-5.229459e+00	-2.778637e+02
7.600000e-07	-5.376345e-07	-4.017222e-09	-4.108300e+00	-2.644663e+02
7.700000e-07	-3.907620e-07	-3.809574e-09	-2.985983e+00	-2.507868e+02
7.800000e-07	-2.437416e-07	-3.595363e-09	-1.862536e+00	-2.368155e+02
7.900000e-07	-9.664126e-08	-3.376117e-09	-7.384780e-01	-2.225310e+02
8.000000e-07	5.053357e-08	-3.153847e-09	3.861491e-01	-2.079037e+02
8.100000e-07	1.976943e-07	-2.926747e-09	1.510669e+00	-1.929040e+02
8.200000e-07	3.447998e-07	-2.694616e-09	2.634766e+00	-1.775117e+02
8.300000e-07	4.918001e-07	-2.452800e-09	3.758059e+00	-1.617254e+02
8.400000e-07	6.385684e-07	-2.206889e-09	4.879580e+00	-1.455682e+02
8.500000e-07	7.851022e-07	-1.958315e-09	5.999308e+00	-1.290872e+02
8.600000e-07	9.313200e-07	-1.705450e-09	7.116622e+00	-1.123474e+02
8.700000e-07	1.077109e-06	-1.448541e-09	8.230660e+00	-9.542086e+01
8.800000e-07	1.222498e-06	-1.187814e-09	9.341642e+00	-7.837263e+01
8.900000e-07	1.367429e-06	-9.274831e-10	1.044912e+01	-6.124797e+01
9.000000e-07	1.511798e-06	-6.682170e-10	1.155231e+01	-4.406307e+01
9.100000e-07	1.655595e-06	-4.100065e-10	1.265112e+01	-2.680142e+01
9.200000e-07	1.798785e-06	-1.488602e-10	1.374530e+01	-9.416520e+00
9.300000e-07	1.941246e-06	1.163949e-10	1.483391e+01	8.159806e+00
9.400000e-07	2.082905e-06	3.861310e-10	1.591638e+01	2.600565e+01
9.500000e-07	2.223637e-06	6.630842e-10	1.699178e+01	4.419627e+01
9.600000e-07	2.363347e-06	9.511421e-10	1.805936e+01	6.279291e+01
9.700000e-07	2.502084e-06	1.248673e-09	1.911951e+01	8.183495e+01
9.800000e-07	2.639816e-06	1.547878e-09	2.017198e+01	1.013361e+02
9.900000e-07	2.776484e-06	1.848594e-09	2.121632e+01	1.212845e+02
1.000000e-06	2.912109e-06	2.154222e-09	2.225270e+01	1.416446e+02
1.010000e-06	3.046621e-06	2.466480e-09	2.328056e+01	1.623611e+02
1.020000e-06	3.179936e-06	2.784263e-09	2.429928e+01	1.833613e+02
1.030000e-06	3.312006e-06	3.109133e-09	2.530848e+01	2.045570e+02
1.040000e-06	3.442774e-06	3.440249e-09	2.630773e+01	2.258460e+02
1.050000e-06	3.572228e-06	3.769646e-09	2.729695e+01	2.471134e+02
1.060000e-06	3.700264e-06	4.093851e-09	2.827533e+01	2.682342e+02
1.070000e-06	3.826894e-06	4.407549e-09	2.924297e+01	2.890792e+02
1.080000e-06	3.952106e-06	4.713811e-09	3.019977e+01	3.095219e+02
1.090000e-06	4.075825e-06	5.016318e-09	3.114515e+01	3.294476e+02
1.100000e-06	4.198023e-06	5.312055e-09	3.207892e+01	3.487619e+02
1.110000e-06	4.318595e-06	5.597500e-09	3.300027e+01	3.673961e+02
1.120000e-06	4.437487e-06	5.869315e-09	3.390878e+01	3.853086e+02
1.130000e-06	4.554569e-06	6.129853e-09	3.480345e+01	4.024823e+02
1.140000e-06	4.669734e-06	6.380769e-09	3.568347e+01	4.189174e+02
1.150000e-06	4.783018e-06	6.617868e-09	3.654913e+01	4.346236e+02
1.160000e-06	4.894478e-06	6.841294e-09	3.740084e+01	4.496132e+02
1.170000e-06	5.004170e-06	7.056035e-09	3.823904e+01	4.638963e+02
1.180000e-06	5.112010e-06	7.262820e-09	3.906310e+01	4.774817e+02
1.190000e-06	5.217860e-06	7.461436e-09	3.987195e+01	4.903792e+02
1.200000e-06	5.321676e-06	7.647516e-09	4.066525e+01	5.026045e+02
1.210000e-06	5.423442e-06	7.822107e-09	4.144288e+01	5.141825e+02
1.220000e-06	5.523060e-06	7.986896e-09	4.220411e+01	5.251481e+02
1.230000e-06	5.620421e-06	8.146032e-09	4.294809e+01	5.355425e+02
1.240000e-06	5.715604e-06	8.296284e-09	4.367543e+01	5.454077e+02
1.250000e-06	5.808767e-06	8.438298e-09	4.438732e+01	5.547796e+02
1.260000e-06	5.899726e-06	8.575440e-09	4.508238e+01	5.636836e+02
1.270000e-06	5.988353e-06	8.706629e-09	4.575961e+01	5.721331e+02
1.280000e-06	6.074744e-06	8.830090e-09	4.641977e+01	5.801328e+02
1.290000e-06	6.158910e-06	8.944207e-09	4.706292e+01	5.876853e+02
1.300000e-06	6.240727e-06	9.051228e-09	4.768811e+01	5.947977e+02
1.310000e-06	6.320111e-06	9.152688e-09	4.829472e+01	6.014873e+02
1.320000e-06	6.397074e-06	9.249138e-09	4.888283e+01	6.077824e+02
1.330000e-06	6.471400e-06	9.340240e-09	4.945079e+01	6.137197e+02
1.340000e-06	6.543097e-06	9.424750e-09	4.999866e+01	6.193382e+02
1.350000e-06	6.612340e-06	9.505049e-09	5.052777e+01	6.246713e+02
1.360000e-06	6.679011e-06	9.582505e-09	5.103723e+01	6.297422e+02
1.370000e-06	6.743105e-06	9.654449e-09	5.152700e+01	6.345612e+02
1.380000e-06	6.804794e-06	9.723050e-09	5.199840e+01	6.391283e+02
1.390000e-06	6.864006e-06	9.787316e-09	5.245087e+01	6.434385e+02
1.400000e-06	6.920559e-06	9.848705e-09	5.288301e+01	6.474874e+02
1.410000e-06	6.974327e-06	9.906258e-09	5.329387e+01	6.512762e+02
1.420000e-06	7.025061e-06	9.958856e-09	5.368155e+01	6.548133e+02
1.430000e-06	7.072822e-06	1.001058e-08	5.404652e+01	6.581124e+02
1.440000e-06	7.117961e-06	1.006099e-08	5.439144e+01	6.611887e+02
1.450000e-06	7.160457e-06	1.010694e-08	5.471618e+01	6.640542e+02
1.460000e-06	7.200187e-06	1.014667e-08	5.501977e+01	6.667146e+02
1.470000e-06	7.237263e-06	1.018007e-08	5.530309e+01	6.691683e+02
1.480000e-06	7.271650e-06	1.021086e-08	5.556585e+01	6.714091e+02
1.490000e-06	7.303286e-06	1.023993e-08	5.580760e+01	6.734299e+02
1.500000e-06	7.332264e-06	1.026807e-08	5.602903e+01	6.752271e+02
1.510000e-06	7.358441e-06	1.029493e-08	5.622906e+01	6.768037e+02
1.520000e-06	7.381734e-06	1.031860e-08	5.640705e+01	6.781703e+02
1.530000e-06	7.402310e-06	1.033768e-08	5.656428e+01	6.793438e+02
1.540000e-06	7.420098e-06	1.035166e-08	5.670021e+01	6.803446e+02
1.550000e-06	7.434936e-06	1.036190e-08	5.681359e+01	6.811927e+02
1.560000e-06	7.446708e-06	1.037086e-08	5.690354e+01	6.819047e+02
1.570000e-06	7.455414e-06	1.037991e-08	5.697007e+01	6.824918e+02
1.580000e-06	7.461335e-06	1.038765e-08	5.701532e+01	6.829579e+02
1.590000e-06	7.464464e-06	1.039500e-08	5.703922e+01	6.833004e+02
1.600000e-06	7.464762e-06	1.040454e-08	5.704150e+01	6.835111e+02
1.610000e-06	7.462489e-06	1.040263e-08	5.702413e+01	6.835783e+02
1.620000e-06	7.457580e-06	1.039553e-08	5.698662e+01	6.834897e+02
1.630000e-06	7.449936e-06	1.039020e-08	5.692821e+01	6.832358e+02
1.640000e-06	7.439615e-06	1.038225e-08	5.684935e+01	6.828136e+02
1.650000e-06	7.426459e-06	1.037565e-08	5.674882e+01	6.822287e+02
1.660000e-06	7.410616e-06	1.037075e-08	5.662775e+01	6.814958e+02
1.670000e-06	7.392500e-06	1.037405e-08	5.648932e+01	6.806364e+02
1.680000e-06	7.372044e-06	1.036108e-08	5.633301e+01	6.796742e+02
1.690000e-06	7.348506e-06	1.026315e-08	5.615314e+01	6.786285e+02
1.700000e-06	7.321211e-06	1.024962e-08	5.594457e+01	6.775087e+02
1.710000e-06	7.290353e-06	1.027094e-08	5.570876e+01	6.763111e+02
1.720000e-06	7.256795e-06	1.023845e-08	5.545234e+01	6.750203e+02
1.730000e-06	7.221045e-06	1.022648e-08	5.517916e+01	6.736147e+02
1.740000e-06	7.183082e-06	1.031418e-08	5.488906e+01	6.720752e+02
1.750000e-06	7.143084e-06	1.021887e-08	5.458342e+01	6.703937e+02
1.760000e-06	7.100781e-06	1.012261e-08	5.426017e+01	6.685788e+02
1.770000e-06	7.055810e-06	1.022334e-08	5.391652e+01	6.666559e+02
1.780000e-06	7.008253e-06	1.005560e-08	5.355312e+01	6.646600e+02
1.790000e-06	6.957718e-06	1.010758e-08	5.316696e+01	6.626253e+02
1.800000e-06	6.904219e-06	1.006708e-08	5.275815e+01	6.605729e+02
1.810000e-06	6.848012e-06	1.000031e-08	5.232864e+01	6.585007e+02
1.820000e-06	6.789082e-06	1.007960e-08	5.187833e+01	6.563815e+02
1.830000e-06	6.727590e-06	9.953807e-09	5.140845e+01	6.541675e+02
1.840000e-06	6.663409e-06	1.002195e-08	5.091802e+01	6.518019e+02
1.850000e-06	6.596581e-06	9.901690e-09	5.040735e+01	6.492337e+02
1.860000e-06	6.527135e-06	9.859594e-09	4.987669e+01	6.464300e+02
1.870000e-06	6.454959e-06	9.870799e-09	4.932516e+01	6.433833e+02
1.880000e-06	6.380079e-06	9.771905e-09	4.875297e+01	6.401100e+02
1.890000e-06	6.302444e-06	9.807702e-09	4.815972e+01	6.366430e+02
1.900000e-06	6.222330e-06	9.649398e-09	4.754754e+01	6.330189e+02
1.910000e-06	6.139906e-06	9.639432e-09	4.691770e+01	6.292661e+02
1.920000e-06	6.055158e-06	9.555196e-09	4.627010e+01	6.253975e+02
1.930000e-06	5.967991e-06	9.469970e-09	4.560402e+01	6.214091e+02
1.940000e-06	5.878446e-06	9.464330e-09	4.491977e+01	6.172846e+02
1.950000e-06	5.786807e-06	9.355148e-09	4.421952e+01	6.130043e+02
1.960000e-06	5.692947e-06	9.340549e-09	4.350229e+01	6.085535e+02
1.970000e-06	5.596879e-06	9.220773e-09	4.276819e+01	6.039280e+02
1.980000e-06	5.498665e-06	9.176935e-09	4.201770e+01	5.991343e+02
1.990000e-06	5.398412e-06	9.073786e-09	4.125162e+01	5.941855e+02
2.000000e-06	5.296063e-06	8.998751e-09	4.046953e+01	5.890946e+02
2.010000e-06	5.191620e-06	8.929338e-09	3.967143e+01	5.838681e+02
2.020000e-06	5.085252e-06	8.837585e-09	3.885863e+01	5.785029e+02
2.030000e-06	4.976973e-06	8.776426e-09	3.803122e+01	5.729866e+02
2.040000e-06	4.866818e-06	8.669165e-09	3.718948e+01	5.673017e+02
2.050000e-06	4.754723e-06	8.596883e-09	3.633291e+01	5.614309e+02
2.060000e-06	4.640679e-06	8.482403e-09	3.546145e+01	5.553618e+02
2.070000e-06	4.524728e-06	8.398313e-09	3.457542e+01	5.490890e+02
2.080000e-06	4.406914e-06	8.281874e-09	3.367515e+01	5.426131e+02
2.090000e-06	4.287236e-06	8.195056e-09	3.276064e+01	5.359379e+02
2.100000e-06	4.165868e-06	8.085253e-09	3.183322e+01	5.290665e+02
2.110000e-06	4.042889e-06	7.984058e-09	3.089348e+01	5.219992e+02
2.120000e-06	3.918378e-06	7.874886e-09	2.994204e+01	5.147331e+02
2.130000e-06	3.792396e-06	7.755287e-09	2.897935e+01	5.072640e+02
2.140000e-06	3.664888e-06	7.644203e-09	2.800501e+01	4.995882e+02
2.150000e-06	3.535948e-06	7.511520e-09	2.701972e+01	4.917049e+02
2.160000e-06	3.405679e-06	7.396149e-09	2.602428e+01	4.836156e+02
2.170000e-06	3.274185e-06	7.264130e-09	2.501948e+01	4.753227e+02
2.180000e-06	3.141508e-06	7.145289e-09	2.400564e+01	4.668256e+02
2.190000e-06	3.007610e-06	7.009401e-09	2.298246e+01	4.581188e+02
2.200000e-06	2.872465e-06	6.875767e-09	2.194976e+01	4.491908e+02
2.210000e-06	2.736118e-06	6.735136e-09	2.090787e+01	4.400254e+02
2.220000e-06	2.598627e-06	6.592009e-09	1.985725e+01	4.306056e+02
2.230000e-06	2.460177e-06	6.441830e-09	1.879928e+01	4.209177e+02
2.240000e-06	2.320842e-06	6.286926e-09	1.773457e+01	4.109545e+02
2.250000e-06	2.180606e-06	6.130055e-09	1.666296e+01	4.007159e+02
2.260000e-06	2.039457e-06	5.971053e-09	1.558438e+01	3.902072e+02
2.270000e-06	1.897412e-06	5.809501e-09	1.449895e+01	3.794345e+02
2.280000e-06	1.754585e-06	5.644933e-09	1.340755e+01	3.684011e+02
2.290000e-06	1.611097e-06	5.475540e-09	1.231109e+01	3.571042e+02
2.300000e-06	1.467051e-06	5.295426e-09	1.121037e+01	3.455351e+02
2.310000e-06	1.322452e-06	5.112036e-09	1.010543e+01	3.336816e+02
2.320000e-06	1.177350e-06	4.923779e-09	8.996645e+00	3.215331e+02
2.330000e-06	1.031787e-06	4.736829e-09	7.884333e+00	3.090836e+02
2.340000e-06	8.858659e-07	4.544078e-09	6.769288e+00	2.963345e+02
2.350000e-06	7.396265e-07	4.348806e-09	5.651809e+00	2.832927e+02
2.360000e-06	5.931065e-07	4.147198e-09	4.532185e+00	2.699662e+02
2.370000e-06	4.463691e-07	3.939119e-09	3.410901e+00	2.563581e+02
2.380000e-06	2.994988e-07	3.723259e-09	2.288601e+00	2.424618e+02
2.390000e-06	1.525760e-07	3.503068e-09	1.165900e+00	2.282586e+02
2.400000e-06	5.627809e-09	3.280627e-09	4.300454e-02	2.137204e+02
2.410000e-06	-1.413235e-07	3.055255e-09	-1.079915e+00	1.988166e+02
2.420000e-06	-2.882442e-07	2.824418e-09	-2.202600e+00	1.835239e+02
2.430000e-06	-4.350491e-07	2.584207e-09	-3.324400e+00	1.678354e+02
2.440000e-06	-5.817070e-07	2.336908e-09	-4.445077e+00	1.517678e+02
2.450000e-06	-7.281371e-07	2.084955e-09	-5.564013e+00	1.353626e+02
2.460000e-06	-8.742674e-07	1.828553e-09	-6.680658e+00	1.186813e+02
2.470000e-06	-1.020088e-06	1.570358e-09	-7.794936e+00	1.017953e+02
2.480000e-06	-1.165573e-06	1.309793e-09	-8.906648e+00	8.477269e+01
2.490000e-06	-1.310642e-06	1.046245e-09	-1.001519e+01	6.766481e+01
2.500000e-06	-1.455190e-06	7.819925e-10	-1.111974e+01	5.049569e+01
2.510000e-06	-1.599082e-06	5.174233e-10	-1.221928e+01	3.325696e+01
2.520000e-06	-1.742299e-06	2.507157e-10	-1.331367e+01	1.590905e+01
2.530000e-06	-1.884815e-06	-1.860724e-11	-1.440269e+01	-1.611825e+00
2.540000e-06	-2.026572e-06	-2.887176e-10	-1.548592e+01	-1.938247e+01
2.550000e-06	-2.167485e-06	-5.639900e-10	-1.656270e+01	-3.748000e+01
2.560000e-06	-2.307426e-06	-8.480790e-10	-1.763205e+01	-5.597005e+01
2.570000e-06	-2.446472e-06	-1.139835e-09	-1.869456e+01	-7.489798e+01
2.580000e-06	-2.584594e-06	-1.435296e-09	-1.975001e+01	-9.428408e+01
2.590000e-06	-2.721680e-06	-1.737089e-09	-2.079754e+01	-1.141227e+02
2.600000e-06	-2.857587e-06	-2.045692e-09	-2.183607e+01	-1.343839e+02
2.610000e-06	-2.992254e-06	-2.361909e-09	-2.286512e+01	-1.550170e+02
2.620000e-06	-3.125749e-06	-2.681447e-09	-2.388521e+01	-1.759535e+02
2.630000e-06	-3.258036e-06	-3.002838e-09	-2.489608e+01	-1.971089e+02
2.640000e-06	-3.389095e-06	-3.327724e-09	-2.589755e+01	-2.183845e+02
2.650000e-06	-3.518856e-06	-3.653744e-09	-2.688911e+01	-2.396682e+02
2.660000e-06	-3.647312e-06	-3.978084e-09	-2.787071e+01	-2.608373e+02
2.670000e-06	-3.774427e-06	-4.295450e-09	-2.884204e+01	-2.817629e+02
2.680000e-06	-3.900079e-06	-4.605436e-09	-2.980221e+01	-3.023171e+02
2.690000e-06	-4.024284e-06	-4.909382e-09	-3.075131e+01	-3.223814e+02
2.700000e-06	-4.147022e-06	-5.208367e-09	-3.168920e+01	-3.418556e+02
2.710000e-06	-4.268129e-06	-5.500077e-09	-3.261464e+01	-3.606643e+02
2.720000e-06	-4.387494e-06	-5.779615e-09	-3.352675e+01	-3.787593e+02
2.730000e-06	-4.505014e-06	-6.046433e-09	-3.442478e+01	-3.961177e+02
2.740000e-06	-4.620644e-06	-6.301991e-09	-3.530836e+01	-4.127363e+02
2.750000e-06	-4.734266e-06	-6.545166e-09	-3.617659e+01	-4.286232e+02
2.760000e-06	-4.845796e-06	-6.777490e-09	-3.702884e+01	-4.437904e+02
2.770000e-06	-4.955405e-06	-7.000221e-09	-3.786641e+01	-4.582489e+02
2.780000e-06	-5.063172e-06	-7.212949e-09	-3.868991e+01	-4.720075e+02
2.790000e-06	-5.169084e-06	-7.412566e-09	-3.949922e+01	-4.850753e+02
2.800000e-06	-5.273123e-06	-7.600984e-09	-4.029423e+01	-4.974663e+02
2.810000e-06	-5.375096e-06	-7.780123e-09	-4.107346e+01	-5.092028e+02
2.820000e-06	-5.474947e-06	-7.951776e-09	-4.183646e+01	-5.203173e+02
2.830000e-06	-5.572823e-06	-8.115088e-09	-4.258437e+01	-5.308501e+02
2.840000e-06	-5.668605e-06	-8.267468e-09	-4.331628e+01	-5.408434e+02
2.850000e-06	-5.762088e-06	-8.409294e-09	-4.403063e+01	-5.503354e+02
2.860000e-06	-5.853345e-06	-8.543919e-09	-4.472796e+01	-5.593542e+02
2.870000e-06	-5.942484e-06	-8.675440e-09	-4.540911e+01	-5.679161e+02
2.880000e-06	-6.029378e-06	-8.799868e-09	-4.607311e+01	-5.760277e+02
2.890000e-06	-6.113956e-06	-8.916648e-09	-4.671941e+01	-5.836912e+02
2.900000e-06	-6.196233e-06	-9.028298e-09	-4.734812e+01	-5.909120e+02
2.910000e-06	-6.276180e-06	-9.136345e-09	-4.795903e+01	-5.977046e+02
2.920000e-06	-6.353587e-06	-9.234506e-09	-4.855053e+01	-6.040946e+02
2.930000e-06	-6.428331e-06	-9.319060e-09	-4.912168e+01	-6.101173e+02
2.940000e-06	-6.500544e-06	-9.399993e-09	-4.967349e+01	-6.158116e+02
2.950000e-06	-6.570227e-06	-9.484782e-09	-5.020597e+01	-6.212130e+02
2.960000e-06	-6.637371e-06	-9.570231e-09	-5.071905e+01	-6.263475e+02
2.970000e-06	-6.702058e-06	-9.649931e-09	-5.121335e+01	-6.312286e+02
2.980000e-06	-6.764197e-06	-9.722183e-09	-5.168818e+01	-6.358587e+02
2.990000e-06	-6.823697e-06	-9.788369e-09	-5.214285e+01	-6.402333e+02
3.000000e-06	-6.880622e-06	-9.850659e-09	-5.257783e+01	-6.443472e+02
3.010000e-06	-6.934800e-06	-9.906081e-09	-5.299183e+01	-6.482001e+02
3.020000e-06	-6.986011e-06	-9.954686e-09	-5.338316e+01	-6.517985e+02
3.030000e-06	-7.034160e-06	-1.000412e-08	-5.375108e+01	-6.551551e+02
3.040000e-06	-7.079504e-06	-1.005885e-08	-5.409758e+01	-6.582854e+02
3.050000e-06	-7.122454e-06	-1.010996e-08	-5.442578e+01	-6.612024e+02
3.060000e-06	-7.162876e-06	-1.015363e-08	-5.473466e+01	-6.639135e+02
3.070000e-06	-7.200569e-06	-1.019037e-08	-5.502269e+01	-6.664188e+02
3.080000e-06	-7.235587e-06	-1.022219e-08	-5.529027e+01	-6.687131e+02
3.090000e-06	-7.267897e-06	-1.025168e-08	-5.553717e+01	-6.707891e+02
3.100000e-06	-7.297366e-06	-1.027975e-08	-5.576236e+01	-6.726417e+02
3.110000e-06	-7.324054e-06	-1.030444e-08	-5.596629e+01	-6.742723e+02
3.120000e-06	-7.348062e-06	-1.032648e-08	-5.614975e+01	-6.756896e+02
3.130000e-06	-7.369223e-06	-1.034532e-08	-5.631145e+01	-6.769091e+02
3.140000e-06	-7.387576e-06	-1.036237e-08	-5.645169e+01	-6.779507e+02
3.150000e-06	-7.403117e-06	-1.037514e-08	-5.657044e+01	-6.788347e+02
3.160000e-06	-7.415581e-06	-1.038496e-08	-5.666569e+01	-6.795791e+02
3.170000e-06	-7.425084e-06	-1.039602e-08	-5.673830e+01	-6.801963e+02
3.180000e-06	-7.431656e-06	-1.040394e-08	-5.678852e+01	-6.806921e+02
3.190000e-06	-7.435414e-06	-1.040903e-08	-5.681724e+01	-6.810657e+02
3.200000e-06	-7.436544e-06	-1.040713e-08	-5.682588e+01	-6.813099e+02
