3.589733e+02
3.629218e+02
3.628958e+02
3.660424e+02
3.655957e+02
3.692018e+02
3.681870e+02
3.693562e+02
3.625839e+02
3.675246e+02
3.709854e+02
3.673424e+02
3.670070e+02
3.693941e+02
3.703941e+02
3.677656e+02
3.722680e+02
3.714646e+02
3.696459e+02
3.674291e+02
3.682390e+02
3.682790e+02
3.650772e+02
3.726629e+02
3.701869e+02
3.685225e+02
3.693878e+02
3.690308e+02
3.676207e+02
3.701275e+02
3.710291e+02
3.675105e+02
3.712292e+02
3.713324e+02
3.646551e+02
3.714627e+02
3.676913e+02
3.726374e+02
3.701182e+02
3.709509e+02
3.673122e+02
3.708558e+02
3.667486e+02
3.666812e+02
3.724723e+02
3.668129e+02
3.683263e+02
3.693934e+02
3.689846e+02
3.654012e+02
